1567496044059694853 1567496047659533850 0.9999779463426357 -0.006491199562295774 -0.0014039788548874017 -10.086984160485589 0.006493377656641548 0.9999777127736705 0.0015524182923046905 -0.018573706563528927 0.0013938705071534195 -0.001561500620730151 0.9999978094180173 0.21081253754876755
1567496047759442195 1567496050053061700 0.9999915625552795 -0.003281200921527267 -0.0024715458258420973 -10.236789734494218 0.0032660212350242943 0.9999759330837409 -0.006120976932230343 -0.017852148926081078 0.0024915704985069595 0.006112853165675331 0.9999782123139715 0.23862490349743437
1567496050153197956 1567496052253200627 0.9962688508277597 -0.086200222114324 0.004230671079658532 -10.322907082673089 0.08621263205713456 0.9962727006533149 -0.002843942111917844 -0.48918371031111463 -0.0039697536603795595 0.0031980682288062384 0.9999870066233326 0.24453303722570602
1567496052353118844 1567496054358003608 0.9998571619708095 -0.016893810107685387 -0.0005048125641193018 -10.397051552670481 0.01690004602477345 0.9997050372502951 0.01744210253257752 -0.16777409587691375 0.00021000009515408606 -0.017448142492594326 0.9998477475213581 0.2730991087842825
1567496054458108817 1567496056252654048 0.9995245278217806 -0.030693168570039044 0.002940694778735713 -10.330860826580993 0.0307155937424755 0.9994968577316856 -0.00791098511809154 -0.12583824720690487 -0.002696401991109014 0.007997548850909815 0.9999643836800852 0.2512084021237537
1567496056352965658 1567496058052826674 0.9987380091883812 -0.049992340207114364 0.004811956259815208 -10.476128280130512 0.04998557207607612 0.9987487882843725 0.0015167348907747461 -0.32157786579816455 -0.004881760610431134 -0.00127429239882697 0.9999872722151164 0.28069084199906813
1567496058153045691 1567496059952837209 0.9999232197996836 0.01154062198298477 -0.004513152964384831 -10.501942710891143 -0.011522179622826723 0.9999252478112801 0.0040912304132638844 0.07340544962334986 0.004560030939968097 -0.004038914928652037 0.9999814464698994 0.2771783864645157
1567496060052814747 1567496063852673978 0.999972486357699 -0.0016675210675727865 0.007228132615069513 -10.218638338766661 0.0015989010583085754 0.9999537013771044 0.009488868091140202 0.08944650487892725 -0.007243620849933063 -0.009477049948929965 0.9999288552098372 0.3098139384774558
1567496063952509822 1567496067453171285 0.977924272088667 -0.2089279189093922 0.003639060324920541 -9.987942045486509 0.20895940056115875 0.9777995702745635 -0.015619516253883348 -1.2800691117080565 -0.0002949185966154042 0.01603511992705712 0.9998713857051574 0.21031395913109593
1567496067552916525 1567496069552977944 0.9585572818433119 -0.2848702121864632 -0.0041109164433157175 -10.115598429530706 0.28488161378246935 0.9585594215432992 0.002510278725799591 -1.8648932062861623 0.003225454054652468 -0.0035773704625681126 0.9999883993660759 0.21915133603895895
1567496069652920120 1567496071253129049 0.9968755257472348 -0.07847928930282899 0.00895473710970422 -10.205548261240635 0.0785128102283102 0.9969071185416755 -0.003454798256921851 -0.7101594482673524 -0.008655911057445436 0.004147065404058061 0.9999539374652779 0.29480832007507646
1567496071353180724 1567496072754853652 0.9996013754428202 0.028120415458352983 -0.0025164354305898438 -10.22706549698509 -0.0281219891947084 0.9996043232354394 -0.0005921931691496628 0.2404121396585335 0.002498787017612387 0.000662724276398019 0.9999966584244052 0.21080873170783468
1567496072854678887 1567496074154524912 0.9996402843069863 0.02677188172838044 -0.0016026039368434108 -10.350934420901412 -0.02677074624319777 0.9996413358336493 0.0007258362779075496 0.20152479792511635 0.0016214611432248313 -0.0006826722798862457 0.9999984524099687 0.218105761018347
1567496074254517692 1567496075554216312 0.9973840386831028 0.07218979008205818 0.00370318620897081 -10.787100496129518 -0.07219507596667843 0.9973896653225546 0.0013139687703890076 0.48402856050487714 -0.00359866452388372 -0.0015778832885895249 0.9999922799191914 0.24540986395761086
1567496075654311168 1567496076854237624 0.9959275272631084 0.08965917179014528 0.00946537656408985 -10.200271557324557 -0.08969836403772728 0.995961728841992 0.0037997593376110166 0.5870704270273771 -0.009086469531699386 -0.004633313714101708 0.9999479828848504 0.2897979679859136
1567496076953949981 1567496078154076821 0.9919823564264307 0.12630547322381935 0.004234615965000773 -10.116386761589284 -0.1262916086981066 0.9919873449067838 -0.003396633219739241 0.8396534112990396 -0.004629698814007942 0.0028346037627945417 0.9999852653466468 0.29654858572928117
1567496078254001397 1567496079455361544 0.9947369135063411 0.1024597953381238 -0.000680622620315588 -10.096650604811316 -0.10245749022551955 0.9947333507144837 0.0028326088730941754 0.700525301192997 0.0009672665450888962 -0.002747965722124153 0.9999957565309102 0.2538385542703567
1567496079555693494 1567496080755624196 0.9948733675300608 0.10073550792947741 0.0089073015887337 -10.238898461505425 -0.10080795291210747 0.9948729615682455 0.008096108330980642 0.7365760358839798 -0.008046067926191643 -0.008952529398261862 0.9999275538799339 0.27769860435419935
1567496080855726222 1567496082055524270 0.9972833897129835 0.0736268300447504 -0.00222047295623193 -10.522019092818095 -0.07363055738957258 0.9972842276791497 -0.0016462809310585646 0.5162965163923691 0.0020932322109212865 0.0018053032887817258 0.9999961796221768 0.2401609238718047
1567496082155491777 1567496083355884393 0.9975818001787279 0.06948346739919524 0.0016123617357108747 -10.3848280755949 -0.06947761304887327 0.9975775789983515 -0.003440227438817526 0.4310616654184657 -0.0018474948478708817 0.0033198852366712575 0.9999927825363588 0.26646979452733816
1567496083455161245 1567496084660497727 0.9967450356569229 0.08028892442726587 -0.0072816555537012365 -10.253522089004347 -0.08027225093730085 0.9967697031570512 0.0025543291999700966 0.5855307643940811 0.0074632179888533615 -0.0019615000676579428 0.999970226004126 0.22367866772034925
1567496084760413944 1567496085960387316 0.9977927467870793 0.06634563511391538 0.0028091209370864818 -10.40151372838676 -0.06633757333849659 0.9977931039175556 -0.00287195719542866 0.4999898945030312 -0.002993463323246 0.0026792677925010612 0.99999193031816 0.2459751402674372
1567496086060465885 1567496087260286244 0.9973586203847052 0.07263427587796055 0.00021050418251756834 -10.538013772728897 -0.07263457179983318 0.9973528550572408 0.003391384471172259 0.5085537357645779 3.638380785197586e-05 -0.0033977164185214222 0.9999942270830225 0.24435362175624262
1567496087360163393 1567496088560338882 0.9966073691972989 0.08223564196047026 0.003324282327543432 -10.483679019959816 -0.08225108193588021 0.996600029857388 0.004810406286067648 0.5634584391922465 -0.002917393017858365 -0.005067512171628849 0.9999829044230614 0.33326957897640774
1567496088660435441 1567496089860134510 0.9906165723964518 0.13660190223008212 0.004327447357200274 -10.419359755470822 -0.1366006342529362 0.9906260244121565 -0.0005886247225129998 0.9081980708310531 -0.004367289228110834 -8.030648645834759e-06 0.9999904633146861 0.2744034102133824
1567496089960140809 1567496091153992311 0.9932339565372837 0.11611795522956188 -0.0017111559289784684 -10.462996831106794 -0.11611026600360211 0.9932280279276077 0.0040608703024054655 0.8616193956772712 0.0021711079847838 -0.003834711507355437 0.9999902905917584 0.24362011570321077
1567496091254096153 1567496092453933783 0.9963994693349894 0.08427537456781234 0.009260602054035762 -10.052333672130091 -0.0842683481312752 0.9964424367788852 -0.0011470350416760329 0.5540083054302707 -0.009324323684542234 0.0003625294690399965 0.9999564618323231 0.32209056631539196
1567496092554213946 1567496093854156337 0.9955918777838825 0.09369776357266066 -0.004188316159613068 -10.645968613598802 -0.09366215139434586 0.9955717721748261 0.008015475336098678 0.7125295657889922 0.004920801454418963 -0.007587855438967533 0.9999591042452154 0.26710881062469766
1567496093954329498 1567496095259081903 0.9992410263882641 0.038949272324494084 -0.0005704103150324848 -10.493012625234892 -0.03894082987142349 0.9991829181717264 0.010821635863358905 0.36499292028065466 0.0009914390853681346 -0.01079121027626803 0.999941281690743 0.2428020426222922
1567496095359077852 1567496096658862504 0.998340611992047 -0.05645117983461131 0.011370432825209985 -10.143186007737809 0.056569748048899596 0.9983445774908366 -0.010390774770430409 -0.2672612789018091 -0.010765038459585683 0.011016754963512012 0.9998813654914481 0.3254050352548253
1567496096758802134 1567496098152597535 0.9890686382409024 -0.14743076899586105 -0.0027197796942358067 -10.469187182862507 0.1474375503839303 0.989068238100027 0.0024877939022962645 -0.8980068576417463 0.0023232703420794916 -0.0028615965828702903 0.9999932068168883 0.25156745948723747
1567496098252485897 1567496099652461389 0.9685340716030437 -0.2488808360309098 -0.0002856581752215283 -10.366320615942639 0.2488808694259841 0.9685317500755145 0.002135867372111419 -1.5335382740016898 -0.00025490744485155844 -0.0021397551773230184 0.9999976782322962 0.2610284054670113
1567496099752469093 1567496101152686604 0.9758619730142748 -0.2183877588046149 0.0004432030978861122 -10.679874421372782 0.21838539578054117 0.9758370947417305 -0.007055737792315348 -1.642597108442321 0.0011083927397550007 0.006982215287023217 0.9999750097553529 0.2726065028475762
1567496101252523781 1567496102552771182 0.997618832022841 -0.06889602722146786 0.00316281938921321 -10.469327385926483 0.06892634252149639 0.9975636876344975 -0.010763290374264534 -0.5334897779154147 -0.0024135658266073454 0.010955662744450936 0.9999370720969618 0.2871677331306655
1567496102652511160 1567496103952483874 0.9998244317634977 0.018277094776993182 0.0041295829477940625 -10.857290923185202 -0.018280805441432596 0.9998325200110016 0.0008626012224269586 0.16546012355336487 -0.004113125480990143 -0.0009379418794744949 0.9999911011923176 0.27561408026145745
1567496104052522656 1567496105252482680 0.9999394473932888 0.0108813922368756 0.001642208815581808 -10.336967658015482 -0.01089066241136586 0.9999241872381733 0.00574571564888756 0.13058698354565806 -0.0015795629295387984 -0.005763252472647019 0.9999821447915428 0.23513326524837241
1567496105352489354 1567496106552129049 0.9998549770644677 -0.017029171013035953 -0.00017937118983618228 -10.617268477891404 0.017030112940120246 0.9997934027137068 0.011096267092347902 -0.028083998110603168 -9.626097686732634e-06 -0.01109771259074193 0.999938418445155 0.2548823884583306
1567496106652215708 1567496107852489075 0.9994042962954405 -0.03450782008159717 -0.0005127371974137681 -10.89768122940342 0.03450573164722764 0.9993978762414699 -0.0036386051631205566 -0.17962772591167758 0.0006379887984824136 0.0036187452604059685 0.9999932488037314 0.24451800153699746
1567496107952595001 1567496109052376077 0.9997449048759489 -0.02251946996533694 0.0017316602058266462 -10.131298860249524 0.02252431623141953 0.9997422842976506 -0.0028319896947987043 -0.11311160380019529 -0.0016674390229261967 0.0028702717301176137 0.9999944905784783 0.26404569891867474
1567496109151693269 1567496110352647042 0.9999938602706231 -0.0034485640838373896 -0.0006219540422229907 -10.650044336483617 0.0034446695091068617 0.9999751074478586 -0.006157819146079414 0.010821502898975275 0.0006431741941420517 0.0061556389126112745 0.9999808470348605 0.31629316724811507
1567496110452562948 1567496111652409297 0.9999826573188726 0.0021713937148801444 0.00547449639807888 -10.618830660980835 -0.0021219615754177784 0.9999570744804597 -0.009019228101738289 0.02833968471993195 -0.005493845697689318 0.009007455013139952 0.9999443401578125 0.2774331090159344
1567496111752340211 1567496112952611026 0.9999639176046519 -0.0083284559383229 -0.0016734128132401245 -10.416830329382918 0.008345530622821588 0.9999103650564931 0.010469669107638196 -0.008688855728646545 0.001586066639125412 -0.010483256854775944 0.99994379127946 0.2558269566285795
1567496113052584201 1567496114352769748 0.9998305725130868 -0.017737291984792427 0.0049208476105039155 -10.7298352176523 0.017741945159694475 0.9998421910243038 -0.0009035649851688899 -0.14568277587207687 -0.004904044260613861 0.0009907173048684852 0.9999874843362391 0.2858628313468417
1567496114452626030 1567496115752982061 0.9999838937638542 -0.005258684284306657 -0.0021350532758638557 -10.181485680291265 0.005220789298842919 0.9998352800271637 -0.01738263996382249 -0.05778392731910899 0.002226111405543716 0.01737121333162292 0.9998466309266674 0.24944531239063866
1567496115853132695 1567496117352626971 0.9999564822127469 0.009066052300963988 -0.002200085539335751 -10.692549867740732 -0.009045527089788088 0.9999170736142786 0.009166478840900502 0.08384407850573473 0.0022830068707817086 -0.0091461790026794 0.9999555666574845 0.3186316496993535
1567496117452871965 1567496119353476971 0.9745977897290402 0.22291913680526246 0.021591820240330527 -10.390186269760875 -0.22287595325370407 0.9748368072441244 -0.0044168657845465335 1.0071141455711994 -0.02203310501374948 -0.0005076298873980314 0.9997571128005861 0.4139188916835624
1567496119452674875 1567496121652987246 0.7534507597704104 0.6575041445141312 -0.0005025416737137949 -9.247123278118565 -0.6574968089482467 0.7534455709633121 0.0042092539303418145 4.288019274232422 0.003146239702796772 -0.002841046025051548 0.9999910147762482 0.2155273854530725
1567496121752978275 1567496123758788830 0.904547626806632 0.4262925237307072 -0.00826287176508549 -9.745940698592138 -0.4262677560385604 0.9045851106186542 0.004645192019174243 3.682092034477325 0.009454681398715767 -0.0006796016112672768 0.9999550725614237 0.16575531526968423
1567496123858243862 1567496125558649709 0.9966113164795458 0.082254746882506 -0.0002011969341351168 -10.692501776800471 -0.08222456730318324 0.996306218603962 0.024759630507765803 0.6681935701627265 0.002237050896964112 -0.02465918462503928 0.9996934131107015 0.22897787826125954
1567496125658774230 1567496127052570607 0.9991238660519073 0.04182302690795387 -0.0015279743971594087 -10.162433069896142 -0.04182184800487253 0.9991247670624592 0.0007955324328792879 0.35669779118134814 0.0015599086379859172 -0.0007309327269147785 0.9999985162100997 0.22154399644600334
1567496127152729768 1567496128452337152 0.9999743813377449 0.005590572426437697 0.0044701418485632765 -10.271817486687507 -0.0055900766955602485 0.9999843677871686 -0.0001233849321746995 0.050329369403007126 -0.004470761762754225 9.839333544433048e-05 0.9999900012540227 0.2775727744652793
1567496128552164015 1567496129852034408 0.9999753619085763 0.0035449294611734606 0.00605879946302878 -10.553120481717874 -0.003547774388928595 0.9999936013472235 0.00045886980657557753 0.10303291500998751 -0.006057134033778094 -0.00048035375446180123 0.9999815400234033 0.2550700333129069
1567496129952244406 1567496131152123619 0.9999834870094244 0.0024583226958477824 -0.0051944545431046795 -10.226682442930521 -0.0024533138629521264 0.9999965197645575 0.0009704173672530278 0.055546896920453 0.005196822064218568 -0.0009576577154193193 0.9999860378686016 0.19686487129694447
1567496131252079174 1567496132452413875 0.9999449515812855 0.010487084527729356 -0.0003389177108488213 -10.61894552814921 -0.010488021238577366 0.999940818361915 -0.002891571234640434 0.083121423527509 0.0003085735011881394 0.0028949666343655004 0.9999957619663192 0.2610100014601138
1567496132552296153 1567496133652534759 0.9993842029875454 0.035087930311600554 0.0002279592097484759 -10.077500193288074 -0.035087290834652306 0.9993814266351755 -0.002376156250224155 0.24718914560972588 -0.0003111926051705412 0.0023666945492133774 0.9999971509539791 0.24003150518856034
1567496133752634175 1567496134852867187 0.9994721344344221 0.032396348960518684 0.002434966760239902 -10.370503611607216 -0.032412797477458594 0.9994497025277342 0.007050012546602645 0.27616678838323155 -0.0022052321375500014 -0.007125215172205777 0.9999721837431208 0.2629653145617547
1567496134952894935 1567496136052613255 0.9995793673759409 0.02859426922062479 0.004843148155873112 -10.119402003244701 -0.02852766101687462 0.9995044521119758 -0.013304990238794164 0.2034782930102102 -0.005221194616898423 0.013161230036991928 0.9998997555508756 0.27651827563309683
1567496136152526465 1567496137252916318 0.9993358462522064 0.03610500377564192 0.00492900575659533 -10.290184718752862 -0.03607976464611634 0.9993358134361692 -0.005116890360125044 0.25409112811149726 -0.0051104773229701745 0.0049356545905779895 0.9999747608491453 0.2788380022512524
1567496137352866167 1567496138457371798 0.9990288829166881 0.044023223210028155 0.0018019202080794645 -10.738178315260617 -0.04402884745455738 0.9990251010570054 0.003210615184831192 0.32614778121541355 -0.0016588218890498014 -0.0032868337715441895 0.9999932224938867 0.2730434747129054
1567496138557557960 1567496139553109029 0.9982610574793507 0.05873679074692957 0.004985030889554414 -10.126988959094064 -0.05874306791814772 0.9982725042646801 0.0011221411189915765 0.4121679658810618 -0.00491050830185759 -0.0014130257882047888 0.9999869450479585 0.2614459119729149
1567496139652831387 1567496140652875103 0.9988343188305908 0.04749424695201384 -0.008619746672594616 -10.486496624457953 -0.0474757582653103 0.9988696562641929 0.002337128961545115 0.3532316925706026 0.00872100357599721 -0.001925175604987779 0.9999601181024796 0.2282407959068678
1567496140752764549 1567496141752987216 0.998946661263537 0.045512666220165435 0.00584509743081726 -10.584083147495292 -0.04553298176527946 0.9989570809741152 0.0033908617246650023 0.3578946971674453 -0.005684674309625092 -0.0036534347133941438 0.9999771681857503 0.3649001086529952
1567496141852895010 1567496142857408942 0.9994280310519225 0.03331305965073356 0.005818144410828633 -10.358261570168061 -0.03339499260340841 0.9993355295284644 0.014603899858630772 0.29931134872039816 -0.0053277778385445755 -0.014789843770955999 0.9998764300174989 0.29420441711304723
1567496142957263845 1567496143957297738 0.9997726141599652 0.021133687665488638 -0.0028438040395629785 -10.31970896815119 -0.021153413389726095 0.9997510664755263 -0.0070949406637198205 0.16574718587688403 0.0026931538614085476 0.007153483537125324 0.9999707868710863 0.24056682399114093
1567496144057323639 1567496145056813550 0.9998335137541932 0.018178502205424163 -0.0015769690931223782 -10.22341346234538 -0.018173885217248536 0.9998306521621091 0.002894286307087679 0.16589526315685343 0.001629315826833377 -0.0028651447929364236 0.9999945681228848 0.2526551695501551
1567496145157343563 1567496146256936586 0.9999763322913823 0.006301886083213697 -0.0027606319700134133 -10.89683187786438 -0.006295652564255955 0.9999776262838935 0.0022609047812880484 0.11696485021479851 0.0027748181687947487 -0.002243471291111265 0.9999936335900853 0.2922190468402185
1567496146356973934 1567496147457516704 0.9998920775456377 -0.0069317096619114695 0.012953171914009604 -10.499009431422296 0.006994568261300378 0.9999639511601113 -0.004813771400496376 0.0019588336921666097 -0.012919337301462367 0.00490385373162504 0.9999045169126269 0.3713169497383501
1567496147556646934 1567496148757047456 0.9997899047207753 -0.020416019158351676 0.0018255355821375976 -10.981051329424298 0.020410000390089136 0.9997863891725914 0.003256978557668576 -0.0979220767942421 -0.0018916401646027127 -0.0032190350999051934 0.999993029730974 0.30948907978200674
1567496148856855632 1567496150056730073 0.9999509225751994 -0.00773109747471813 0.006195367047145317 -10.253121187534441 0.0077525065711073066 0.9999640348662698 -0.003439130098630745 -0.023982619714546807 -0.006168555979920195 0.003486990938725503 0.9999748945905211 0.3109158513542225
1567496150157303911 1567496151657284064 0.9985595367952151 0.05265125931625825 -0.01032939338723272 -10.309210806528755 -0.052652404052080486 0.9986128871278646 0.0001612752330587694 0.1966240118861719 0.01032355669682143 0.00038282447221779176 0.9999466373875008 0.26399198066086227
1567496151757139175 1567496153557385197 0.8722277252189025 0.48885398545784947 0.015510520991725089 -9.477989548332472 -0.4889442470863812 0.8723116500731676 0.002430717541075575 3.147075886253744 -0.012341742202309056 -0.00970391923971858 0.9998767500801321 0.28357853686637646
1567496153657435402 1567496155658553350 0.9360214527940882 0.3517538906482877 0.011534310687613175 -10.185243172558996 -0.3519070214826948 0.9358914112725678 0.016392514676718047 2.723968721833178 -0.0050287314924414035 -0.019402750321584075 0.9997991023898436 0.29000208172634034
1567496155758575977 1567496157758725526 0.9969412617604145 0.07811824386052041 -0.002379196440435316 -10.17509413140038 -0.07811334874591641 0.9969423032391774 0.002085368042192175 0.6311791018953137 0.002534826868445118 -0.0018931424459311325 0.9999949953196932 0.25816934089895727
1567496157858850429 1567496159958836320 0.9997086929278696 0.02309746251151139 0.007002607369801023 -10.528387103984734 -0.023107299857356992 0.9997321097815781 0.0013271642638313954 0.2554973461098341 -0.0069700773129524295 -0.0014885889997724275 0.9999746007399641 0.290333561859442
1567496160058669089 1567496161852136810 0.9998784666392727 -0.015283778733028948 0.0030753957051717754 -10.34497827538184 0.015304953492638242 0.9998584832273716 -0.006983689344542861 -0.05560423942225587 -0.002968223322414793 0.007029909381545694 0.9999708845883495 0.25575866552252324
1567496161952066830 1567496163652424873 0.9998431377417879 -0.01763080392951706 0.001689574936441724 -10.376988381934702 0.0176321812215355 0.9998442179347701 -0.0008037709796408608 -0.1073045951604273 -0.0016751406024223092 0.0008334357897767276 0.9999982496428489 0.24448291485703835
1567496163752492998 1567496165551834952 0.9993368342159322 -0.007217664622203804 0.03569029415228783 -10.524122518867237 0.006846096446279986 0.9999212042848616 0.010522175866489535 -0.002738271602365728 -0.03576342744653635 -0.010270858723518184 0.9993075035835389 0.3161504152878918
1567496165651824037 1567496167452162664 0.999050630078035 0.007027054075080895 -0.04299370944352457 -10.413634876822462 -0.007161384775839754 0.9999699428036855 -0.0029712046866929498 0.07361090729202759 0.04297153835715788 0.003276278410597154 0.9990709248551877 -0.2394265781533886
1567496167552128713 1567496169351978343 0.9999436977465666 0.005414880970485203 0.009125809608073394 -10.107957472076977 -0.005402832420395946 0.9999845008637358 -0.001344408472229946 0.07168870241629531 -0.009132947977759728 0.0012950275589906554 0.999957455177399 0.2793425802393638
1567496169454857130 1567496171051865800 0.9999691000443066 -0.007166211268668062 0.0032317754624074384 -10.095708138291217 0.007198374935565907 0.9999235573642453 -0.01005300086189339 -0.016358370676815247 -0.0031594864889120567 0.010075953756098035 0.9999442448462037 0.2546514316447604
1567496171151954179 1567496172651894648 0.9999745275479219 -0.0069617716579670865 -0.0015741634918314132 -10.466158736341258 0.006977706246867397 0.9999220457676079 0.01035441951327573 0.02005003794733379 0.0015019556748223368 -0.010365139811251454 0.9999451524987993 0.20807723312506168
1567496172752017989 1567496174152080866 0.9999949040552693 -0.002404084940807689 0.0021005330516052473 -10.453367780939505 0.0024129107877365026 0.9999882296097351 -0.004209335283382345 0.001355675120582647 -0.0020903887279457812 0.004214382231702634 0.9999889345674692 0.21581137776207177
1567496174251436463 1567496175552091064 0.9999387088724265 0.008819063349904437 -0.0066934759415185775 -10.214231262700027 -0.008833927286393806 0.9999585724141371 -0.002194352793285452 0.10200377674896499 0.006673846510673349 0.002253347978689237 0.999975190790075 0.1854475124099612
1567496175651661155 1567496176952385072 0.9999651265179191 0.008234787504870833 -0.001390691465903075 -10.641453459547115 -0.008232608739877322 0.9999648865318687 0.0015652017940138512 0.08670988004198649 0.0014035317380786947 -0.001553698191260394 0.999997808057895 0.2514417010378909
1567496177052441878 1567496178352400599 0.9999828487709526 0.005411829065917886 0.0022392565906089127 -10.486389069165732 -0.005396902101450459 0.999963528960217 -0.006619229346276978 0.04659272303169667 -0.0022749970603626064 0.0066070307697584695 0.9999755854683556 0.2884491336064955
1567496178452244281 1567496179752056753 0.9997096408581017 0.024038143579221752 -0.0016738066270719184 -10.454641010734749 -0.024032646239365005 0.9997059548417015 0.003230444053180007 0.16553721794238294 0.0017509683303127167 -0.0031892800616749608 0.9999933812793992 0.2513404310025803
1567496179852000589 1567496181152441259 0.999708915314086 0.023840645752558436 0.003702465614740036 -10.182977309040545 -0.023846570719424188 0.9997144059907355 0.0015644550211251086 0.18201237095773662 -0.003664110594786161 -0.0016522907403446513 0.9999919220818063 0.27081770296990293
1567496181252240917 1567496182652009036 0.9999979823333138 -0.0015411944863042485 0.0012884288338024484 -10.76306275636493 0.0015364488399368483 0.9999920624334506 0.0036761930126337954 0.09126808688172379 -0.0012940843352139274 -0.003674205990314529 0.9999924127492592 0.2825061185746922
1567496182751998978 1567496184152414938 0.999218862092234 -0.0392837925157616 0.00429526305205892 -10.877836548610158 0.039299961624288435 0.9992204322518903 -0.0037471037743876915 -0.25950178359222037 -0.004144714156305857 0.0039129804426963665 0.9999837548323626 0.27272321083369355
1567496184252310035 1567496185552058874 0.9999660152852977 -0.0077151153043393894 0.0029060747211761924 -10.353128009090865 0.007725984019800181 0.9999631319290645 -0.0037475263235533835 -0.05821323575082833 -0.002877054982114538 0.003769851251796821 0.9999887553248684 0.22918724754779612
1567496185652278713 1567496186951771160 0.9999993581538341 0.0010635028889771087 0.0003907090118861215 -10.567802987558679 -0.0010617631245935825 0.9999896398416652 -0.004426383219954753 0.027218792338264904 -0.0003954124354208715 0.0044259655384764765 0.9999901271902992 0.20616215912226243
1567496187052134312 1567496188351756481 0.9999737442017158 0.0012275642501219002 -0.007141708005122951 -10.935339725889339 -0.0012442336172560713 0.9999965112236653 -0.0023301122746670713 0.033722406798655555 0.007138822726773899 0.0023389370488938635 0.9999717828936795 0.2328189258986445
1567496188451592529 1567496189651880410 0.9998472745795005 -0.0168088995876283 0.004784183378353735 -10.446727123961669 0.01678915890054939 0.9998504938416711 0.0041369201092954664 -0.07766987801615509 -0.004853005188194523 -0.004055965881483461 0.9999799985406811 0.27454582540857597
1567496189752273079 1567496190951145712 0.9999258770352838 -0.011954061803776981 -0.002311026096559729 -10.578988987645324 0.011965529255684015 0.9999158414035872 0.005013603474177061 -0.04132649756662857 0.002250898678057509 -0.005040884501392362 0.9999847613531904 0.2635764232292059
1567496191051629937 1567496192252172811 0.9999920927253729 -0.003554371216225504 0.0017835167487538727 -10.151745317938598 0.003554338888180282 0.9999936830908412 2.129530813314875e-05 0.00021215456714761543 -0.0017835811738707865 -1.4955916807418455e-05 0.9999984093059964 0.2865127369143884
1567496192352062107 1567496193752166749 0.9999949576404136 3.669382793337235e-05 -0.0031754286842855077 -10.305699024980221 -3.56893115907399e-05 0.9999999493097756 0.0003163964742894197 0.02038108027146334 0.003175440133120078 -0.00031628155004092954 0.9999949082600135 0.28561470583392584
1567496193852258369 1567496195658010503 0.9955832627407337 0.09377940544202022 0.004403415204934873 -10.116314118521407 -0.09379614259527984 0.9955843175087177 0.0037616970841419057 0.4334545290525691 -0.004031201405508128 -0.0041581060169402495 0.9999832296441774 0.3379038650395307
1567496195758522892 1567496197958473920 0.8780620078441588 0.4785248885543844 -0.00458709218501462 -9.849177869431314 -0.4785449393434773 0.8780453736883828 -0.0055733987103144715 2.8510803697657274 0.0013606650750123573 0.007088919413535681 0.9999739475666993 0.2762766404192731
1567496198058553522 1567496200158062253 0.8049508410594676 0.5933028134495176 0.006776063056834989 -9.20141219853465 -0.5933095950004685 0.8047366170926118 0.019562760304382594 4.548922516277196 0.00615369466586513 -0.01976736358840586 0.9997856687204174 0.21185021746704952
1567496200258654049 1567496201958446439 0.9569054978241349 0.2902557919730623 0.0091347391889245 -10.217859089360848 -0.2903974765179733 0.9565426699186985 0.026370935834882762 2.3705695709188483 -0.0010834509469600847 -0.027887198692279902 0.9996104892822817 0.23748951234013768
1567496202058235641 1567496203458160816 0.9998978083832419 0.01419505260459071 0.0016950728451033778 -10.176075487615549 -0.014214921893190057 0.9998226958784584 0.012349607358579515 0.25273654959314623 -0.001519468975600333 -0.012372440660333396 0.9999223039447379 0.23521614956119932
1567496203558054670 1567496204958146127 0.9991989781860761 -0.03982722504826232 -0.003897965734341683 -10.758138260182813 0.039819044874245944 0.9992045852363381 -0.002154183834207897 -0.2549053976592266 0.003980660399208834 0.001997245013471604 0.9999900826284032 0.2602090669811259
1567496205058317038 1567496206458731993 0.9999071593353867 -0.011870312545719087 0.006690918465383661 -10.480135562285664 0.011902484952484632 0.9999176936576891 -0.004789233992887232 -0.08759364602483494 -0.0066335180560077485 0.004868427913572871 0.9999661468509085 0.32013653546875726
1567496206558681554 1567496207958086848 0.9999870425667237 0.005063892588421184 -0.0005212394048600416 -10.358139373256643 -0.005065726422345322 0.9999807637886036 -0.0035791714937606117 0.05666290985931576 0.0005031048381889505 0.0035817655731102647 0.9999934588990647 0.25944988995388635
1567496208057966350 1567496209458344739 0.9999606803957158 -0.008397982626824846 -0.002848078359139892 -10.380968145601035 0.008406142911964981 0.9999605622714293 0.0028654254755342908 -0.046780956756447195 0.0028239022440365263 -0.002889254161849972 0.999991838859956 0.25439848349792066
1567496209558315698 1567496210958411561 0.9999917876090657 -0.003876168488824689 0.001183229597433924 -10.147303544932052 0.0038722351506219397 0.9999870293166475 0.003308624095712767 0.0019909315295764027 -0.0011960390345985806 -0.003304015180759778 0.999993826468104 0.28183980732547
1567496211058209751 1567496212559996685 0.9999350972901496 0.008136740599461761 0.00797462599555302 -10.18579514681509 -0.008146690311392726 0.9999660758369359 0.0012159820126267933 0.08182133780498273 -0.00796446133283005 -0.0012808699004339527 0.9999674628346579 0.31253831216986655
1567496212659772119 1567496214159864258 0.9999785078532035 -0.006375715053068631 0.0015277726417337008 -10.194320882730407 0.006378845081978488 0.9999775480976474 -0.002052714311661033 -0.018899934490332587 -0.0015146508187951248 0.0020624156194258766 0.9999967261319972 0.2685032779787405
1567496214260053718 1567496215659445390 0.9999888439382252 0.0036255300097999136 -0.0030277931313825177 -10.262905797430282 -0.0036378424657504166 0.9999850967444919 -0.004070920178969896 0.026978195882616685 0.0030129887641313414 0.004081889397964024 0.9999871299560106 0.2266194490771918
1567496215759589589 1567496217159842012 0.9999656430548018 0.0019950050199384873 0.008045661251484466 -10.61274042672026 -0.0019830643846747266 0.9999969209696 -0.0014918133192562244 0.016526665579905758 -0.008048612653710147 0.0014758070008288392 0.9999665203535898 0.29439111423690617
1567496217259821889 1567496218660189285 0.999996207286444 -0.0025914717047653166 0.0009325701799216471 -10.445794539082431 0.002598243110238138 0.9999697261203104 -0.007334573989714511 -0.009376040779939171 -0.0009135346064431226 0.007336969215821074 0.9999726667950761 0.28933282728263116
1567496218760444046 1567496220160153472 0.9999748594495551 -0.0054635262060973916 -0.004519994496132199 -10.510054346341752 0.005483244822150909 0.9999754544894447 0.00436170205887865 -0.007404962548421773 0.004496053277057654 -0.004386376639704707 0.9999802724078697 0.20428504047119161
1567496220260158692 1567496221660489224 0.99994109336828 -0.010747373462743891 0.0015178132632658221 -10.61693961945328 0.010747433332404157 0.9999422441808715 -3.129365329897253e-05 -0.025703904423175175 -0.0015173892761383924 4.760440675327301e-05 0.9999988476311434 0.24852743313633918
1567496221760308384 1567496223160218588 0.997188619381568 -0.07490456830696315 0.002040348655298356 -10.68623493309245 0.07490745850049238 0.9971895363302267 -0.0013788743628430475 -0.41496557355104197 -0.001931330340630606 0.0015278351544070286 0.999996967836838 0.2708421489780277
1567496223260254549 1567496224559996272 0.9999663018583155 0.007247900840475525 0.00385526668623283 -10.305112786602438 -0.007211945216169364 0.9999311186190021 -0.009259906238815814 -0.027651576709181093 -0.003922116012350446 0.009231790225048437 0.9999496942622845 0.2812211573169925
1567496224660254662 1567496225959875172 0.9989384773774442 0.0460140407424836 0.002150922916456579 -10.82336961910872 -0.046025232699240894 0.998925240920253 0.005480967742970315 0.366300241078255 -0.0018964097194889857 -0.005574146299465726 0.999982666111375 0.24716581761414405
1567496226059559692 1567496227252622888 0.9987362747741726 0.05011684673239903 -0.0037623295713027005 -10.335457326947779 -0.05013944587972689 0.9987231435654449 -0.006174016005132605 0.34507029332000766 0.003448103402728159 0.0063548548652843356 0.9999738628597065 0.2117960448318749
1567496227352745122 1567496228652443929 0.999252983980144 0.035154487866329236 -0.016051043257407072 -10.919066845306174 -0.03491103615330235 0.9992747700928802 0.01520373015153772 0.300840610727821 0.01657388190793168 -0.014632014170095319 0.9997555754282321 0.20831650478747663
1567496228752373986 1567496230051929270 0.9998775443292797 -0.010272316691187484 0.011805755200587385 -10.276357519573404 0.01029874958603824 0.999944589329984 -0.002180373053237941 0.00023941853856424 -0.0117827035532741 0.002301690570678232 0.9999279324618838 0.39429374410015844
1567496230152593047 1567496231752974903 0.9996357624280364 -0.024160243932132883 0.012026017131640372 -10.689592415289013 0.024095049794856493 0.9996943395074556 0.0055367980038087345 -0.1630882280400962 -0.012156111643695334 -0.005245013812326488 0.9999123555491322 0.34550062209460364
1567496231852444298 1567496233552824594 0.9972761504223424 0.07358513724568948 0.005050482682321518 -10.431081192011435 -0.07356281216607738 0.9972805568150944 -0.004472545673021842 0.3246173819353824 -0.005365861068797332 0.004088835422471471 0.999977244221029 0.24382515167895885
1567496233652631289 1567496235252603669 0.976695759304165 0.2145592330696125 -0.005452454662262878 -10.014773529924467 -0.21457821887262962 0.9767016685382712 -0.0031683844479004934 1.4107910026215678 0.0046456154290503305 0.004264525664021509 0.9999801158413854 0.17001727740019415
1567496235352627145 1567496236852880498 0.9838107056943372 0.17850408877374224 0.01589923432982372 -9.95988206344575 -0.17868948538755283 0.9838427677908892 0.011111979009102508 1.2388334589162966 -0.013658813021317044 -0.013773109911058033 0.9998118514351748 0.2941905435634972
1567496236952878233 1567496238452969078 0.99901050070284 0.04435791525871036 -0.0032241028773414586 -10.114857206491838 -0.044355922462037005 0.9990155555028524 0.000687026834289631 0.475603019518045 0.0032514040051015024 -0.0005433389644830137 0.9999945665626209 0.24633036750953885
1567496238553052807 1567496240053108942 0.9921718275149154 0.12486650519184452 -0.0018494774656482103 -10.522776833371264 -0.12487942663216792 0.9921090238578987 -0.011171999988542108 0.6978033807131542 0.00043987468851886696 0.01131550533110753 0.9999358808690519 0.21103380564356788
1567496240153048242 1567496241552871134 0.9882245199971021 0.15299776877745325 0.0019952006477748797 -10.638254228672391 -0.1530023323995246 0.9882229620184617 0.0023798360787122773 1.120959441674241 -0.0016075934838662997 -0.002657082719271819 0.9999951777656801 0.22255694546892044
1567496241652993561 1567496242954811394 0.992019882850132 0.12575571123124343 0.009058317875701327 -10.590350756938788 -0.12583259232038793 0.992015207294473 0.008484527472658829 0.9090242969348784 -0.007919011298417634 -0.009556651569827337 0.9999229768691374 0.2753343279639395
1567496243055091598 1567496244254568909 0.9942028541888764 0.10736507354426032 0.005781496824343633 -10.001669745971938 -0.10732570128477287 0.9942010848473422 -0.0067377097070765585 0.7038071457093268 -0.006471365113024146 0.006078147020323221 0.9999605880045336 0.3073885719654777
1567496244354975767 1567496245654932903 0.9944301561257595 0.10527854362926037 -0.00500927529755764 -10.641753941675608 -0.1052349656756169 0.9944128528849127 0.008287340740018623 0.7535827148688912 0.005853766903198625 -0.0077140306319658574 0.9999531124730073 0.2503943687182071
1567496245754064790 1567496247054953928 0.9947495248640013 0.10118084342477342 0.01535642232799423 -10.372614325846063 -0.10130855442819227 0.9948246491122975 0.007777809350138096 0.733961130729209 -0.01448998214402257 -0.009292709102770419 0.9998518320106323 0.3523784620845986
1567496247154871516 1567496248453220917 0.9967049194826217 0.08108865917305574 -0.0019831370769425997 -10.790120057422596 -0.0810905885409072 0.996706317717687 -0.0009125084911968947 0.589806214335004 0.0019026111634535933 0.001070315454972289 0.9999976172449544 0.2418374377827615
1567496248553164238 1567496249753063898 0.9969859510612173 0.07750505520649893 0.0034611853456157113 -10.37867942603356 -0.07749636285086825 0.9969892996226651 -0.0025787948329898214 0.517700075719936 -0.0036506343894867352 0.0023027929437222645 0.9999906849632231 0.23561940437565257
1567496249853252906 1567496251052930303 0.9973378377662423 0.07281732171917607 -0.003856814412851713 -10.779679055978514 -0.07282688500909891 0.9973417094344782 -0.0023998837876195267 0.5333038407227069 0.003671808769633317 0.002674374687380872 0.9999896827169765 0.21913905255726143
1567496251153127992 1567496252253176627 0.9971102966070167 0.07588282926368514 0.003585055538338068 -10.208404605462158 -0.07587101850816833 0.9971121026408251 -0.0033231487670790814 0.5183274096617925 -0.003826872196426491 0.0030415440377094703 0.9999880519581552 0.26674932902377446
1567496252353121765 1567496253453422746 0.9953516110128604 0.09625361810080986 0.003226678883691019 -10.384914767163396 -0.09626667467172245 0.9953468439749119 0.004169836548703539 0.6589822408734631 -0.0028103027887004923 -0.004461075172778265 0.9999861004066797 0.24864858687817062
1567496253553151881 1567496254652764892 0.9960626171544642 0.08836770802287669 -0.007100062407739045 -10.300527692527652 -0.08830198883121784 0.9960522652354584 0.009090857372741347 0.6542035590893392 0.00787537147453405 -0.008428113555441387 0.9999334704999394 0.2905240896008097
1567496254752203359 1567496255853571973 0.9959133347078167 0.09004108681500878 0.007016582952512683 -10.247038722516878 -0.09001322084621585 0.9959317502311327 -0.0041915336621099215 0.5778145893832197 -0.0073654479868957646 0.0035428190360818138 0.999966598746798 0.3048657818803216
1567496255953456591 1567496257053001854 0.9946771737492764 0.10303999239956871 -0.0002828222953120239 -10.252268386396876 -0.10303848050328102 0.9946717538880254 0.0033426864794559316 0.709981859461441 0.0006257457379542035 -0.003295752360553707 0.9999943732134998 0.2577884019377068
1567496257152906796 1567496258252982497 0.9950349805824412 0.09942359265278264 0.00450961653784662 -10.156623998915336 -0.09942232668148972 0.995045198137381 -0.0005045998302169724 0.6510269222362552 -0.0045374414093968625 5.3737913628004804e-05 0.9999897043158529 0.28931721907570435
1567496258353257209 1567496259553371283 0.9971914523167277 0.07471666286462228 -0.005160205114529821 -10.519048687270192 -0.07466303537670375 0.9971596487848637 0.009902827050089569 0.6206109350814539 0.00588545450977102 -0.00948973791110271 0.9999376512061124 0.2665802459148518
