1566533811899519446 1566533816896614925 0.9998555884475568 -0.01699247262513149 0.00024108977060755175 -10.123716397094741 0.01699257695008274 0.999855520031814 -0.00043748201271053336 -0.06787351521826895 -0.00023362103683955896 0.00044151557173327874 0.9999998752426073 0.18532151021921028
1566533816996571707 1566533823192083009 0.9888630389325926 -0.14882170729559452 -0.0014105568493262286 -10.041596836436248 0.14878677665721765 0.988766247887037 -0.014275928388257732 -0.6550250498749923 0.003519279039309874 0.01390706572269348 0.9998970988046878 0.20007448572918593
1566533823291777692 1566533826297869791 0.9901543151125554 -0.1396144322912549 0.01011150631601481 -9.792006383027509 0.13940115826196137 0.9900461201362756 0.01939064409275624 -1.3740759566848 -0.012718071363676038 -0.017790174229029235 0.9997608515848675 0.3170077856307168
1566533826397809820 1566533828591814337 0.9741745778585479 0.22571984279193 -0.005868937222097226 -10.256177792398956 -0.2256845334781461 0.9741812331228206 0.006116893007488042 1.6539270023491088 0.007098112628168952 -0.004634393304393979 0.9999640689523964 0.14898602022346175
1566533828691902267 1566533830493591278 0.9998424434721932 0.017231842827836068 0.004260495782728812 -10.2302534920088 -0.017220278940470568 0.9998479761516603 -0.002736161295878395 0.23883166520965576 -0.004306997187166162 0.002662363270001763 0.9999871807163602 0.2219458844789771
1566533830593308812 1566533832294681018 0.9998645769449216 -0.014798108068685962 0.007200261685754545 -10.249906221649699 0.01483649718334262 0.9998758453816023 -0.005307746580542706 -0.07747979272377754 -0.007120823132512076 0.005413854451505207 0.9999599912285995 0.2500500086298481
1566533832394712655 1566533834091580118 0.9960546282711217 -0.08870823577368088 -0.002454873847238981 -10.406774520033142 0.08871562550581441 0.9960522161988277 0.0030855139801016966 -0.5070685227636466 0.0021714720344007754 -0.0032911261493709016 0.9999922265687264 0.2363900405399005
1566533834191407630 1566533835991442540 0.9930457472666688 -0.11771826111874112 -0.001598385051617278 -10.279158544077493 0.11771752594666349 0.9930469702265389 -0.0005468170618899955 -0.7367636504514269 0.0016516417864401054 0.0003548564240559646 0.9999985730771521 0.24343604704130983
1566533836091332401 1566533838090764783 0.9868700146442403 -0.1614987327348702 0.0023944772113872665 -10.166667905053602 0.16151282364606756 0.9868389964109537 -0.00789955444989836 -0.9928589663792409 -0.0010871954553858365 0.008182572191221945 0.9999659311788495 0.244549781953274
1566533838191096083 1566533840491195553 0.9678092826966579 -0.25167530844036906 -0.002175189100638434 -10.071299902358176 0.25167500468791537 0.967811716373497 -0.0004167319567404228 -1.5457096188855015 0.0022100546406760434 -0.00014412367097065563 0.9999975474404216 0.23507864981635837
1566533840591216037 1566533844691411704 0.9997662367430442 -0.018829434285538117 0.010626583323860826 -10.256782224619863 0.01887093680769132 0.9998146348179865 -0.003818867342413702 -0.3721623989464787 -0.010552706413639678 0.004018508213932146 0.9999362439571264 0.3061880982206399
1566533844791594362 1566533848193189341 0.9998832685918045 0.013139041329826458 -0.007798383365059855 -10.256368813233056 -0.013133601447929839 0.9999134704845108 0.0007483693141261683 0.17991690281460532 0.007807541430073948 -0.0006458610968675952 0.9999693121092614 0.17008525307032424
1566533848293345353 1566533850696131554 0.9999906940737586 0.004096192350450607 0.0013538737416742698 -10.228119367366464 -0.00409256875617257 0.9999880649642514 -0.0026684845933745973 -0.014569714476292508 -0.0013647882093214794 0.0026629189392788624 0.9999955230979111 0.23675545037553933
1566533850796286397 1566533852799554460 0.9983032959856676 0.058169165924710796 0.0026224720747738467 -10.071167564018088 -0.05817330938276854 0.9983053230416543 0.0015323387873061403 0.35624467257950754 -0.0025288929626031322 -0.0016822967412880258 0.999995387278395 0.20871871587758536
1566533852891195322 1566533854791215548 0.9930646400851372 0.11730844004408207 0.00783265644642198 -10.096117940644627 -0.11735910452353317 0.9930692088465657 0.006355078780155345 0.7242531164671767 -0.007032865562357525 -0.007230237568120394 0.9999491299394702 0.25896428567211366
1566533854893080134 1566533857496380770 0.9945980509694957 0.10368172831376377 0.004981588255959061 -10.297735954609006 -0.10368216283818985 0.9946104662867837 -0.00017164493801931523 0.8191722834517815 -0.0049725362619381175 -0.0003457841239343898 0.9999875770810713 0.3077433094779734
1566533857596262565 1566533861291520103 0.9965624234943026 0.08200442138787756 0.011773315251467508 -10.028796152207038 -0.08188032724716914 0.9965851336853869 -0.010662238375835457 0.0993880449699385 -0.012607461642513806 0.009661583210122204 0.9998738449028548 0.2675131284575951
1566533861390678906 1566533863390705598 0.98073977415967 0.19521838819278062 -0.006267080074639681 -9.96071509507996 -0.19519453404435216 0.9807554599824054 0.004221562970725612 1.5983761286740177 0.006970599720148993 -0.002916954939522229 0.9999714506491805 0.08725194919468239
1566533863491508704 1566533865191703444 0.9997124250929916 0.023927166378777058 0.0015993197849915634 -10.595194671404496 -0.023937265127713943 0.999691507224461 0.006625535562793914 0.20186919579547974 -0.0014402961146324149 -0.006661913566737832 0.9999767719575989 0.23290188526101138
1566533865291562642 1566533866694621620 0.9979735756387891 0.06353431771465864 -0.003483216798574366 -10.034413998614495 -0.06357380392761122 0.9978959600301883 -0.012728880925214629 0.37456549530111993 0.0026671672063520004 0.012924528152606585 0.9999129176038964 0.18276756737895736
1566533866794766930 1566533868098016027 0.9966234384438546 0.08208918159217235 -0.0017573303269776308 -10.086353831445665 -0.08207172951790521 0.9965911255481772 0.008388068464614281 0.6210713895962064 0.0024399094839220575 -0.008215518495837239 0.9999632753744359 0.20320902564553395
1566533868197509255 1566533869497342794 0.9980216055955902 0.06259207987818093 -0.005925057040165483 -10.787155654052341 -0.06259470573476571 0.9980389952005224 -0.00025859836501726004 0.4720386303301202 0.005897251765352972 0.0006289639573496381 0.9999824132583367 0.20390112864369492
1566533869597200247 1566533870890654800 0.9979470276209916 0.06379880805458649 0.005607330314699664 -10.854794647274218 -0.06378855300893105 0.9979614538639578 -0.0019892477898606513 0.4435984745700714 -0.005722811151071416 0.0016274804320753017 0.9999823002133509 0.2636901163737806
1566533870992502206 1566533872291006878 0.9949297029023226 0.10022767827126132 0.008324589543069144 -10.822622480196358 -0.10020561623132036 0.9949621447118172 -0.003027386030001666 0.6851939953231575 -0.008586079338635484 0.002177865658364211 0.9999607673017863 0.3144101262067826
1566533872390708491 1566533873692760453 0.992320219045042 0.12341174420818721 -0.008374023281148309 -10.84916579517965 -0.12343220576749546 0.9923510510261256 -0.001970306255596574 0.8534092000838357 0.008066811872737787 0.0029887988998797774 0.9999629961290454 0.15995486906948153
1566533873792925197 1566533874997239593 0.9931094878534114 0.11717830795067044 0.0016701141762386123 -10.078074152920989 -0.11718169544544771 0.9931082731137395 0.0020995536632578645 0.8006619053570778 -0.0014125820597548288 -0.002280793473997725 0.9999964012900557 0.22624187930742945
1566533875096820743 1566533876297155887 0.9955129745552791 0.09448187811354777 0.0052050168335015445 -10.144374529737354 -0.09449996633618789 0.995519242454837 0.0033457831085579475 0.6712940506483475 -0.004865578543194858 -0.003822644410162336 0.9999808565843481 0.24002877424122004
1566533876396613375 1566533877597257983 0.9972898568676409 0.07357053946626445 -0.0005631266122389815 -10.218950559136267 -0.07356728101185353 0.9972801137179225 0.004497771369755183 0.5264267866306281 0.0008924984379602574 -0.004444154071838141 0.9999897264177993 0.2380504940905419
1566533877697417673 1566533878890473561 0.998739324389998 0.04969255819737174 -0.007100111043831226 -10.311057476557636 -0.049604269641670334 0.9986955018759495 0.012112430229916728 0.38589077398572286 0.007692746606405666 -0.011744964561843698 0.9999014338709149 0.17408375779208318
1566533878990307499 1566533880193801207 0.9984306987068953 -0.05530924737385791 0.00877650469189222 -10.170519849104965 0.05534363773821457 0.9984604178385242 -0.003725019681304444 -0.2520946947934852 -0.008556964506802912 0.004204897699377503 0.9999545475639231 0.30025889569508124
1566533880293878398 1566533881593821248 0.9900938678525559 -0.14040232519043544 -0.0011488785352515285 -10.888471039292414 0.1403936901556681 0.990079460792482 -0.005680940182262863 -0.8703605517696513 0.0019350982515560452 0.00546336874099111 0.999983203357324 0.25036939469706376
1566533881693943151 1566533882895197935 0.9830725077657995 -0.18317043291090096 0.004127587951926984 -10.25848860659133 0.1831480514473838 0.9830712028064674 0.005272709329589059 -1.1140673159997105 -0.005023517303104378 -0.004427495892786144 0.9999775805256985 0.23946531001926605
1566533882995645856 1566533884196782372 0.9844770051288465 -0.17518343201413464 -0.010760646834094063 -10.658491268607705 0.17518098274279836 0.9845355441673138 -0.0011770966160374239 -1.2231678496325984 0.010800447111406713 -0.0007262361360409595 0.9999414097452264 0.15504181187113333
1566533884298563328 1566533885398209969 0.9970716526771239 -0.07631158920728214 0.004965962180130847 -10.254508250106236 0.07633108195949413 0.9970750493941708 -0.003861580311848331 -0.49273664026192704 -0.004656753655594833 0.004229329529659238 0.9999802135128107 0.290725646532268
1566533885498568325 1566533886590523590 0.998754782110307 -0.049778842734129386 0.003309384814216196 -10.612116089513536 0.049757869046809476 0.9987424138963774 0.0061437083554343125 -0.27657381500759676 -0.003611049669891837 -0.005971390163669779 0.999975651113466 0.24863750428938186
1566533886690515002 1566533887790499966 0.9991195469741125 -0.0419321448047732 -0.0013513276169892171 -10.880156228768463 0.04194478422121099 0.9990557451863575 0.01132488793628993 -0.20324956083312504 0.0008751747785397759 -0.011371598049745297 0.9999349582982434 0.229466850479194
1566533887890678700 1566533888990557908 0.999592054580636 -0.02834877087241976 -0.0034744221530873206 -10.909801574017552 0.028353287772113833 0.9995971734379919 0.001257746910805406 -0.1501349300601817 0.003437366984566458 -0.001355745109862894 0.9999931732084089 0.2319013435822628
1566533889090591791 1566533890193785315 0.9999532698263214 -0.009451213154399105 0.002032912580555896 -10.742559372776752 0.009475480849763218 0.9998797158820979 -0.012278804103476093 -0.057901097569655884 -0.0019166184585961343 0.01229749313705402 0.9999225461185643 0.25370280630737624
1566533890295352651 1566533891393780833 0.9999355554663489 -0.011087639229553518 0.0024390921514196523 -10.946246514866017 0.011101764560062614 0.9999212259974449 -0.005855990387416927 -0.025122496101570205 -0.0023739709056208 0.005882691227652819 0.9999798789006047 0.25472078734610654
1566533891493852266 1566533892595236728 0.9999802316154575 -0.005980915578094159 -0.0019403677902393504 -10.788965785784631 0.0059685176013502825 0.999962130576247 -0.006333578061824726 -0.000974814188320233 0.0019781749053249093 0.006321871737909221 0.9999780601402227 0.28001973672206926
1566533892695312562 1566533893798353651 0.9999479751011964 -0.0083593075168626 0.005845431452167838 -10.581794671606836 0.008414032391069757 0.9999204101859474 -0.00940092295983526 -0.03084866543797019 -0.005766381009401652 0.009449617527347314 0.9999387249120083 0.2645642240947955
1566533893898558300 1566533894990216315 0.9999920259469239 0.0039464391512913635 -0.0006112778330081446 -10.282248002653633 -0.003940684260276539 0.9999504115695496 0.009145786431751348 0.06965515607022939 0.0006473408103439191 -0.009143304649830177 0.9999579895825444 0.24792198857813127
1566533895090622146 1566533896293350574 0.9999872252229484 -0.0013353847874150737 0.004875052656130952 -10.761977481289955 0.0013303417330066787 0.9999985768313828 0.0010375577677148714 -0.02165887885134287 -0.004876431256968941 -0.0010310590271491065 0.9999875785905992 0.271661275089717
1566533896393470085 1566533897595167139 0.9999622722665594 0.0064625705539473905 -0.0058042420126991935 -10.199933101766183 -0.006555098876210923 0.9998494372924804 -0.01606653119503245 0.02363571760861557 0.005699537018902385 0.01610397242152116 0.9998540780284051 0.2296787835106764
1566533897694963418 1566533899197829842 0.9999880107995548 0.004839114207899677 0.0007491534244821613 -10.700425776716346 -0.004847373597495619 0.9999227377852267 0.01144645924858858 0.06052602954903245 -0.0006937048196502426 -0.011449953441225326 0.9999342065055254 0.33876142364011436
1566533899297815757 1566533901197762948 0.9810234037642908 0.19255978207661698 0.022667412586014454 -10.18607165856993 -0.19249596148149656 0.9812851024794302 -0.004985224695513487 0.8577662453978647 -0.02320314806338184 0.0005272367192792512 0.9997306316910598 0.4037992583360987
1566533901297717764 1566533903489795355 0.6992247127428198 0.7148899714889182 -0.004138810734940683 -9.154134487067653 -0.714886812287139 0.6992358645250343 0.0024599552568798752 4.635176105477241 0.004652602245806744 0.0012387197051099625 0.9999884093657525 0.18582667255110802
1566533903589842797 1566533905390410265 0.9370276987045385 0.34925206222400956 -0.0014453002332586067 -9.88929547996524 -0.3492472606700849 0.9370264128176563 0.0028022484765822756 2.827678163528376 0.0023329755523258233 -0.002121017293898642 0.9999950292430114 0.18274556856977195
1566533905490257042 1566533906991985761 0.9940154405686258 0.10922260195683461 -0.0019305783957361531 -10.494163695442143 -0.10916899681225767 0.9938528556367255 0.018401942227243572 0.8162868773776877 0.003928618862752608 -0.01808105540360162 0.9998288060409832 0.16667876125275038
1566533907091924916 1566533908396026171 0.9978954624462549 0.06458008026121746 -0.005836031411753452 -10.61853436131726 -0.06456929008449315 0.9979111837006279 0.0020189658739283942 0.496759153045483 0.005954225992399967 -0.0016378884792592682 0.9999809320752927 0.17832919014527204
1566533908497598771 1566533909689317431 0.9999771615694656 0.0037698351441130995 0.005609338861500653 -10.985353729946475 -0.003793731832662716 0.9999837484431667 0.004255637241815524 0.12669956404785623 -0.005593204650176745 -0.004276820377139305 0.9999752121273838 0.25147783219363423
1566533909789925751 1566533910890175773 0.9999298431163127 -0.010417380944019493 0.00563799784182682 -10.740349185125252 0.010424383357456683 0.9999449276471777 -0.001214044605277876 -0.03034229551565515 -0.0056250401788838925 0.0012727320825634259 0.9999833693997353 0.23928174907863203
1566533910990500495 1566533911991597805 0.9999422633277814 -0.01037389853486361 0.0028021848800200413 -10.144433342097647 0.010374882022012165 0.9999461227890672 -0.0003366632638878615 -0.03259590822782061 -0.002798541395574089 0.00036571616360576525 0.9999960172009447 0.23336753030545085
1566533912091962779 1566533913091755411 0.9999658165977385 0.008023709488237128 -0.0019964273281229523 -10.422363499891338 -0.008033240136827196 0.9999561523437213 -0.004812529776593561 0.0586678332395697 0.001957725448632727 0.004828403048094824 0.9999864268254229 0.21324070092120273
1566533913191199353 1566533914189986996 0.9997954176318365 0.020225900853788857 -0.0001892539041620786 -10.570264744438774 -0.020225922853001604 0.9997954284783561 -0.00011505882328264203 0.16377122738027622 0.0001868880198509919 0.00011886311914153924 0.9999999754722162 0.2146504321681021
1566533914289888254 1566533915290254611 0.9990531555706053 0.043500640119232416 0.0006976056553283505 -10.672502240361807 -0.04350237821146503 0.9990496548298203 0.002707447945469227 0.3134764434643838 -0.0005791669704458386 -0.0027352319185247336 0.9999960915283571 0.2672243373829183
1566533915390303817 1566533916390119909 0.9990199827928562 0.04417365080322234 -0.002786136264211285 -10.527597035031187 -0.04420984185249974 0.9989149614044908 -0.014642054693445159 0.31450527133228057 0.0021363201877626866 0.01475087987151788 0.9998889176698998 0.28803831415880476
1566533916490279231 1566533917490242405 0.9987425706913606 0.04945143434671115 0.008236087048225224 -10.633347296556808 -0.04950333280663232 0.9987545821643551 0.006221305871117794 0.34783893799456694 -0.007918177179682856 -0.00662119677695016 0.999946729692836 0.2882541812990408
1566533917590373582 1566533918595097059 0.9978500034753037 0.06549470564053227 0.00241124395345136 -10.890641843980088 -0.0654901704283416 0.9978513784885604 -0.0019141645051751494 0.458874430711356 -0.002531430743637549 0.0017521362806853075 0.9999952609271977 0.25152523828439205
1566533918695043238 1566533919695067485 0.9987919237874758 0.04894168986517514 -0.004404993764290067 -11.138785281763138 -0.048935246947368165 0.9988007367750528 0.0015587892160539136 0.40723597523845473 0.004476000795639631 -0.0013413466222244401 0.9999890830434727 0.2354180899304428
1566533919795090213 1566533920796263715 0.9990668340869334 0.04078356181052644 0.01421837239535079 -11.059050019669622 -0.04084766316887859 0.9991563583444986 0.004247351340791091 0.2969080135608952 -0.014033155068185976 -0.0048241751437138455 0.999889892884729 0.24481223127870513
1566533920895985867 1566533921796428195 0.9992208810601623 0.039108558202308324 -0.005305801418459033 -10.098964265620317 -0.03911722357217053 0.9992334428465496 -0.0015393235650015442 0.28970615358012936 0.005241533493193073 0.001745672469172955 0.9999847393606967 0.174912784976088
1566533921896206385 1566533922796430434 0.9999975547434728 0.0004901966495395883 -0.0021564355609937935 -10.302572706821827 -0.00047187103541622373 0.9999638443954396 0.008490420462459531 0.08283305363280835 0.00216051956942651 -0.008489382141722308 0.9999616305369223 0.21847428739771413
1566533922896178131 1566533923795849528 0.9999963493369849 -0.0009188364160483012 0.002541073070684639 -10.354627448769648 0.0009339492801999296 0.9999818466461914 -0.0059526562830401085 0.021796292207850523 -0.002535557424320483 0.005955007785263548 0.9999790541960604 0.26856309301160985
1566533923895271938 1566533924797611879 0.9999827697088933 0.004891853143650071 0.00324500510933013 -10.417281329306707 -0.004900837396546369 0.9999841640349424 0.002766490946731009 0.07851873453742782 -0.0032314204541074895 -0.002782346521677991 0.9999909081935218 0.25183975698350464
1566533924897261361 1566533925797737424 0.9999819122887957 -0.004813119296035931 0.0036067960707837645 -10.344345862439905 0.0047653728740926025 0.9999024215485609 0.013131587973377098 0.060711940242298 -0.0036696480246704477 -0.013114162724847686 0.9999072719104606 0.20888817861454423
1566533925897572268 1566533926890710347 0.9999069549054777 -0.012885362803628958 0.004477606177433767 -11.203118542852367 0.012908167734246677 0.9999036693074121 -0.005102088917149536 -0.04340742728032911 -0.004411432579775649 0.005159411884390194 0.999976959600374 0.2765154223617693
1566533926989724721 1566533927989611661 0.9999454461030034 0.008807665593541344 0.005615144224758835 -10.935319913753894 -0.008790541061443483 0.9999566586241845 -0.003067125853470846 0.09180493020441544 -0.005641915075533221 0.003017598373929475 0.9999795312376888 0.2658109178058712
1566533928089682513 1566533929089904225 0.9996443804183506 0.026549524287766933 -0.002497089926877636 -10.874872251099035 -0.026597796540860322 0.9994075559038301 -0.021842491192651397 0.19039994053144488 0.0019157027902681823 0.02190114066489066 0.9997583058521674 0.254850571238398
1566533929191488490 1566533930192595326 0.9992264748709881 0.038972186851346194 0.005255527464312813 -10.93389349018886 -0.03907894281778053 0.9989933343226085 0.02202621636232003 0.3516388099209552 -0.00439182708549748 -0.022214558987721882 0.9997435797362453 0.259950031681382
1566533930292849408 1566533931294309431 0.9992853559807835 0.03758992710383087 0.003971737993983578 -11.14517447380971 -0.03757493727972347 0.999286649539399 -0.0037836676327112507 0.2901600356969135 -0.004111132543354544 0.00363172585125138 0.9999849544650989 0.21316982092689657
1566533931393637031 1566533932295892388 0.9995560277098656 0.02497761810409164 -0.01624395465163453 -10.170816167077563 -0.02505908194579191 0.9996742991855835 -0.0048309377822027735 0.19457216700667396 0.016117998663366852 0.005235851570430744 0.9998563876764675 0.1099850193071124
1566533932395621101 1566533933389335542 0.9995800959504946 0.028770914439821882 0.0034447440976952196 -11.234386743332298 -0.028758613043181704 0.9995800144338652 -0.003568882209343979 0.235900357337303 -0.003545977359585752 0.003468317558713301 0.999987698333279 0.3305723277889247
1566533933489420681 1566533934489705768 0.9999533937982923 0.0001839889098781051 0.009652791273322314 -11.105395351212131 -0.0002269990599124467 0.9999900514971841 0.004454815158264091 0.05088283749093944 -0.009651875605916358 -0.0044567987107951195 0.9999434875244458 0.28740230684444806
1566533934589697831 1566533935589787577 0.9997454740565382 -0.022338947599528054 -0.0031557128539974255 -11.005429328797383 0.022339174309488237 0.9997504488376618 3.6606905601030846e-05 -0.040432943282348206 0.0031541075824409884 -0.00010709360770984303 0.999995020055763 0.2372701842808284
1566533935689831255 1566533936689973952 0.9987071060548843 -0.05067615192643967 0.004005488909669241 -11.034603119503322 0.05066553389427045 0.9987120019849599 0.002709384876654603 -0.2804036893856053 -0.004137631047540686 -0.002502941695236644 0.9999883075777392 0.2758310062203142
1566533936789819502 1566533937789966168 0.99823430707449 -0.059391449523483825 0.000961198742633943 -11.189278331474437 0.05939400054318699 0.9982304395993555 -0.002888279203777367 -0.3474514592722511 -0.00078795875486041 0.002940268828263006 0.9999953669593844 0.24547893850215546
1566533937888957520 1566533938791890045 0.9991158539068191 -0.04180311822200389 -0.004473229143089323 -10.27108864450632 0.041786866647690275 0.9991198184091433 -0.0036669112138078544 -0.23751200982098908 0.0046225802121264686 0.003476746898897509 0.9999832718516799 0.22706228479289448
1566533938891171870 1566533939792728187 0.9999008070275962 -0.013363746966444824 0.004448187562378529 -10.36373818909739 0.013407641340210646 0.9998602189066799 -0.00998888390096117 -0.08823338693296151 -0.0043140768729279695 0.010047532777326508 0.9999402161258626 0.2395462899708263
1566533939892871893 1566533940794306189 0.9999721461651155 -0.0035349926488359032 0.006573486206735754 -10.27386658585298 0.003556564510491506 0.9999883195559549 -0.003272858161663138 0.019325664598046702 -0.006561839895955653 0.003296146027765493 0.9999730384758114 0.2596321848666863
1566533940893418806 1566533941789381492 0.9999926409095572 -0.001582985893971187 -0.003494607617151701 -10.382118290029357 0.0016363610660421585 0.9998812427005371 0.015323929590607556 0.0479751038053009 0.0034699350426057973 -0.015329535260269384 0.9998764748205167 0.18733846218593925
1566533941888982839 1566533942792646015 0.9999945774068021 -0.003280286735602879 -0.0002913347482569807 -10.589139079758306 0.0032784272497811424 0.999975597938651 -0.006168909304579503 0.023183415647932804 0.0003115634304535826 0.006167920733316303 0.9999809296591958 0.23939743033013217
1566533942891838771 1566533943797037370 0.9999405356292105 -0.010210654691270204 0.0038298480841355287 -10.737433206969646 0.010236748915215053 0.99992409365652 -0.006856813898779571 -0.025074720350296693 -0.0037595448153682686 0.006895611355876187 0.9999691577077862 0.2257745414792719
1566533943897070409 1566533944797173997 0.9999511287793429 -0.009333772412833539 -0.0032589485233995657 -10.867863422593132 0.009303755821303068 0.9999152450922438 -0.009107291570381648 -0.0184391999273128 0.003343677698333216 0.009076526024629678 0.9999532171530742 0.25753954160149195
1566533944889425680 1566533945789850407 0.9999602672922391 -0.008724119211235596 0.0018312784655641738 -10.931023013937505 0.008715670472163832 0.9999515660596894 0.004571938648499127 -0.003883386655154083 -0.0018710759073278795 -0.004555796173348391 0.9999878718245429 0.2583346003840831
1566533945889192408 1566533946789490662 0.9999971485465766 -0.0016787530579680365 0.00169843660433977 -10.828340335399464 0.0016639782324639131 0.9999610875295596 0.00866340597876428 0.06109657137180855 -0.0017129142332544184 -0.008660555113926282 0.999961029595639 0.2954373360483497
1566533946889551306 1566533947791353029 0.9999798836751799 0.00336619231848749 0.005375964495608293 -10.67553124526976 -0.003379823309927096 0.9999910917661056 0.002528474407817278 0.08663037529285762 -0.0053674052741296925 -0.002546593354319814 0.9999823527557558 0.2777136815249219
1566533947891294507 1566533948793104077 0.9999464899401279 -0.009599820753803997 -0.0038549575774748453 -10.524015679437296 0.009557595559224013 0.9998957147448474 -0.010826449188178258 -0.033857508228329516 0.003958487533847049 0.010789025738810843 0.9999339614694899 0.24205764224490742
1566533948892897222 1566533949794146273 0.9999314021713753 -0.011205134549327192 0.0034111451631527313 -10.308316466347438 0.011175499514741732 0.9999006875922352 0.008586219376163837 0.005077387284833433 -0.003507016137493426 -0.008547509129043064 0.9999573195519449 0.2910720390672663
1566533949893580003 1566533950891232250 0.9998128851150446 -0.016124281651269938 0.01068654757946909 -11.115435095583635 0.01604317109617948 0.999842166599355 0.0076327289417787835 -0.024468276142753122 -0.010807933156547765 -0.007459854633335877 0.9999137658567151 0.3438341565632966
1566533950991186685 1566533951997360797 0.9998712846241562 -0.015594386165160706 -0.0037721749920729053 -10.777569249556302 0.015599492714338399 0.9998774384424014 0.0013281268442697336 -0.04887304734300244 0.0037510013455446536 -0.001386799910229783 0.9999920033554863 0.2052868357062603
1566533952089746963 1566533953091164605 0.9999981946701275 -0.0018139907339214674 -0.0005657685983501538 -10.421586939997754 0.001816193207541918 0.9999906793244921 0.0039169766890704725 0.032599757811650865 0.0005586579655860917 -0.003917997162720635 0.9999921685690973 0.23954480921224228
1566533953191314965 1566533954296130664 0.9998542352828952 0.017072801569044713 -0.0001662330956830065 -10.614638178745562 -0.017072843349404603 0.9998542163164499 -0.00025324729219296314 0.14972444753900627 0.000161885220842863 0.00025604844927535665 0.9999999541161904 0.27530624945331766
1566533954395966822 1566533955596984647 0.9994698377674447 0.03253053820136587 0.0013444245796715088 -10.711954910288666 -0.03251872926304845 0.9994388707765273 -0.008029684181639567 0.20916405286075992 -0.0016048801317671473 0.007981708167426048 0.9999668577980445 0.32173605128522
1566533955689775366 1566533957190260775 0.9735148283363105 0.2284811011827181 -0.008078701112557839 -10.50343108768158 -0.2284524506432441 0.9735454886917657 0.004319634593014283 1.2496639392478388 0.008851937891139328 -0.0023596292621156155 0.999958036792214 0.31754800007464634
1566533957290275875 1566533959090689531 0.8595688999314164 0.5109429273113004 0.008867429236440537 -9.585879703312465 -0.5110190737150938 0.8594687514884787 0.013151863526276649 3.5076458914849664 -0.0009014266850415318 -0.015836358337969918 0.9998741906782717 0.317527820553125
1566533959191334810 1566533960991193038 0.9644286148149069 0.26346840447527475 0.02149062049943619 -10.017019101760042 -0.2636093161878118 0.9646214000791028 0.003960167728688962 1.9560222535531882 -0.019686933361802102 -0.0094844268513225 0.9997612066399217 0.4361933494236774
1566533961092774523 1566533962795710290 0.9997328575850312 0.022573257227765264 0.004966036951150963 -10.430182344053284 -0.022570737017307635 0.9997450899657764 -0.0005629563184345816 0.24078211868654142 -0.004977478816285736 0.00045071881488163007 0.999987510700603 0.24075789942581569
1566533962895665228 1566533964497585737 0.9996156781724245 -0.027673376026146564 -0.001637135061215874 -10.604510333736911 0.027692936860741594 0.9995258176834126 0.013462578963192494 -0.1463880908205301 0.0012638037507899387 -0.01350274207812429 0.999908035149467 0.27498351942246513
1566533964597328932 1566533966191144562 0.9972566888123413 0.07394876283251267 0.003267582376174517 -10.500239053210485 -0.07388279408381979 0.9971209669595285 -0.017061945611952355 0.353338961820504 -0.004519884668069895 0.016773721269821008 0.9998490950725307 0.26517702867234355
1566533966291501531 1566533967991296595 0.9972914375080029 0.07353770464692139 -0.0014123273297164632 -10.42169925804659 -0.07353900058026307 0.9972919460957655 -0.0008886203802693896 0.7043464795350713 0.0013431555681099755 0.0009900746367570463 0.9999986078417037 0.2114932635499355
1566533968090577754 1566533969791600378 0.9831842964031235 -0.18260100999266923 -0.002347436037088759 -10.219332153456875 0.18261564324064847 0.9830719220828078 0.014870200275021832 -1.0207908864765447 -0.00040761513206471155 -0.015048825936650507 0.9998866769228604 0.3226317860649352
1566533969890974123 1566533971592293144 0.9874538888916417 -0.15783564799280317 0.004767130737532247 -10.627330637890294 0.15790353093990767 0.9871955594942613 -0.022614204198342223 -1.3599864871294116 -0.0011367627221334409 0.023083230655750887 0.9997329004454227 0.2337681482448071
1566533971692579116 1566533973193815939 0.9981648935317614 0.060529113463603186 -0.0017526391641578714 -10.121402892162164 -0.060521104141894634 0.9981576126271949 0.004310024109009464 0.44192628748554164 0.0020102920622179854 -0.0041960430985116225 0.9999891759154936 0.22951883786866897
1566533973293650731 1566533974794794525 0.9993590408363563 0.03561246597412689 -0.0036413961453982315 -10.383049878483112 -0.03568693255904349 0.9990987076711968 -0.02298293223845367 0.25114099650847765 0.0028196352906590875 0.023098151376089195 0.999729225870613 0.21653774701348716
1566533974895462959 1566533976389320597 0.999765972771607 0.02162166987923728 -0.0007092811028203089 -10.320453515958336 -0.02162587931421518 0.9997444090176874 -0.006590749711844678 0.15272414302304496 0.0005665968024402832 0.006604546124485961 0.9999780292279232 0.22070998332606642
1566533976489490860 1566533978089159015 0.9996851831409407 0.022475423770388157 0.011153023572494774 -10.626596641041063 -0.022572742812638665 0.9997075390260055 0.008678000719287758 0.18473599512238678 -0.010954720004711862 -0.00892702307104345 0.9999001461989666 0.3157358030299827
1566533978189311501 1566533979888948732 0.9995698996018005 0.028662204773257077 -0.006204339416228357 -10.522349604783878 -0.02865101511570955 0.9995876981153113 0.0018849693299131708 0.20922992642662028 0.006255808732319056 -0.0017063979814561539 0.9999789763105242 0.21295856706803828
1566533979988893246 1566533981789125736 0.9938357319182651 0.11085573288798035 0.0012427583659596515 -10.456497211596783 -0.11084323951398051 0.9938088773029451 -0.007595501820664954 0.5499176205908931 -0.0020770692174146136 0.007410929748011185 0.9999703815132447 0.26057852199426457
1566533981889229980 1566533983991008803 0.9140733354435264 0.4055296644713237 -0.003953310627999098 -9.965951021276046 -0.40519743400707275 0.9136434614193519 0.03272101587286377 2.4215532070076384 0.0168812589943145 -0.028307536795710672 0.9994567056432833 0.19252094723725152
1566533984090740969 1566533986395095942 0.7921559975510883 0.610048795556089 0.01814779833511992 -9.114724474150913 -0.6101876293588929 0.7922518564102956 0.0028377793824860293 4.19920294379601 -0.012646443026418083 -0.013321526001753065 0.9998312879800171 0.34515863603229835
1566533986494736149 1566533988591878129 0.9531456512198139 0.3024879154826298 0.0037984928248427823 -9.938990205226938 -0.3025055284035128 0.9531314859105955 0.005547598685780233 2.4845933122536006 -0.001942381547967177 -0.006436734641180471 0.9999773975451082 0.24120035386021593
1566533988692077018 1566533990493407359 0.9993908881958932 0.03484435604390752 0.001929622479208784 -10.104829276692719 -0.034838723176923735 0.9993887987199053 -0.0028796459145174285 0.30665249100129055 -0.002028782499004285 0.002810666304809565 0.999993992080205 0.23091812987674645
1566533990593418629 1566533992394652284 0.9997428837248143 -0.02249614622027419 -0.002844265606402012 -10.379176495559024 0.02249844247881122 0.9997465753485736 0.0007779234166539461 -0.11434313304247207 0.002826044520452175 -0.0008417149460235055 0.9999956524847139 0.2527801214787361
1566533992494284929 1566533995296035854 0.9996198222008968 -0.027566449891703735 -0.0005494573779888214 -10.44560814228622 0.027567442705753935 0.9996181598301601 0.001889613832351567 -0.1366856043624625 0.0004971576280669151 -0.001904042577910528 0.9999980637262089 0.29298123776914436
1566533995397563470 1566533998893156325 0.9919111804656544 -0.12595102566814712 0.01576544323440353 -10.034887250211412 0.12618746549195647 0.9918926336750016 -0.015024207599354524 -1.434456140973911 -0.013745312653836217 0.01689208081954368 0.9997628338689343 0.2941937250621036
1566533998992445842 1566534000987834156 0.9913456826840004 0.13123977537722786 -0.0031398698598783764 -10.398281595701636 -0.13123475291786024 0.9913497641759312 0.0017563299565576946 0.982008342488368 0.003343209594120545 -0.001329070074546714 0.9999935282402374 0.17824548506509075
1566534001087951541 1566534002692813054 0.999661759990073 0.025999226060477575 0.0006370697069494725 -10.505605572253833 -0.025998001320908886 0.9996602631154267 -0.0018607190308738133 0.23719327913003938 -0.0006852305255906769 0.0018435271221677997 0.9999980659315734 0.21156947011405455
1566534002792415292 1566534004288110469 0.9998416086364376 -0.016801818538234724 0.0058699687494769845 -10.724021383301682 0.016796349633086873 0.9998584513589123 0.0009797372925224252 -0.11723138711516849 -0.005885599231581386 -0.0008809880631451371 0.9999822916340703 0.25013573883509455
1566534004388106573 1566534005888152386 0.9998497257196768 -0.015260538091663655 -0.008224472957987635 -10.752529412500474 0.015224848071500372 0.9998744810118312 -0.004384771660701025 -0.10141977350833326 0.008290354605415108 0.004258896391042031 0.9999565649677251 0.15625606768409123
1566534005987715255 1566534007588043652 0.9998469732857106 0.017312840698922048 0.002509095126303354 -10.776641213743279 -0.017313382160059145 0.9998500932988579 0.00019423814748506377 0.06936761305032549 -0.002505356182024969 -0.00023764934665752567 0.999996833351591 0.25093481009516555
1566534007688223432 1566534009188328577 0.9987165348751119 0.050645813396344996 0.000533434608004772 -10.21242237865639 -0.050647797235676514 0.998704994038125 0.004809939551590702 0.36317662806607415 -0.0002891405060297217 -0.004830783449788859 0.9999882898959607 0.2269987082863279
1566534009288369800 1566534010788025744 0.9997160475042041 0.02353842926852234 0.0037103517558041226 -10.537624650345865 -0.023574708344657712 0.9996714835718962 0.010057736307535974 0.20979229347950432 -0.003472389529621605 -0.010142350848708933 0.9999425359640581 0.2299920958546544
1566534010888080978 1566534012390023932 0.9997013175938897 -0.024265448815999492 -0.00290922580908864 -10.386633091997863 0.024312419802208034 0.9995534203235905 0.01737429603683548 -0.08176997588236762 0.0024863315167723715 -0.017439836959460636 0.9998448230812719 0.24555523657620867
1566534012490043775 1566534014189884882 0.9998375226277136 -0.01787671674173863 -0.0023132972593630174 -10.504224683078695 0.017869629717358705 0.9998356769466358 -0.003048842145250035 -0.08645029735130169 0.0023674204187151297 0.0030070090119391894 0.9999926765818666 0.26755941256165156
1566534014289792276 1566534016292303549 0.999070481312598 -0.04306290733188078 0.0019389125699846709 -10.54607023727258 0.04306381747721318 0.9990722309349553 -0.00043011506900703686 -0.2664642921212707 -0.0019185917015240432 0.0005132122460320405 0.999998027807598 0.3160877692796343
1566534016392409669 1566534018391366587 0.9987758838229068 -0.049262283541852775 0.004467808635744812 -10.220271131425067 0.04926601815913689 0.998785425930686 -0.0007296596442550536 -0.23424486826017385 -0.004426437450944837 0.0009488775974608307 0.9999897530888978 0.2854740145356301
1566534018491222452 1566534020293929650 0.99992039364995 0.011193279197136679 0.0058238186568887445 -10.075683788477596 -0.011177061936105891 0.9999335870071462 -0.0028097796184740086 -0.017781626783616937 -0.005854882527414065 0.002744462760340995 0.9999790939188477 0.2619310119749609
1566534020395397399 1566534022087737651 0.9987675493999985 0.04960751913011935 0.0015736299703327749 -10.230254103361288 -0.04960419173659923 0.9987667730572132 -0.0020873904881305977 0.38334214540743483 -0.0016752395910270771 0.002006759239700045 0.9999965832390038 0.23165737722700322
1566534022188113840 1566534024087683166 0.9998367621001518 -0.016748095149438445 -0.006778677006605251 -10.404989474185626 0.016777185724320322 0.9998501881750836 0.004257610296125499 -0.03487686899526331 0.006706354618283844 -0.004370642415867309 0.9999679606330507 0.2520691286840865
1566534024187667464 1566534114590110347 0.9997108345723856 -0.016333238428084325 0.017648585242229793 -10.337143924427592 0.01640736713907446 0.9998571323006351 -0.0040636548973333585 -0.13861161682559794 -0.017579691185131655 0.004352046646381728 0.9998359936248713 0.32713377111726194
1566534114689962451 1566534117386253967 0.9999927605326434 -0.0028920179999130354 0.0024728756938304447 -10.29177644223675 0.0028651108706836304 0.9999373997786813 0.010816083559306296 -0.023175359446519782 -0.0025040011996060444 -0.010808920193590045 0.999938446716724 0.1830928180341996
1566534117486765315 1566534119086410717 0.9997664652231628 0.018277974396579716 0.011529556242258956 -10.421921618883927 -0.018051234400658936 0.9996474219905233 -0.019472664027347104 0.10993394462277707 -0.0118814120287936 0.019259993760834725 0.9997439095531123 0.23588268463218404
1566534119186015091 1566534120692531069 0.9997400435557853 -0.003631830323617844 -0.022509000857012875 -10.473455256476718 0.003668598100983343 0.9999920028063476 0.0015923916980879077 -0.0045128467369927455 0.022503037551717973 -0.0016745542234034567 0.9997453721668854 0.10132798005029542
1566534120792623596 1566534122092645905 0.9998649646712091 -0.010021549356575014 0.013023861621652835 -10.08849632796352 0.010005387897618416 0.9999490926738566 0.0013054783606818807 -0.035608607821857784 -0.013036281527507151 -0.001174993287532741 0.9999143337080012 0.24740126809107715
1566534122192908012 1566534123392209543 0.9999626147833669 -0.007895667315018503 0.0035252621561211515 -10.213178419406917 0.007906029426118153 0.999964439042116 -0.002935191628650815 -0.03083050086376252 -0.0035019614978164665 0.002962952722216906 0.99998947853307 0.21740624385006266
1566534123491770614 1566534124694282169 0.9999829949414234 -0.005105717632776775 0.0028180623551970563 -10.907550941530308 0.005117266963570799 0.9999784751223203 -0.004106442604306664 -0.022006963529473608 -0.0027970353603367494 0.004120793551401261 0.9999875977499422 0.23204252696042083
1566534124786258268 1566534125886033141 0.9999968002664362 0.0008043056630961555 0.0023984472674348123 -10.520319373541838 -0.00083504465469084 0.9999171783343834 0.012842864642969158 0.060969345073207934 -0.0023879190352744622 -0.01284482635979414 0.9999146504969709 0.21920296714162893
1566534125986401448 1566534127086700320 0.9999785922197514 0.005963864250549482 0.0026921042718469207 -11.02131251793513 -0.005955948908306469 0.9999779450852684 -0.0029387098612051956 0.06849463270844273 -0.0027095709644004927 0.0029226129144513196 0.9999920582479378 0.1853723435274248
1566534127186672570 1566534128186401258 0.9999475279982121 -0.0016707349632230422 -0.010106923119737127 -10.174853112823579 0.0016357488619469771 0.999992645591619 -0.0034688742171797076 0.012435710376689885 0.010112644358734808 0.003452159810414508 0.9999429068785489 0.19942002322970553
