1564718984698229990 1564719156994168224 0.8439527839524995 -0.5364164191570724 -0.001060055443048573 1.7967755931607123 0.5362836161674679 0.8437846918036039 -0.020670677498553818 9.969335768705044 0.01198254936063274 0.016876585454752385 0.9997857767413101 0.02062536535127791
1564718984096684914 1564719157494201910 0.8268814772828177 -0.5623293152824043 -0.007263862651093417 -7.190024901247746 0.5620840958544716 0.8267992724985076 -0.021550688699327365 7.262068898292178 0.018124340375610337 0.013736963637511267 0.9997413686128888 0.15353523843475803
1564718984398036608 1564719157998873148 0.8682642016388931 -0.49609717039532836 0.0022076408530716 -8.701169230506602 0.49608572661987266 0.8681908454362058 -0.01198364488846458 5.22368057637868 0.004028398741542559 0.01150014897851823 0.9999257565324896 0.1663062500181452
1564718987091832771 1564719158498945524 0.9524811343440241 -0.30453307854055073 0.006268396393763919 9.355589235386175 0.3045386001574074 0.9524999921587395 7.71477186618147e-05 4.265997314929272 -0.0059941415481744005 0.0018354869164056466 0.9999803504343951 -0.2733951920271962
1564718987793457363 1564719159090856784 0.9670186171508537 -0.2544734313276964 0.010875055492683267 9.748409136520584 0.25443151771895856 0.967077340056611 0.005101092065646554 2.8974060040352283 -0.011815112140295842 -0.0021658941209993575 0.9999278534113203 -0.3060363466454852
1564718988494113848 1564719159690947173 0.9760777081293159 -0.21731709512836792 0.006751878109019768 9.966689639984398 0.21737937321690895 0.9760304574985531 -0.010523979047408615 1.8978144552974627 -0.004302998123946395 0.011739940380371168 0.9999218259479168 -0.2502528637544107
1564718988997873468 1564719160190948029 0.982098289812808 -0.1883566612847323 -0.0021719338013699145 9.440143996211086 0.1883316296178533 0.9820674495382948 -0.008644179708636872 1.276314163234664 0.0037611743183414187 0.008080390276452505 0.9999602796415141 -0.24766257126574306
1564718987293576977 1564719160790984821 0.9983590108448627 -0.057174363715285136 0.003221428041054269 -9.749984222814401 0.05720185903209488 0.9983201415854427 -0.009210984100159605 0.7049918547934068 -0.0026893843429343094 0.009380140647829386 0.99995238895324 0.2427547544253457
1564718990291519786 1564719161292665206 0.9891968238113138 -0.1465566504483667 -0.0032851135401499375 9.891037865993175 0.14650403165926407 0.9891277419372456 -0.012762399371482647 0.5225076342290541 0.005119811441544847 0.012143242544391397 0.9999131608251445 -0.2198080401426721
1564718990992807912 1564719161892525256 0.9907858929080481 -0.13500921469920973 -0.010762265593696141 10.05855390250202 0.13481063720207848 0.9907180606987896 -0.01743032708795844 0.37324637427540847 0.013015625669807724 0.015818854305097708 0.9997901566513383 -0.17166927089081763
1564718991496213612 1564719162395722321 0.9933535509543706 -0.11442935100691407 -0.012435691958469624 9.555328182098556 0.11432222623703618 0.993402856440526 -0.009010738261235943 0.27512831461795856 0.013384744844684583 0.007529172859028831 0.9998820731273809 -0.16510134250328146
1564718989699290196 1564719162896973660 0.9949109231446309 0.10026101641723976 0.00999917969044194 -9.815302351432106 -0.10034601121343353 0.9949171913564756 0.008394067958801895 0.5713846617550064 -0.0091067579880582 -0.00935472769917273 0.9999147743826117 0.29656810656487403
1564718990391501365 1564719163491085854 0.9941941706962925 0.10664273234547385 0.014327546594141557 -9.71601235397204 -0.10665964872846119 0.9942955009742604 0.0004196134770078157 0.6105119683069927 -0.01420106639083687 -0.0019453483596585824 0.99989726738957 0.3208658052429223
1564718991094554827 1564719164093850520 0.9939147056315284 0.11001265101124871 0.005547481128668962 -9.580996348877115 -0.10997546149766409 0.993912288828197 -0.006615133004660559 0.5728662298110591 -0.006241457984461402 0.005964791175765648 0.9999627320397817 0.29431586649009106
1564718993994490643 1564719164597171411 0.9973381631184962 -0.07290076794825351 -0.0014375047776868208 9.990421249718258 0.07287985493898058 0.9972760404598063 -0.011358955448992495 0.16603469216956007 0.002261665648154977 0.011223954622771072 0.9999344517072735 -0.23281434776285959
1564718992200242670 1564719165098401976 0.9928377050997017 0.1194357568415256 -0.002896777529067262 -9.82142364488499 -0.11944102057983752 0.9928398127986935 -0.0017171851094332478 0.6737909057443354 0.0026709427564964995 0.002050880187745334 0.9999943299615537 0.22113437231258473
1564718995096572155 1564719165598583530 0.9977620140812686 -0.06679434872659488 0.003078674175714111 10.055056193306415 0.06679129867122438 0.99776638001048 0.001083209393752465 0.441589152272912 -0.003144149853524213 -0.000875156540000871 0.9999946741971864 -0.2209526909079282
1564718995699318288 1564719166191025555 0.9972608828078815 -0.07396351605377056 0.0003604361455635603 9.55692958111975 0.07396387595920237 0.9972238097674765 -0.008603388049954612 0.47646909174537583 0.00027690132389313884 0.008606481616198133 0.9999629252126595 -0.21249523187210467
1564718996399498491 1564719166790971808 0.9961033458428532 -0.08819348418774595 -0.0001837049410702929 9.948690275406484 0.08819069186546755 0.9960846198140119 -0.006150775420959456 0.5192899499736092 0.0007254439812150915 0.0061106069104933805 0.9999810669278905 -0.2636772409861773
1564718996891248858 1564719167291367467 0.9956735536863945 -0.09287563727755091 0.0028793210668790798 9.583214001384013 0.09284949594415899 0.995646625945827 0.00817112878445287 0.4663276180798666 -0.003625685098385879 -0.007868433324724242 0.9999624703780585 -0.25701410532540103
1564718995196754708 1564719167793019388 0.9975550134296876 0.06985624736267718 0.0020248174534589192 -10.15836538452662 -0.06986801100533678 0.997535204653975 0.0064789284698419086 0.6963991044153156 -0.0015672330629887077 -0.006604557544865217 0.9999769615347016 0.2623006112356169
1564718995899348142 1564719168398754733 0.9981314907444444 0.06094755299024657 -0.004350053882577445 -9.995271084652929 -0.06099251891218805 0.9980766594512654 -0.011085778969330487 0.4923227080857782 0.0036660361463847755 0.01133038583242324 0.9999290887537271 0.2262361913432329
1564718996599264176 1564719168991003026 0.9984224402809455 0.05614090903555267 0.0009105361600324786 -9.830616117894543 -0.05613404286152869 0.9984031246993674 -0.006337966753529748 0.28640274046931236 -0.0012649013623081396 0.006276856156644409 0.9999795003405518 0.23595206707412683
1564718999391579575 1564719169591392803 0.9956918989922988 -0.09272347051754704 -1.7213763543542736e-05 9.961150599875191 0.09272340008636076 0.9956908769673297 0.0014312932853000186 0.009822900934064878 -0.0001155748934227465 -0.0014267232479394266 0.9999989755510893 -0.24295542344382323
1564718997791911954 1564719170094345823 0.9976404619960345 0.06864036525363718 0.0014173377154761677 -10.203031957474723 -0.06863732691136705 0.9976394857684668 -0.0020913608231564944 0.20965692672134179 -0.0015575438404066607 0.0019891439056933737 0.9999968086767663 0.2383707830490084
1564719000591444468 1564719170691184272 0.9961631036565378 -0.08751223575355323 0.000824322021715788 10.227707359466972 0.08750737374979943 0.9961525317501083 0.004753212311073854 -0.1812091837396714 -0.00123711470526285 -0.004662840472893084 0.9999883636652706 -0.23000326695114487
1564719001094723755 1564719171191350285 0.9960979785756738 -0.0882033920133337 -0.002996450368815325 9.84900394491856 0.0881914700772617 0.9960958987344256 -0.0039019392721916122 -0.31093207012908364 0.003328916202375436 0.0036224524585162106 0.9999878980043353 -0.18379355916541368
1564719001599194645 1564719171691530444 0.9970132747856928 -0.07690081439518129 -0.007127036303827598 9.434245568055971 0.07683690172218563 0.9970044371774829 -0.008845495019998054 -0.5173703256409508 0.007785912589607749 0.008271456568941326 0.9999354792042292 -0.1978979628779172
1564719002199341264 1564719172192833666 0.9972664242509053 -0.0736164663571685 -0.006347829779574953 10.034054096251324 0.07358779144518128 0.9972779551518285 -0.004638654807392309 -0.5842257490268827 0.006672032077797571 0.004158851919153622 0.9999690934917376 -0.23192224695940958
1564719000792995988 1564719172694759595 0.9988201208070364 0.04731933614000759 0.01092001365824233 -9.630952837465317 -0.04735206821547014 0.99887445281865 0.0027584673234035822 -0.4455765057104809 -0.010777193825141364 -0.0032722978968631393 0.9999365700681929 0.30273127856951393
1564719001299536268 1564719173196004463 0.9981067795202379 0.061376090299981055 0.003978971630210604 -10.082087742123703 -0.06136403269677713 0.9981106848858203 -0.00308483515678209 -0.46447556717602656 -0.004160789220114031 0.0028348291384711326 0.999987325708094 0.30802658907493397
1564719003791373292 1564719173699136706 0.9968790762419458 -0.07891420530698842 0.0021576727726640233 9.980437424394555 0.07891884970110448 0.9968787049113056 -0.002159364773904333 -0.352992765140477 -0.0019805334841350004 0.0023229066143293773 0.9999953407851477 -0.24641438682479744
1564719002498526993 1564719174291582128 0.9931507596050192 0.11683963888259614 -0.0002597725509942569 -9.756532974461322 -0.11683446837247359 0.9930804082087431 -0.011874756085891797 -0.06672501712416075 -0.0011294671819111223 0.011823773414721033 0.9999294588550532 0.2681358992984751
1564719003091384415 1564719174891523096 0.989322518821265 0.14572334059098538 0.0023794453463103346 -10.045341102491944 -0.14571067313027322 0.9893154395307442 -0.00483330549661815 0.3458690834914677 -0.003058347441687527 0.004434987385059439 0.9999854885936255 0.30207846183502673
1564719005691183757 1564719175391836988 0.9966555362529408 -0.08158007931378093 -0.004736318775444117 10.176154626114355 0.08157071839440451 0.9966652645529603 -0.002137366188498821 0.37231190382346907 0.004894890908515996 0.001743872919709316 0.9999864993839983 -0.23026854368588334
1564719004291039720 1564719175991594654 0.9894815068695079 0.1446363003514736 0.0025861523337030994 -9.897145785773807 -0.1446496160784267 0.9894644536024814 0.006048439924667133 0.8558427148197938 -0.0016840818321975422 -0.006358905393059676 0.9999783638612445 0.27398913603405234
1564719004891323571 1564719176494804890 0.9917287728182411 0.12818734556244918 0.0064842580210537895 -9.408755981899212 -0.12820420510180056 0.9917452318721791 0.0022531873022063166 0.9382109158282123 -0.006141901875283984 -0.0030658598234108198 0.9999764384948816 0.27460856689481455
1564719005391150781 1564719176996201857 0.9935210714137019 0.11347856811181972 0.0062044529393304355 -9.914238980104813 -0.11349035163459678 0.9935378418289122 0.0015801708166448074 0.9935687208091764 -0.005985043261426443 -0.0022740785485542412 0.9999795037019136 0.30167702147062614
1564719008091195079 1564719177497524130 0.9994569040879682 -0.03287997208471931 0.0021918728550678244 10.009072773845896 0.032910709662156555 0.9993319758790166 -0.015889845036700552 0.1851117299844025 -0.001667950969892444 0.015953351417968414 0.9998713459831353 -0.2510042738571722
1564719008691410504 1564719177997735137 0.9999352315017312 0.008813296139005704 -0.007201292435727388 10.253507544909858 -0.00885783357295308 0.9999416941373862 -0.006176334678634833 0.011987795415235595 0.0071464386915841725 0.006239722496618986 0.9999549961259323 -0.22074591722960304
1564719007191508861 1564719178598960843 0.9999974618236838 0.0022377579693723536 0.0002622698205256799 -9.641983327661269 -0.0022417204839265685 0.9998657319737715 0.01623245865020926 0.31873014084666734 -0.00022591029236692934 -0.016233005384995787 0.9998682105661368 0.22723204149403756
1564719007791091654 1564719179191653230 0.9984819735875226 -0.054587730046358425 0.007343578771359067 -10.21281478126305 0.05456745022968031 0.9985057752567889 0.0029343064395195738 -0.12040433722080698 -0.007492782942048797 -0.0025291317157280645 0.999968730359392 0.33712256940646196
1564719010694658943 1564719179791791376 0.9945589294028098 0.10413666078797573 0.0028446133433666174 9.823910918460355 -0.10413561324753276 0.9945629741383398 -0.0005143215531563032 -0.717351711511509 -0.002882706836169074 0.00021529753831227245 0.9999958218154104 -0.26889116646602224
1564719008990691787 1564719180294853869 0.9901524192490667 -0.1398598171315237 0.006117042354409387 -10.199751847153049 0.13988343048848467 0.9901613701390676 -0.0036175902333878992 -0.9009961956709499 -0.005550903530341957 0.0044376385904189375 0.9999747470980206 0.32971097081004874
1564719011796244170 1564719180795075022 0.986410959373078 0.16418048518874365 -0.006179604508733395 9.718129628219854 -0.16421508416065408 0.9864087683585854 -0.0055810249427741985 -1.3126807265531266 0.005179320689447705 0.006519968442568119 0.9999653317234108 -0.21175465785586103
1564719010193181909 1564719181296308361 0.9841695107780204 -0.1772063538298811 -0.0028778841666231886 -9.252433360188292 0.17718919646955447 0.9841619745718917 -0.005403374984540795 -1.4958943486012322 0.0037898165433992623 0.004807906932069253 0.9999812604851711 0.22141323548287475
1564719010694658943 1564719181797685239 0.9808830812759635 -0.19452965028765817 0.005157133461073661 -9.753706127998209 0.19450811183674524 0.980891053160539 0.004397301366940708 -1.7676357910056801 -0.0059139915690424455 -0.0033101342221003383 0.9999770335938514 0.26357662102528323
1564719013393080784 1564719182297799447 0.9873889226594686 0.15822769948910342 -0.005206776715608327 9.665883053542617 -0.15818957093230582 0.9873834829372524 0.007065215563470453 -0.8797577828296811 0.006258998133336433 -0.006152457808989581 0.9999614853609485 -0.19713354793078433
1564719013994276939 1564719182891625602 0.9955010530551567 0.09443339489249708 -0.007745146554507661 9.413330111370465 -0.09438345029514648 0.9955141759791654 0.006579493514009767 -0.5574303987373052 0.008331727099249694 -0.005818879066910401 0.9999483601516387 -0.21204437763192496
1564719012591356734 1564719183493037625 0.9962006044985815 -0.08682021849316413 0.006826804338336069 -10.021564928197002 0.08685922946572143 0.9962046208923212 -0.0056415928082158544 -0.8863004292251364 -0.006311089707519471 0.006213129130420484 0.9999607828175627 0.24479920499688732
1564719015199102229 1564719183994830873 0.9985442598120765 0.05390195320930288 -0.0019851036723094657 9.910338611119304 -0.05390683064475078 0.9985428616256801 -0.002491406478188358 -0.2825192553112597 0.0018479194261587742 0.002594790285129022 0.9999949261157162 -0.2272531413696445
1564719015791500383 1564719184593842182 0.9992053497600116 0.039818025960023144 -0.0017871260799014305 9.6302812625045 -0.03982991209905065 0.999180545156304 -0.007198352820962037 -0.2509973187030525 0.0014990374112847 0.007263813722837615 0.9999724945702541 -0.21312542947839802
1564719014394748029 1564719185095813659 0.9990520143377143 -0.043364303464638355 0.0038222810984853257 -9.92937611785486 0.043337338894024496 0.9990368361362398 0.006875689091466255 -0.26093818043284156 -0.004116759083745042 -0.006703523545475874 0.9999690570546301 0.251536815752523
1564719016891575837 1564719185597596464 0.999686883195505 0.024988040126435233 -0.001316593146701442 10.17237387433202 -0.024992899352431007 0.9996803550040251 -0.003813502457890265 -0.21101096954567733 0.0012208803518502847 0.0038452138661902746 0.9999918618576358 -0.23037055946125826
1564719015591517154 1564719186197572841 0.9994176431104823 -0.03412126188110547 -0.0003378270918451415 -10.063454533236214 0.034121684490761646 0.9994167926280842 0.001336136414048412 -0.23217417358192974 0.0002920394081020867 -0.0013468855352426995 0.9999990503057201 0.23114471651384788
1564719016291505473 1564719186791326174 0.9997401370403646 -0.0225731252864358 0.00318000083772794 -9.61014949753699 0.022569082793724538 0.9997444387365746 0.0013014288854407549 -0.16735570838825897 -0.0032085654699786615 -0.0012293209900880358 0.9999940969213441 0.26773881632044566
1564719016791691169 1564719187294753878 0.9997787924278138 -0.0207327338365295 -0.0035383554441572413 -10.073415492510374 0.020746596630728528 0.9997770531070261 0.003927188417629955 -0.15572269473296552 0.0034561452266162894 -0.003999728526950799 0.9999860285183435 0.2249183802559957
1564719019199349711 1564719187794954804 0.9997710805983925 0.021392765313601715 0.0003687700713807176 9.638217018870058 -0.021395882021661424 0.999661023252693 0.014834244904990844 -0.12239800545560961 -5.12995470440086e-05 -0.014838739219464806 0.9998898985322112 -0.2452749578689771
1564719017996018305 1564719188394806698 0.9999711602118492 -0.006841131400222404 0.003298130642196164 -9.800908012792094 0.006892388425528238 0.999851593403551 -0.015788798249728064 -0.06962410368473262 -0.0031896279343747165 0.01581107490159539 0.9998699096303026 0.2659961201804181
1564719020594752287 1564719188994953430 0.9994583129383515 0.03281788402060042 -0.0024631660193942246 10.014760523692459 -0.0328220235445108 0.9994598347171535 -0.0016593847073919036 0.03865357721564583 0.002407378007752382 0.001739331933248271 0.9999955896180602 -0.2752201776468727
1564719019299153484 1564719189593984241 0.9998721266455397 0.0016744005137665956 0.01590367065322958 -9.987138658134384 -0.0017181371531294646 0.9999947788635317 0.0027368321832053856 0.19036587268105795 -0.015899005064779922 -0.0027638069027133487 0.9998697830264561 0.33119740913416273
1564719021897585086 1564719190098448606 0.9999485522376886 -0.009909707962584034 0.0021657714221005263 10.154995352208346 0.009876450067382664 0.999840772745141 0.014862196690599742 0.5620733983649489 -0.002312706601147976 -0.01484004193052912 0.999887205910594 -0.2615208018607508
1564719022497363517 1564719190598582863 0.9997217260649709 -0.02171120211431503 -0.009224648309598772 10.307352380403145 0.02176567334993411 0.9997460065880797 0.0058461760853972785 0.5412757092990135 0.009095377799115505 -0.006045329928848591 0.999940362266049 -0.2672130246904157
1564719021094630879 1564719191099183842 0.9997424194694418 0.02268816010725701 -0.000584896865702821 -9.264748223716031 -0.022689726431767764 0.9997385578708051 -0.0028270516219422474 0.6465487924204727 0.0005206033491910415 0.0028395945783583998 0.9999958328287156 0.25450926458042955
1564719023691129598 1564719191691246874 0.9999650354312409 -0.0063384085282652955 -0.005454584524646423 9.457541270365176 0.0063253677891722225 0.9999771032487127 -0.002404724655196628 0.27296400988850333 0.005469701759644184 0.002370138321780034 0.999982232245663 -0.26952369100308404
1564719024393311393 1564719192291244246 0.999935912129514 -0.01123359047116111 -0.001406441911381077 9.411317066260215 0.011236916363223838 0.9999340323874139 0.0023796184806688108 0.23037012247664132 0.001379617472276611 -0.0023952700461162806 0.9999961796612296 -0.24385734383644253
1564719023199119362 1564719192991359843 0.9997018271506589 -0.0237969856078989 -0.005473597319055248 -10.125537587116076 0.02376458811658446 0.9997001151779927 -0.005909658600940218 0.016219254952647453 0.005612587930972671 0.005777818715393372 0.9999675573075512 0.22960363250880286
1564719023891159918 1564719193590816494 0.9998796653303951 -0.01498451607006897 -0.0040148644958364794 -9.771443768164165 0.014981547031689666 0.9998874749434075 -0.0007685699917903192 0.047612484616887725 0.00402592937237549 0.0007083286249044337 0.9999916450467244 0.2857659025902525
1564719024493230858 1564719194193195750 0.9998352352550962 -0.017998016573389918 -0.0023608773408277457 -10.14909881636685 0.017962444466150834 0.9997362491966608 -0.014310228195475446 -0.09067606959179444 0.0026178103817656438 0.014265463246251931 0.9998948162817947 0.2638014035262683
1564719025092939870 1564719194795998339 0.9998639692517812 -0.01648944082601587 -0.0003759432555897399 -10.12947210991881 0.016484169107600394 0.9998008231532969 -0.011251052876712464 -0.18068964508245333 0.0005613919470398049 0.011243325275372043 0.9999366342303202 0.3276339974116616
1564719028394947449 1564719195391367135 0.9982750433729563 -0.05767569052309159 -0.01097508548545313 9.816555410297667 0.05762315696626963 0.9983256613631603 -0.005044367656877848 0.23938499447487976 0.011247646863645405 0.0044032472678117935 0.9999270482657915 -0.2248716886801226
1564719029199271534 1564719195893085442 0.9757341782695088 -0.21809020870560689 -0.019480098138487785 9.988953707915144 0.2181286871493959 0.9759200030800512 -0.00015307104522286447 1.207964279047113 0.019044400731511823 -0.00409981158196296 0.9998102331671688 -0.21640480908104254
1564719029991264260 1564719196394825591 0.9125859994028481 -0.40882631947271014 -0.006916227317719351 9.808786224308754 0.4088094564033987 0.9126120058569668 -0.003762329183997052 2.2105715527211753 0.007849971278324838 0.0006060298083410852 0.9999690048590562 -0.2591306813045808
1564719026999008089 1564719196897763114 0.989297351503688 0.14541233063163528 0.01208322838016735 -10.199149973159892 -0.14543380866946304 0.9893675619873838 0.0009135551794601808 0.535195809519261 -0.011821912015617232 -0.00266108764384407 0.9999265778090288 0.3802707660092539
1564719027493254499 1564719197491134018 0.9608620227749227 0.2766415307673751 0.014616314295271994 -10.082727434007376 -0.276603338896179 0.9609731065909938 -0.00461316814733611 1.458110830289155 -0.015322078853203167 0.00038969674102319244 0.9998825341189289 0.41948214314742144
1564719032199179372 1564719197991544365 0.7722447717819226 -0.6353060982832125 0.004916700077646169 9.852666702549353 0.6353242676700904 0.7722079044419454 -0.00761756042651197 2.192103302380012 0.0010427679292760268 0.009006320089291054 0.9999588985720934 -0.24236110093844226
1564719032691231474 1564719198491572124 0.8235573143460276 -0.5672293263833784 -0.0020594362883157823 9.923065210408636 0.5672325220883279 0.8235561212581313 0.0016065564380838367 1.5683912512760425 0.0007847754354127746 -0.0024912705453952067 0.999996588843482 -0.1844922687617465
1564719033191103964 1564719198994503967 0.8690247819890216 -0.494749149655724 0.004382602409219903 10.123318727764179 0.4947262606215942 0.8690322204085539 0.005378377372875383 1.1593978710799844 -0.006469570334609199 -0.0025057547222129503 0.9999759326368676 -0.22813656525614012
1564719029399325365 1564719199496072539 0.7888474585034904 0.6145764404026021 -0.003935240100834424 -9.083669337984905 -0.6145720978787494 0.7888570852694613 0.002373926933669943 4.424998519099146 0.004563301600451041 0.0005458225361282697 0.9999894391223692 0.2712474145229661
1564719034191271863 1564719200096226459 0.9427494195508412 -0.3333388197022006 0.010428960451642039 10.204989424779841 0.33349901539777593 0.942149591204912 -0.03365344738854675 0.7551608574375699 0.0013923596052029556 0.03520481603368217 0.9993791484030413 -0.21400384977327788
1564719034692750821 1564719200695900139 0.9727074555707236 -0.2318714500521313 0.008708417069955338 9.992643146500324 0.23201537611223655 0.9724274241485467 -0.02353231844367756 0.5627376958533328 -0.0030118307791235414 0.024910548258857218 0.9996851471642589 -0.19758647190380968
1564719031694436485 1564719201199040103 0.9246600539828751 0.3807848378943208 -0.00258685101695673 -9.468120183201234 -0.3807314686977706 0.9246105282621772 0.011786423120659643 2.3925937342321486 0.006879920902678588 -0.009913539052025749 0.9999271915653889 0.20103350011448104
1564719032491003590 1564719201791210325 0.9512105534925481 0.3085247028167359 -0.0033152188860537416 -9.632493760383321 -0.30832881071721796 0.9508966910482033 0.02699680416829955 2.024184270080397 0.011481611651875709 -0.02465746753905314 0.9996300225025534 0.14631458213721338
1564719036197442070 1564719202391516797 0.9990722033212672 -0.043008310461120094 -0.0022400406409571094 9.951861531061738 0.04298959458503798 0.9990448914688588 -0.007823016515089274 -0.10551286053277828 0.002574355882055698 0.007719459907340737 0.9999668907671659 -0.18870755676033152
1564719033891335214 1564719202892033590 0.9851309951170047 0.17180485007861138 -0.00012629033729982068 -10.038269587889193 -0.17178895378188358 0.9850493271999942 0.012898772862827168 1.1717056239250194 0.0023404739496860187 -0.012685285661227338 0.9999167993935277 0.20284860084567347
1564719037091462954 1564719203392829771 0.9999049971077799 0.013775571161787658 -0.0004799979837151075 9.858524867684567 -0.013772650775857296 0.9998892871433982 0.005632721054481063 -0.0842547968648431 0.000557538791487866 -0.005625575085086928 0.9999840209000694 -0.20545861823684178
1564719037591559149 1564719203893092639 0.9999469519501025 0.009700366177811686 -0.003463550451222106 10.233652650481266 -0.009684655154071964 0.9999428668980492 0.004524421981772042 -0.04547995510988815 0.0035072411178071567 -0.004490638678280106 0.9999837665802479 -0.16128141790346567
1564719035798069827 1564719204393170144 0.9999956106287726 0.0018124441537781281 -0.0023438791308192657 -9.541737292007218 -0.0018205329760068675 0.9999923793862932 -0.003453524145329472 0.009277764050379665 0.002337601949374774 0.0034577760957793437 0.9999912896628662 0.20095940582219265
1564719038593155022 1564719204992873742 0.9999936976554767 -0.00327157814328482 0.0013789219685885299 9.793719585481501 0.0032714742953036348 0.9999946457058738 7.75598270289065e-05 0.03276208368243736 -0.0013791683284696645 -7.304823044456397e-05 0.9999990462788898 -0.22264300345112104
1564719036992967222 1564719205494677992 0.9999829051619843 0.0011687761110437342 0.005729166275099403 -10.022335536592728 -0.0011681698179700937 0.9999993117302611 -0.00010917091299953424 0.06405517168978911 -0.005729289928242851 0.00010247640761577256 0.9999835822329856 0.24215486590295163
1564719037691523300 1564719206094367329 0.9999975095089033 0.0022080298976183063 -0.0003249307087863571 -9.773924571185953 -0.002208523147990427 0.9999963975248296 -0.0015255696869159146 0.09480356296559796 0.000321561034751999 0.0015262835044900465 0.9999987835278472 0.22101379327802217
1564719038291443395 1564719206594719904 0.9998928221896632 -0.005715516906439969 0.013478761073991211 -9.352659150246435 0.005727159524328229 0.9999832590938653 -0.0008253337483331671 0.021940164226250575 -0.013473818218325209 0.0009024403057301819 0.9999088167548706 0.27174321667137225
1564719038792943675 1564719207094783328 0.999960401877357 -0.004239927156832267 0.007824173757305345 -10.038413049513254 0.004208088079067052 0.9999828173154411 0.0040813072169393425 0.03381403781859131 -0.007841343762299608 -0.004048220792519221 0.9999610618601303 0.2859859737548735
1564719039494848205 1564719207691068333 0.9999845015458387 -0.0011282261779507854 0.005451951376666475 -9.960618889650597 0.0011399417099508535 0.9999970470889877 -0.0021462400175651258 0.05254329069301092 -0.005449513833366684 0.002152421660937612 0.9999828347926709 0.27382239847199064
1564719040095693915 1564719208191080769 0.9999842529782766 0.005413344594653473 0.00147969449125174 -9.702613779717256 -0.005410457776647549 0.9999834658965138 -0.0019480452355863699 0.10588311712862519 -0.001490215465976177 0.001940008735108293 0.9999970078075129 0.2437186855426149
1564719040697366863 1564719208691152974 0.9999739197046245 0.007218334834280018 0.00023569639837453285 -9.378466201552051 -0.007217797413799241 0.9999715169853756 -0.0022064946102102797 0.1343619036359033 -0.0002516169019369629 0.0022047358553246147 0.9999975379113442 0.22475100342250487
1564719043090993526 1564719209291126717 0.9991787758702008 -0.0403995673564245 -0.0031062530391266804 10.185899734666156 0.04038462086057014 0.9991730001313273 -0.004732674351006963 0.12512299697875598 0.003294882164490918 0.004603342913349298 0.9999839763643985 -0.2174444069140533
1564719043590756359 1564719209791433343 0.9989625750012663 -0.04538944515949534 -0.003684021574630152 9.973405082554454 0.045380740847136156 0.9989668493598678 -0.0024129318664610666 0.06564662400342261 0.003789737064009157 0.002243245002269317 0.9999903028254191 -0.23172411554070446
1564719044090719479 1564719210291825516 0.9992323414864321 -0.03833956761858988 -0.008050172816236507 9.839955126522018 0.03844653007259298 0.999168357724805 0.013581503852670318 0.06039348733063474 0.007522768966879288 -0.01388057910687949 0.9998753609679327 -0.16553613086656957
1564719044691178547 1564719210891585594 0.9993031818250676 -0.037293206019841894 0.001538693947142715 9.767109882913775 0.03727101131290912 0.9992263562919746 0.012552314813765173 0.12541633568833696 -0.0020056196086267173 -0.012486219453154708 0.9999200327095028 -0.21964452070160095
1564719043690712770 1564719211491653561 0.9992411244730852 0.03852107831929209 -0.005770761378737826 -9.856812878748789 -0.03858379070150851 0.9991928062259793 -0.011181550937272269 0.20122635267490738 0.0053353778566959465 0.011395723381138511 0.9999208324821319 0.25978811172696026
1564719045894459901 1564719212091139942 0.9977483539141572 -0.06688014534442042 -0.005026770365197844 9.559694488106013 0.06685915109272707 0.9977534370296782 -0.004234714941477891 0.0693118132482975 0.005298695759813789 0.0038890942627999255 0.9999783991512426 -0.20036995044449527
1564719046393987440 1564719212591812035 0.997958365755081 -0.06384901345827201 -0.00155038700054037 9.478069276613454 0.06384338513798467 0.9979539918293351 -0.003442726538854711 -0.06749458670351322 0.001767029589182344 0.0033367157960685597 0.9999928719416636 -0.2088362366867658
1564719045494148561 1564719213193068823 0.9994415833548771 0.03341386196942024 0.00018785468921722365 -9.706734546470308 -0.03341368601627016 0.9994412259997034 -0.0008725588890364698 -0.019357043730082797 -0.0002169052831793925 0.000865794720026699 0.9999996016757251 0.24353226587586116
1564719045993975455 1564719213698976523 0.9995638420151907 0.02953122321147535 0.00018053107882991785 -10.037153887107912 -0.029531169694189393 0.9995638171751963 -0.0002922510016587065 -0.13324714562337892 -0.00018908286383757683 0.00028679224012655234 0.9999999409989476 0.24756999545715838
1564719046695468074 1564719214298986500 0.9996519498025347 0.02634460291130825 0.0013932528310214925 -9.14298385463508 -0.026340330903579835 0.9996485302628584 -0.0030004851604388785 -0.29079653396677707 -0.0014718097349082796 0.002962742100384451 0.9999945279527123 0.23471458942957096
1564719048795961049 1564719214898397439 0.9994108350199004 -0.03262061377102296 -0.010671382386506532 10.076726302793679 0.03253778844948942 0.9994397159815089 -0.00784515402182208 -0.4111086152084935 0.010921317120820319 0.007493308749253188 0.999912283731104 -0.26230483459551274
1564719047890715945 1564719215491206995 0.998777682931281 0.0481015737707559 0.011374474897689855 -10.008636707445563 -0.048136067517658615 0.9988369235767578 0.002778327493206945 -0.1795404873563005 -0.011227603589235361 -0.0033224539877425405 0.9999314487589409 0.377421528846003
1564719049890290893 1564719215994465298 0.999993613280249 0.0032987399660817196 -0.0013753957102644876 9.403837276204387 -0.003311601362909764 0.999949806878941 -0.009456057275173643 -0.3793508599435084 0.0013441336008061682 0.009460551644294641 0.9999543445915239 -0.21441203941346362
1564719050490268227 1564719216495636253 0.999919219008458 0.01234544974116969 0.0030241243711738963 10.182908012228184 -0.012367848974462565 0.9998953603007281 0.0075036498346504376 -0.3488039925449895 -0.002931171995799551 -0.00754044559587923 0.9999672744200028 -0.23934152925883495
1564719049498595317 1564719216995944048 0.9999795901271235 -0.002107762709279411 0.006031307118761962 -9.954427044244499 0.0020979440085326056 0.9999964646259819 0.001633819600461264 -0.2271638483348516 -0.0060347294998625905 -0.0016211329097769959 0.9999804767934095 0.34423712011400287
1564719051590922424 1564719217498617297 0.9999592552160875 0.00885285210340121 -0.0017649128389018907 10.11303318588452 -0.008857474514445834 0.9999573166927156 -0.0026286760816132022 -0.2574178250706954 0.001741566226007553 0.0026442016472654406 0.9999949875598171 -0.2433394517738123
1564719050690418927 1564719218098467877 0.999990859862821 0.004247303941448045 0.0004905099901532092 -9.698708341753829 -0.004247053321763631 0.999990850741636 -0.0005108533135829234 -0.14194545369524464 -0.0004926752516425239 0.0005087654222307919 0.9999997492143928 0.2600614376742959
1564719052790785455 1564719218598892794 0.9999178050486077 0.012232669101121533 -0.003839915812067589 9.836833579859348 -0.012265390371798699 0.9998876499020004 -0.008616714715553185 -0.10040615228909648 0.0037340789772963893 0.008663104531536337 0.9999555026470387 -0.19632861648535557
1564719053490793469 1564719219193951382 0.9999847175641735 0.00211777014767344 -0.005106827558809629 10.235659866853025 -0.002090746610177063 0.9999838158917529 0.005291193929153168 0.036187885782552706 0.005117950441908732 -0.005280435984413998 0.9999729614240136 -0.22219491602849628
1564719052390525704 1564719219695383595 0.9998957639067867 0.01108382912485568 0.009252570086178845 -10.042233618572247 -0.011035209220080286 0.999925120583743 -0.005289365091329203 0.14533815813701725 -0.009310503677982581 0.005186709701852374 0.9999432046690192 0.3810622605091032
1564719054591076429 1564719220198750506 0.9999776131118988 0.001027512398371699 -0.0066119205459309735 10.129565877781776 -0.001029113849902151 0.9999994419473164 -0.00023880902188207524 0.17154921975996706 0.006611671476900295 0.0002456080946996539 0.9999781124989462 -0.24338812896830003
1564719055191001271 1564719220790783065 0.9998227542971153 0.008730483262485933 -0.016680487155095347 9.816791890119507 -0.008599245226359216 0.9999316344101286 0.007923350770536805 0.3501492743645386 0.01674852146503712 -0.0077785067911181295 0.9998294763912783 -0.22653576393972844
1564719055691267892 1564719221290911853 0.999753638599837 0.019922202759327847 -0.009786109727793129 10.038101017911263 -0.01978096926465519 0.9997017404354006 0.014322828819132024 0.5595223312868506 0.010068533226788858 -0.01412572149122369 0.9998495329953504 -0.2826235799015375
1564719056092840851 1564719221790933580 0.9992214069907364 0.03867245146130237 -0.007811613753803283 9.532088568520631 -0.03865055561679708 0.9992484782874522 0.0029348238000503446 0.8214901991427798 0.007919239987412648 -0.0026306155549074596 0.9999651821437819 -0.22152856132840515
1564719056595868208 1564719222390399209 0.9988411314987021 0.04609358044064285 -0.013848316452509288 9.740201609317811 -0.046287669661192896 0.9988295108437408 -0.014037802712540326 1.228557868736331 0.0131850545597292 0.01466254104246683 0.9998055632103948 -0.17717741470211518
1564719055290214330 1564719222891107251 0.9960598420024801 0.08847757047362768 -0.006042406232719522 -10.257677124801692 -0.08844451967676949 0.9960657291087384 0.005534458801198272 1.6538485316293376 0.006508309238381837 -0.004978234442145742 0.9999664289828472 0.23019900996914025
1564719055691267892 1564719223392177999 0.9974634276050149 0.07118082464979048 2.8153897964655202e-05 -9.900512470191071 -0.07115072923672318 0.9970300403714285 0.029473247632921678 1.9358401734144701 0.0020698597895945654 -0.02940048977695634 0.9995655690755547 0.2266304675974067
1564719057698788686 1564719223894844581 0.9999203381610238 -0.007404339184869423 0.010222186321282379 9.43379422113543 0.007527943844323197 0.9998983731750634 -0.01210674949529364 1.898094268856695 -0.01013150499325267 0.012182737093957528 0.9998744588814579 -0.2098091061218653
1564719058098943607 1564719224398087785 0.9997879300505005 -0.020570457253858216 0.0009753018514092694 9.625886489814476 0.02058174286883851 0.999697284117295 -0.013480800754700782 1.903156593879527 -0.0006977003763754259 0.013498015293890584 0.9999086542266342 -0.2148792020404349
1564719056998629365 1564719224998382346 0.9998024686000855 0.01965247588275361 -0.002967148941396415 -9.04277340950812 -0.01968911223673908 0.9997233244658378 -0.012869086148962854 1.9923002729776291 0.0027134185987033117 0.012924964628890777 0.9999127875214202 0.28991384304512813
1564719057398902151 1564719225598011151 0.9999578037282191 0.00847859983923939 -0.0035361147895677817 -9.931301427570201 -0.008495068287780464 0.9999530183910431 -0.004668492844611916 1.925557773056128 0.00349636637452409 0.004698335388229611 0.9999828503863304 0.23093621531904132
1564719057798925182 1564719226098296983 0.9999575058151384 -0.004644535900873419 -0.007963344161647271 -9.926546357080872 0.004608498273100326 0.9999790846921771 -0.00453783228740955 1.7684015250755256 0.007984253730824386 0.004500940398108089 0.9999579957317762 0.2173341379141842
1564719058198947527 1564719226598546887 0.9996903696044638 -0.02151008618346351 0.012509241082976462 -9.937804305809637 0.021361076227894828 0.999700692065244 0.011926051595707646 1.576596327066968 -0.01276202736551449 -0.011655148075308258 0.9998506329351756 0.2621375197052566
1564719058690772333 1564719227190592501 0.9991974555859383 -0.03963492464282965 0.0057894299497087305 -9.831606352675221 0.039658428695193065 0.9992052766405672 -0.00400301974592433 1.222487621011631 -0.005626169568516024 0.004229406839633811 0.9999752288600869 0.3543893889618423
1564719059191501978 1564719227791186358 0.9991834588120989 -0.03847404995164266 -0.012335441484494274 -9.828218821044644 0.038497211248824686 0.9992573525753841 0.0016456154176022924 0.9278469369156446 0.01226296711086612 -0.002119151801510713 0.9999225614182807 0.14841376443381638
1564719059591639141 1564719228292474710 0.9994522891717106 -0.032855199713225966 0.003956958583491859 -10.069156388001659 0.03283805824416576 0.9994513417277301 0.004321741476376612 0.7004661091384804 -0.004096779244747344 -0.0041894355753391115 0.9999828323673302 0.2563963007149161
1564719061696001596 1564719228793986570 0.9998852424953625 -0.015059884010167038 0.0016436951061195733 10.091917557599622 0.015061553474068706 0.9998860602110717 -0.0010080687153184718 0.24164660261642937 -0.0016283264259185457 0.001032709633604339 0.9999981410302148 -0.23564816811446507
1564719062097223155 1564719229295321340 0.9999654293490184 0.008175476175909737 0.0015171341892053147 9.757696268928104 -0.008171144924903534 0.9999625842302498 -0.0028394594900849764 0.051917769387713156 -0.001540291357873948 0.0028269646047916638 0.9999948178734162 -0.20782004010678864
1564719060895657269 1564719229798499755 0.9993640598475869 -0.03565590243547492 0.00036401438075534177 -10.170451441858637 0.03565735183294479 0.999349406746782 -0.00541447089908493 0.05389401066738979 -0.00017071970933750017 0.005424007408483043 0.9999852753908051 0.2412039949798602
1564719061496302628 1564719230390130546 0.9993053904853102 -0.03661364195097303 0.006941020824743072 -9.431764256890618 0.03662618351664303 0.9993276099145896 -0.001688414463437237 -0.05022837487564947 -0.006874534748528002 0.0019414647772063108 0.999974485417766 0.24317508959134693
1564719061896059563 1564719230891081269 0.9992032171013665 -0.03975229064839502 0.0035617864185304303 -10.08756790709425 0.03973801815900679 0.9992021582301694 0.00399210482921628 -0.10396675321697663 -0.0037176399880202034 -0.003847385654980719 0.999985688285866 0.2709388371360733
1564719062398813149 1564719231398020017 0.9993368217782422 -0.03587054042244914 -0.006262664606097173 -9.554881246197652 0.035873745520198876 0.9993562499196759 0.00040016102182702994 -0.04987937811255506 0.006244279023145391 -0.0006245608801093754 0.9999803092577384 0.2094042055703219
1564719064491326037 1564719231995475286 0.99893105988142 0.04616895140872807 0.002272780237944498 10.16539734846197 -0.04617101758786432 0.9989331752639936 0.0008651542661917386 0.015946208161879256 -0.0022304123144896806 -0.000969166044426586 0.9999970429846832 -0.27198903992204226
1564719063390931381 1564719232497021655 0.9994793635685537 -0.030829710270542418 0.009514765642494672 -9.658413553764424 0.030824377335045543 0.9995245661752977 0.0007066639891290204 0.04423590396541573 -0.00953202824711709 -0.0004130093476924468 0.999954483894534 0.2344190415162205
