1566534024087683166 1566534113188522155 0.9998378484316084 -0.015311875443228769 0.009477516239520744 -9.943677845063197 0.015354506141429032 0.9998722466857982 -0.004441784399810835 -0.1328448243690363 -0.009408293405935087 0.004586586738809211 0.9999452221183341 0.3101458451130627
1566534024087683166 1566534113688540993 0.9997848231108581 -0.015364684932650502 0.013936783492779216 -10.012751941268405 0.01542519967776636 0.9998720132741575 -0.00424503074041978 -0.13508239933480315 -0.013869776209635304 0.0044590949761526425 0.99989386725787 0.31245898227795066
1566534024187667464 1566534114190366586 0.999751132585013 -0.015332709234965032 0.01620434887633206 -9.85917110094874 0.015390030003676513 0.999875722349053 -0.0034186010950161077 -0.12730683802416026 -0.016149918621338515 0.0036671357319954375 0.9998628567178847 0.3090123602107338
1566534024387936971 1566534114789859931 0.9996809983310568 -0.014969462438955711 0.02034248682256298 -9.782693722494692 0.015083649049491442 0.9998712653414684 -0.0054714052867844585 -0.11608920304416821 -0.020257964043539294 0.005776498831391855 0.9997780988569762 0.31618752083544793
1566534024588100238 1566534115290102389 0.9996339753744825 -0.014409279829677107 0.022897334600256922 -10.057549929415432 0.014458690086818328 0.9998934798311263 -0.0019938084601347217 -0.10995178461100873 -0.022866166228279246 0.002324144141939133 0.9997358335060508 0.3311276750860291
1566534024987841588 1566534115793087660 0.999746443574835 -0.012946070930186272 0.018424109393453993 -10.024947551736217 0.01294962341888038 0.9999161474082336 -7.35226896407999e-05 -0.08533845617574302 -0.01842161265417486 0.00031208932596424603 0.9998302589877334 0.31823855188704975
1566534025587655920 1566534116293228489 0.9998043210705563 -0.012418933541227688 0.01539771601072403 -9.923168325203239 0.012342084014584436 0.9999109496624842 0.005075993228414631 -0.058961412402775894 -0.015459383261475472 -0.004884960058856541 0.999868563679451 0.2768902476216304
1566534026589353311 1566534116794429105 0.9997371270389348 -0.009806078226202051 0.020724807592926664 -9.692592424435354 0.00961163710904178 0.9999090495114171 0.009460926871459666 -0.03710860734034898 -0.020815697250543583 -0.009259240519860438 0.9997404529241494 0.29714799724049584
1566533838691131891 1566534148288987980 0.6707161231466043 -0.7416868394100026 0.00636509208076058 -3.282047711346334 0.7414745856234605 0.6702567064535512 -0.031167071222227036 9.823620451761894 0.018849960894157407 0.02562381119304237 0.9994939215794398 0.06274556230892955
1566533838591522309 1566534149093078618 0.7374439738784876 -0.6753508890598785 0.008806931153327768 -8.628046107770517 0.6752646700326992 0.7369555501192736 -0.030234790457975426 5.143247927508509 0.013928775823370678 0.028243473483964946 0.9995040247090725 0.15851298100063144
1566533845291456785 1566534149593574854 0.9104247894012995 -0.41367433127683484 -0.0005004860412756713 9.32453106216347 0.41356179290361295 0.9102040366559299 -0.022254327794546214 4.610262581771474 0.009661588583483517 0.020053909791063987 0.9997522165057461 -0.1866769872337159
1566533840090782255 1566534150193319539 0.9191408573427682 -0.3932710167887297 0.022759431389325475 -9.408027300309218 0.39369918157513284 0.9190434971791537 -0.018973790338341928 1.9581437686589986 -0.01345506559915781 0.02639995542971809 0.9995609053794823 0.25962643307111566
1566533841490853796 1566534150892981117 0.9847679592664724 -0.1732339143541785 0.014902258879434721 -9.403851646038646 0.17348415812194293 0.9846801435445582 -0.01755738561956641 1.654589234048083 -0.011632423775836722 0.0198752566424485 0.9997347952784879 0.29736554518792474
1566533843991075597 1566534151494675649 0.9956714548027186 -0.09294062077443102 -0.0006285707180264172 -9.441744605007628 0.09293287909861578 0.9956415264088141 -0.00783778494169474 0.9286185634541334 0.0013542797071292283 0.007745443848784427 0.9999690865352251 0.15941444073070818
1566533846291560212 1566534152085320440 0.9985786500656171 -0.05306906240217928 -0.004935002421255023 -9.579939400980841 0.05303823774207108 0.9985733567808518 -0.006180328845672034 0.39430901868919077 0.005255946190691152 0.00590980060399637 0.9999687241541467 0.18038663615134115
1566533847693165748 1566534152585443450 0.9996840798332461 -0.024991594295771705 -0.0026759563757023973 -9.503805437859103 0.024978605901698828 0.9996765491524073 -0.004781874313234819 0.19656656245571666 0.002794597498154225 0.004713521962985518 0.9999849863550601 0.1808770487237076
1566533848893287420 1566534153085617591 0.9999746756048339 0.0071090877891792316 -0.0003301815003991821 -9.610843005912722 -0.0071112589970764245 0.9999493617995912 -0.007120662334279809 0.2602915980692527 0.00027954336695076485 0.007122830013978298 0.9999745932513033 0.2160057588383074
1566533849895981029 1566534153586955001 0.9993565560169405 0.0354373558243145 -0.005537847790216875 -9.840749714937278 -0.0354667039781072 0.9993568344586595 -0.005294367733606968 0.4176093725514778 0.005346667644104415 0.005487370312796057 0.9999706505253876 0.1818348428806443
1566533850895939514 1566534154090481450 0.9987130987029682 0.050703063173509186 0.0011601137630930557 -9.713527804856822 -0.050699285374070306 0.998709208242595 -0.0030821800744174482 0.5195876259644294 -0.0013148922688350955 0.00301939667413973 0.9999945771363272 0.19674107805233113
1566533851799374392 1566534154592913247 0.9974849633690094 0.07087821796591917 -0.00016146431557391698 -9.723315748794217 -0.07087830208516914 0.9974847934422558 -0.0005942600435570129 0.6034795307041738 0.00011893810657306517 0.0006042097743140626 0.9999998103921367 0.22159423793904814
1566533856995982021 1566534155184958364 0.991586408698602 -0.12941441515785804 -0.002881533198404892 10.248764915350007 0.12941140819036115 0.9915902528852545 -0.0012073993356996617 0.4284566712828425 0.00301355511179546 0.0008243375021983491 0.9999951194647336 -0.26014712991782013
1566533859191428934 1566534155785341049 0.9992347642228367 -0.03883896752217718 -0.004628236200833758 10.225834628980003 0.03883362375108802 0.999244922248475 -0.001238962064395714 -0.20868718713848375 0.004672861530030724 0.0010582827830427776 0.999988522135467 -0.1853190444034667
1566533854591188722 1566534156285977627 0.9939251513782877 0.1093787503162885 0.012209931895993656 -9.920065787822477 -0.10925007255093089 0.9939561400881194 -0.010752359217892792 0.8151095191507561 -0.013312216392285412 0.009353104317838376 0.999867643408046 0.31564189739627335
1566533856094272877 1566534157088585344 0.9948555402107249 0.10112411925612531 0.006030474003493711 -9.588114197513157 -0.10106026887663132 0.994829131562128 -0.01009064170069852 0.5009221345737379 -0.007019698470515828 0.009429289475974397 0.9999309037795427 0.2680064960699838
1566533857396270224 1566534157588795661 0.9922521197875761 0.12420217446817404 -0.003090410078622893 -9.528415472451776 -0.12422560981651516 0.9922118897059732 -0.009141323308346943 0.7733884198835856 0.0019309693916638496 0.009454405506970185 0.9999534417030318 0.24237734556929455
1566533859291412977 1566534158089911419 0.9792210463429323 0.20180682516529608 -0.020003692553360507 -9.445863339487918 -0.20172323867588196 0.9794233629144592 0.0061327934467634475 1.9215877507946042 0.020829723406204894 -0.001970150768604455 0.9997810966050488 0.13199312702678503
1566533860890437545 1566534158590043132 0.9855293065267815 0.1694730130027448 -0.0032990666298319486 -9.151974803196078 -0.16944004232062423 0.9855035952130204 0.008528533320907503 2.1279168847327945 0.004696598262935301 -0.007846125540066999 0.9999581892653241 0.15057705672810096
1566533861891049042 1566534159091668477 0.9966730274217706 0.08051219445930045 0.012675289080970355 -9.616996738932292 -0.08059261151062252 0.9967292698183229 0.005966042016648344 1.378450848650758 -0.012153492495415136 -0.006967727807145671 0.9999018668796325 0.2718777237664108
1566533862797660668 1566534159593794426 0.999975592919765 0.006608127153539954 0.0022685282223024157 -9.71274337410672 -0.006627773674447769 0.9999396215049208 0.008765041970042485 0.38279822891182813 -0.002210470740138103 -0.008779863332591413 0.9999590130695257 0.20707001675705192
1566533863791356736 1566534160184804109 0.9999298877674755 0.011556073163044885 -0.0025839354418465198 -9.438949692262666 -0.01155982430455528 0.9999321439324352 -0.001441524445387104 0.08237087434013897 0.0025671017441915036 0.0014712932166119743 0.9999956226328706 0.20536406844574345
1566533864491306987 1566534160685071251 0.9994319702592359 0.0330821011940864 -0.006427394832080785 -9.732061982344643 -0.03315442542890816 0.9993841676994368 -0.011492146282854835 0.12128170765797831 0.006043252288468102 0.01169871498464341 0.9999133058268052 0.18561868778091115
1566533865191703444 1566534161185476228 0.9986187671354096 0.05239503291482733 -0.0039138792534562355 -9.793306594040871 -0.052439287070274225 0.9985493335514242 -0.012220868855066942 0.24518497426166433 0.0032678886942304154 0.012409230027100707 0.999917662567084 0.17388924197319902
1566533865993244664 1566534161785198316 0.9979914182296298 0.06332139453352356 0.0018788651754772158 -9.830452677963073 -0.06331435270512313 0.9979871527141245 -0.0035966316314473266 0.3448628937316798 -0.0021028270373348082 0.0034704483703121036 0.9999917670193934 0.2183670584672515
1566533869097446431 1566534162285705436 0.9963925505343525 -0.08481825987293612 0.0027835286575315895 9.700833025671537 0.0848190189812825 0.9963963618003889 -0.00015559565075799406 -0.14081057542492434 -0.00276030047499051 0.00039113051734887257 0.9999961138715567 -0.1870857052654464
1566533869798698443 1566534162885568318 0.9977423441303326 -0.06713163428380683 -0.0018863742198966772 9.853814820961 0.06713291547323799 0.9977438458995853 0.0006242031465167611 -0.2720773166873071 0.0018402144916147456 -0.0007494317116744288 0.9999980259794222 -0.16430160104312108
1566533870398455929 1566534163385747433 0.9986439344663514 -0.051904694020524375 0.004024287788249467 10.053552307707227 0.05192290788334244 0.9986406766288323 -0.0045618657643064315 -0.30327825336596415 -0.00378203523314744 0.0047646322994996295 0.999981497073093 -0.2484394561751619
1566533870992502206 1566534163890330323 0.9987601355985998 -0.04965835757937446 -0.0034984370216424934 10.175178269666016 0.04963627464755949 0.9987484924989712 -0.006139134315692853 -0.19423752576344938 0.003798918028544519 0.005957873240756047 0.9999750356725247 -0.2054345428064015
1566533869197483819 1566534164391622049 0.9977159360116242 0.06739267563721595 -0.004597640582102324 -9.779775997014422 -0.06740482382830981 0.9977224745123524 -0.0025403892671464557 -0.008820292842485351 0.004415965708620401 0.0028444900089675956 0.9999862039665651 0.19049835658934666
1566533872091108227 1566534164893239423 0.9977076195578446 -0.06698869896203198 -0.009592710128288462 9.778395035797155 0.06695701609344397 0.9977494128188911 -0.0035870901057389677 0.05625677205218298 0.009811415397084628 0.0029365678840967426 0.9999475549732499 -0.16886872111736695
1566533872790733930 1566534165485235472 0.9969377522114388 -0.0774295061828397 0.010944852118355032 9.883343383522082 0.07745708796020893 0.9969934362100025 -0.002118414243202547 0.2511418969351999 -0.01074791795354712 0.002959683507114078 0.9999378593358779 -0.29310297763972676
1566533873492652653 1566534166085164095 0.9958594033395539 -0.09022552441444877 0.01110871389171886 9.86551050468629 0.09025859327021632 0.9959151969097276 -0.0025113552403905302 0.4077970419867284 -0.01083674863932936 0.0035036136201769172 0.9999351426820348 -0.26438900910014307
1566533874097344133 1566534166585458969 0.99487978367278 -0.10103918535466559 0.0023019691717530303 9.869719040701126 0.10104198753668305 0.9948815147227313 -0.001135084862322711 0.5303261854096257 -0.0021754985266407905 0.001361868522639761 0.9999967062547211 -0.21339955047143147
1566533872490969750 1566534167185492401 0.9929680485612413 0.11817793924514755 -0.006959110018744231 -9.606914128161355 -0.11821407900880135 0.9929753820960564 -0.005032104459327055 0.8682176239113841 0.006315541194841769 0.005819383726721172 0.999963123676303 0.1674703148592625
1566533873091156208 1566534167687158606 0.993494163051923 0.11373277922131896 -0.005848325603129791 -9.757822090789084 -0.11374548121503836 0.993508131850427 -0.0018861204202002195 0.9088165783266599 0.005595845327083343 0.002539070238312158 0.999981119640473 0.18668972373092382
1566533873692760453 1566534168187209121 0.9935715206894534 0.11313029095217503 0.00414373550473695 -9.927583176086033 -0.1131233385385462 0.9935791816529977 -0.0018761832678601687 0.9205644130201277 -0.004329382490755538 0.0013953690682235204 0.9999896546426987 0.23016164289773852
1566533874397049933 1566534168688365378 0.9952647907517268 0.09719727839786674 0.0008278659199778653 -9.260935047970012 -0.09719738679060333 0.9952651202600142 9.162373144207469e-05 0.7450865225602615 -0.0008150404970728742 -0.00017165627793625383 0.9999996531215013 0.23680445635203
1566533877297199130 1566534169190170932 0.9973825013689773 -0.0718997896380479 -0.00765285652315495 10.164569994178747 0.0718705935814493 0.9974058461912941 -0.00402439581649962 0.38178809178282236 0.007922357048884826 0.003463846625046614 0.9999626183139851 -0.21803403265905422
1566533875597251502 1566534169691552092 0.9961064817493338 0.08809993785765004 0.0032059267701787515 -9.33787507694047 -0.08809413501137907 0.9961103254948781 -0.0019086170606850297 0.6816164161510686 -0.003361605802995842 0.001618762479597183 0.9999930395830131 0.22162622162195336
1566533876297155887 1566534170285406506 0.9964804884397195 0.08382199546123147 0.0007136076239289464 -9.370582358301606 -0.08382365435083358 0.9964768156287365 0.0027478874958181076 0.7128007491551256 -0.0004807600394985474 -0.0027980334728202726 0.999995969931121 0.21796780791502252
1566533879190615552 1566534170885048114 0.9998165043357896 -0.01914141621497023 -0.0007508948393383932 9.54459891037812 0.019129948779936252 0.9997312414775648 -0.013095414213482382 0.35861076500452155 0.0010013578039188731 0.013078646681937606 0.9999139694411419 -0.20242959837553193
1566533877597257983 1566534171484968851 0.9983271318901701 0.05705977187671419 -0.009333818368440307 -9.97164254174608 -0.05695235650633039 0.9983118600198955 0.011395579494253924 0.7668144363732174 0.009968290742830925 -0.010844933241439954 0.999891504415694 0.15900003967897658
1566533880493875672 1566534171985270466 0.9965159877378118 0.08290109622808378 -0.00912657806260728 9.969893910740513 -0.08284023102060929 0.9965392499398891 0.006857073260944237 0.05377318999434956 0.009663452147276777 -0.006077135298486323 0.999934840936732 -0.17109025435124395
1566533880993894442 1566534172485341053 0.9928563258972872 0.11912330420062946 -0.006778976476133378 9.38067151459376 -0.11912026708335316 0.9928794674891671 0.0008514742616142014 0.13207720382564941 0.0068321369812303035 -3.787811859355128e-05 0.9999766599623834 -0.16954725841021123
1566533879290582628 1566534172985394162 0.9982973137456587 -0.057148247283937 0.011685512423119023 -9.824793798757259 0.05725047212153184 0.9983227293204902 -0.008608807347656037 0.19830146415714525 -0.011173934404633127 0.009263150352924354 0.9998946630698 0.2950519863146
1566533882195472564 1566534173488679193 0.9864131251042838 0.1641490385571308 0.006651297826275779 10.002383212457708 -0.16420076383928922 0.9863931572687574 0.008163850070168819 0.06824555661765754 -0.005220706522852212 -0.009145077044195152 0.9999445543575202 -0.23735699776855104
1566533880393957616 1566534173991583488 0.9918361904624934 -0.12743538125786794 -0.004603791102519758 -10.099060447470642 0.12743898596458136 0.9918462873554904 0.0004971070828740591 -0.06231386270181134 0.004502904082162762 -0.0010797512650276453 0.9999892789385496 0.21630401242355698
1566533883395555639 1566534174584705912 0.9833588948672964 0.18165663450215408 0.0024801263517611827 9.978786200175188 -0.18165967372495678 0.9833608909280076 0.0010588368229534396 -0.05798836935443322 -0.0022465145251371874 -0.0014917555519219617 0.9999963639123223 -0.25658226244072035
1566533881693943151 1566534175085020215 0.9832313992891063 -0.18235299452449955 0.0018441366365854147 -9.809899898456054 0.1823171427365754 0.9831626404987306 0.012315916203623187 -0.3468018932042891 -0.0040589304451092425 -0.011773177800017808 0.9999224556775068 0.21812540183826848
1566533882295416054 1566534175585112606 0.9809191230373723 -0.1943822297387509 -0.0036363197589554925 -9.634695001840248 0.19439592396057065 0.9809154300411045 0.003891510605378248 -0.4573229124371644 0.0028104816515975442 -0.004524142909676491 0.9999858165613285 0.25843789069750844
1566533884998513870 1566534176085243117 0.9967076602456348 0.08073425098010625 -0.007471326947634284 9.69584553205602 -0.08067584367694895 0.996709758373751 0.007814461564958233 0.28345742110030464 0.008077639177967586 -0.0071859780976022605 0.9999415550241403 -0.1839432662354111
1566533883395555639 1566534176585587025 0.9885834948430883 -0.1505703767693185 0.005588860651498038 -10.08883074765972 0.1505721542487533 0.9885990165874741 0.00010376499014190132 -0.36578285745877614 -0.005540766077576565 0.0007389464314952823 0.9999843768126826 0.243953281194741
1566533883996965243 1566534177086158553 0.993531909467963 -0.11333839123339176 0.006982402278008959 -9.912943249154194 0.11335664204830188 0.9935517587452194 -0.002274730272070554 -0.15003441033960513 -0.006679563794056037 0.003051518786400273 0.9999730354667695 0.2670063219820051
1566533884598544508 1566534177586996496 0.995615653208795 -0.09345948851293744 -0.0038464389415153615 -9.715204646176609 0.09345986048106596 0.9956230449003215 -8.332029359272986e-05 -0.10955497238919663 0.003837390322996555 -0.0002765326582921878 0.9999925989552128 0.1869122547601335
1566533887291088072 1566534178187054163 0.9999599708023011 0.008743269110748074 -0.0019005363247436998 9.783292873446637 -0.008765340132345548 0.9998903835557661 -0.011932714907990565 -0.12513604085782004 0.0017959970570474756 0.011948896098306523 0.9999269964735508 -0.21158839672104157
1566533887990593162 1566534178786851524 0.9998371028542237 0.018048829306955432 -8.669906267844665e-05 10.155770844920509 -0.01804851665595425 0.9997602199643151 -0.012399742877406502 -0.2952867758128937 -0.00013712256867035507 0.012399287784160166 0.9999231164743897 -0.2100412331336835
1566533888498463351 1566534179286875114 0.9997868049597318 0.020606310362647096 -0.0013132408988917796 9.574668269887042 -0.020612720674477995 0.9997746772539562 -0.005070549096601416 -0.30315117676563136 0.001208459687452608 0.005096537548509607 0.9999862823710176 -0.21883623272161598
1566533887090981135 1566534179786883418 0.9992637618975431 -0.038343355693280595 0.0013119575298246693 -9.960217028729888 0.03834391171637308 0.9992645212287735 -0.0004013075175179477 -0.3441846465901125 -0.0012956051360263233 0.0004513176433319779 0.9999990588594168 0.21072561564183798
1566533889693994376 1566534180288491512 0.9998024179566223 0.01985815282763432 0.0008825046047049067 10.061428384774015 -0.019856498337099685 0.9998011368989563 -0.0018455701978503743 -0.25747019376564306 -0.0009189787221451617 0.0018276820951034036 0.9999979075259545 -0.22697834682194892
1566533890395603253 1566534180888540395 0.9999375048973953 0.011007583237755404 -0.0019543313016621073 10.152932733231873 -0.010982551729161481 0.9998629568570899 0.012387536579986412 -0.15588123999586362 0.0020904203139732853 -0.012365298875000468 0.999921361671333 -0.19235749577160752
1566533889090591791 1566534181488324079 0.9999899575934909 -0.004171469002424965 -0.001638157054864573 -9.42735185820576 0.004154175347050832 0.9999370607018009 -0.01042197017043538 -0.130866974545 0.0016815288759193716 0.010415060317122339 0.9999443479410434 0.21795205477704274
1566533891593672568 1566534181989863275 0.999855587002717 0.011631070986436932 -0.01239045306578033 9.543191562028136 -0.011638440524311903 0.9999321343707017 -0.0005228336455234006 -0.12518019823987467 0.012383531064640643 0.000666963692625117 0.9999230987020058 -0.14138182968954582
1566533890193785315 1566534182490097863 0.9999538166800965 -0.009496287560200992 0.0014781845233381536 -10.01513508644817 0.009511003996132594 0.9999018311400999 -0.010289260695399352 -0.07569130456049786 -0.0013803296333034954 0.01030284452208958 0.9999459715828958 0.2290214669674881
1566533892895750586 1566534183089805543 0.9998575334311687 0.0028239583051373786 0.016641457281133087 9.9906937757966 -0.002939417527611344 0.9999717523868223 0.006917676852665403 -0.09058091476029809 -0.01662145196868428 -0.006965607506197143 0.9998375906348649 -0.3577031516715848
1566533891593672568 1566534183685110361 0.9999741223721064 -0.005343711292810245 -0.004816568878749101 -9.256326424983364 0.005303886751899536 0.9999519561488437 -0.008243432502888398 -0.07387080222790526 0.004860387995588388 0.008217672646544025 0.9999544222037402 0.2095088396660395
1566533892095553768 1566534184185257378 0.9999982617580219 -0.0002929547872397612 0.00184137406275948 -9.776591820764615 0.000311425243264167 0.9999495641857129 -0.010038530725641393 -0.05544070574556786 -0.0018383403559262173 0.010039086726611338 0.9999479172649155 0.21781317873792372
1566533894690028783 1566534184688275433 0.999895572117839 0.007756808995458694 -0.012193308548246799 9.695846800311093 -0.00787762664321847 0.9999200432781011 -0.009891918377813553 0.013318367145175428 0.012115603889810716 0.009986939718015281 0.9998767289908612 -0.15462305768306944
1566533893295136293 1566534185288245240 0.9999376100965441 0.00609211074964947 -0.009362804122279357 -9.924032752189092 -0.006132620175860539 0.9999719327485517 -0.004304031240459554 0.07124876741027286 0.00933632069911547 0.004361181233828754 0.9999469051975023 0.15644785257380311
1566533896091718367 1566534185891035218 0.9999648311644357 0.00624068177758222 -0.005602706956726478 9.730557630052209 -0.006224679940387373 0.9999765108248881 0.002868999501438772 0.09663304328532218 0.005620479866669987 -0.002834023544462345 0.9999801890620776 -0.22850317958773111
1566533894690028783 1566534186591257097 0.9999618399922788 -0.003242904051572927 -0.008111851365319523 -9.821210568185986 0.003208290896814204 0.9999857096818683 -0.004276365465148122 0.07907351169830587 0.00812560328727567 0.004250177100116399 0.9999579543990069 0.18891718777234165
1566533895190009277 1566534187091410282 0.9999958129012185 -0.00016615810388904 0.0028890433610099437 -9.824939305485163 0.0001636139794064851 0.9999995986884501 0.0008808254336055597 0.10175480625056256 -0.002889188557888118 -0.0008803490576232623 0.9999954387771125 0.24248330029182047
1566533895791885602 1566534187691315010 0.9999780696524402 0.003095314123386371 -0.00585484796205965 -9.736697355136439 -0.003133238800666483 0.9999740995023559 -0.006479439719945316 0.13746129697586223 0.005834640417307549 0.0064976422603866026 0.9999618680811104 0.26752231771829726
1566533898796320697 1566534188291335487 0.9999540481362394 -0.00932013508309492 -0.002244258894979952 9.614967916767325 0.009307502695550716 0.9999411436681124 -0.005574907470307226 0.10273745323640907 0.002296085696833956 0.00555376284720401 0.9999819416913154 -0.2598995527467155
1566533899597932713 1566534188894274661 0.9998963318986657 -0.014285302573553193 -0.001804324242618409 9.994854825928265 0.014265450984310516 0.999842335658282 -0.010573586600876612 0.08018489576158826 0.0019550866489060396 0.010546750958186439 0.9999424701853705 -0.2768401802373124
1566533900397572905 1566534189484931425 0.9976837850036421 -0.06758653880029707 -0.007689272644403846 10.013930094141966 0.06753600363642728 0.9976946587998763 -0.006652519449303578 0.37276226854541517 0.008121167011258982 0.006117808038717647 0.9999483081995706 -0.19086764212273666
1566533900997888514 1566534189985534432 0.9861712884581584 -0.1642868259804483 -0.021818080347519093 9.571384266898132 0.16430843429019332 0.9864086784848858 -0.0008108210743470413 0.793752794927887 0.021654751023415894 -0.0027852861575208294 0.9997616285590967 -0.14401546668438575
1566533901797759395 1566534190584944585 0.9370563468007361 -0.34884180087226974 -0.01532321391430758 9.558733708663024 0.34894962396109486 0.9371283916535977 0.004953533502852418 1.416646488789164 0.012631819262663354 -0.009988769741210567 0.9998703224024575 -0.2212647646113027
1566533898796320697 1566534191185453971 0.9988686986596768 0.04538766929584209 0.014187399825890637 -10.08887322524392 -0.04543799482839418 0.9989618902963677 0.0032450518480955765 0.0848331734501222 -0.014025386408332664 -0.0038860277165087167 0.9998940880536772 0.3210543751906755
1566533899297815757 1566534191785545049 0.9840447674873355 0.17636932070998476 0.02344692502445425 -9.959075148438279 -0.17624569216275945 0.9843194716286638 -0.007254913283315932 0.5838006603438423 -0.024358808978975948 0.003006739924998273 0.999698758596889 0.38385308772082116
1566533903689867624 1566534192289895124 0.7204956323607196 -0.69344310567993 0.004764759606129543 9.289186332696305 0.6934564442399419 0.7204957904529632 -0.001993961299404535 2.567918388001005 -0.002050290522671516 0.004740793661441946 0.999986660503151 -0.22131801114619384
1566533904289679390 1566534192889945311 0.7535882312278142 -0.6573422573862837 0.002436064294498776 9.696195498533214 0.6573443487735561 0.7535903403548926 -7.784132962762903e-05 1.9951183675712865 -0.0017846261254818652 0.0016599934071483149 0.9999970297613355 -0.18250843748557813
1566533900897954099 1566534193489698526 0.807042216124543 0.5904914359200055 -0.0016509082103519843 -9.133963259970022 -0.5904936571567402 0.8070374296465495 -0.0027978576002209102 3.41407188176041 -0.0003197662331890169 0.00323284002484426 0.9999947232335462 0.23716068115862834
1566533901597483813 1566534194089446151 0.7646108349836294 0.6444554816247713 -0.0068850003216367 -8.683508158881104 -0.6444884042073391 0.7645995766237393 -0.004710017948796881 4.069816192554592 0.0022288714453243806 0.008038633626875964 0.9999652056454253 0.22037367309150072
1566533902298110395 1566534194689319969 0.7626867655735006 0.6466913516362778 -0.009959585226627687 -8.737545537885774 -0.6467584681364263 0.7626688245641596 -0.006304596081736133 4.381826610491569 0.003518737396320176 0.011249878078275115 0.9999305269519352 0.18003969802219597
1566533906292066076 1566534195190736523 0.9906612058658587 -0.13622080745621884 0.005853785815695075 9.77859818209326 0.13632967664169834 0.9903003934701186 -0.02682070020907464 -0.1768468587122378 -0.0021434689575509937 0.027368271938671695 0.999623120596918 -0.13838104658742745
1566533903589842797 1566534195692368140 0.9359908898690545 0.35202366852376155 0.0006252049391872941 -9.69231181579043 -0.35201587383053157 0.9359549798297786 0.008549871529439751 2.2328144374631202 0.0024245934649538043 -0.008222683924097474 0.9999632537326673 0.18775416080034035
1566533904389793009 1566534196286733898 0.9795135485744514 0.20134437090916515 -0.0036949238534616877 -9.818195831273377 -0.20121722072124987 0.979299091210979 0.02202090004002606 0.988382911661975 0.008052219837201809 -0.020826287632438684 0.9997506826700129 0.11302374021270571
1566533907891946954 1566534196885028382 0.9992934883246704 -0.03754890932932843 -0.0016135675065358402 9.917884664700749 0.03753869637820359 0.9992774504994748 -0.005951739031875819 -0.04719089517553845 0.0018358829333997419 0.00588696283804777 0.9999809864204444 -0.1618082169399335
1566533905790399546 1566534197386733258 0.9912874608276163 0.1314002785881693 0.009117937973890542 -9.876735765476342 -0.13151524002193893 0.9912232578747081 0.013423661580521001 0.5874677491142917 -0.007274039312224891 -0.014505855204304948 0.9998683255893701 0.217415521521776
1566533906492113794 1566534197887848878 0.9957641007096861 0.09194045583992402 0.0008990649483829577 -9.348042964436075 -0.09194389920501106 0.9957506870134905 0.00518543258969698 0.5079794418793901 -0.00041849350399756225 -0.005246131156462986 0.999986151389652 0.17555391315527194
1566533907091924916 1566534198388151218 0.998489872780722 0.05490885685367201 -0.0017295645012361492 -9.474017983177394 -0.05490010423234123 0.9984805243302967 0.004756163198455706 0.4044668252337211 0.001988091954294278 -0.004654027515556048 0.9999871936771336 0.1618665604378707
1566533909990022721 1566534198987962658 0.99993578612584 -0.011123524192785136 -0.002165833429453578 10.104845845343126 0.011120558315883817 0.9999372170324586 -0.0013766539652247706 -0.16366527050777077 0.0021810106956912617 0.0013524802879855413 0.9999967069892954 -0.20887423677462646
1566533910490371288 1566534199489743156 0.9999952992454227 -0.0019750727541497444 0.0023453303975828703 9.979262459277162 0.0019682246530421865 0.9999938038711975 0.0029186145570364156 -0.2267071826774627 -0.0023510803417046487 -0.0029139847002374306 0.9999929905326348 -0.20134626485224155
1566533909097909196 1566534200090159443 0.9998884509180122 -0.014836478983845354 0.0017218049104148663 -9.599775967785034 0.014839758606363284 0.9998880645230034 -0.0019078755069673436 -0.2537113900474953 -0.0016933060244980422 0.0019332138544438334 0.9999966976940018 0.19158954116628202
1566533909689317431 1566534200592539670 0.9999528127617583 -0.009412037014973356 0.002405370882116694 -9.346049506725135 0.00942140399554713 0.9999479614626622 -0.003912992898208589 -0.255042458228416 -0.0023684164761364353 0.003935470225720162 0.9999894512831154 0.18644404692000013
1566533912191640346 1566534201092555615 0.9998720462028713 0.01522959144756738 -0.004893952024751878 10.102077967468567 -0.015232505997976402 0.9998838224930301 -0.0005588181859458904 -0.25286859800441175 0.004884872884941032 0.0006332938366082124 0.9999878684043215 -0.17961718292316747
1566533910890175773 1566534201692295552 0.9999944302639572 0.002773448521869048 -0.00185672409487405 -9.80113379116137 -0.0027744561043320536 0.9999960052205991 -0.0005403111814638901 -0.15237966291654184 0.0018552181524234507 0.0005454595715721982 0.9999981303179863 0.19520245546484033
1566533911490371519 1566534202192408663 0.9999723168164487 0.006385211838931306 -0.0038202971771736215 -9.38615627729474 -0.006394588000186911 0.9999765600968832 -0.0024471414174230296 -0.06641252633182025 0.0038045821134278807 0.002471502899244148 0.999989708361224 0.19712165505834148
1566533913990403134 1566534202785163717 0.9998870282711122 -0.014628559269765813 -0.003454844260722154 9.9925386653315 0.014642714369045183 0.9998843507383709 0.00410804873605426 0.0652603427931907 0.0033943498761161077 -0.004158172940385097 0.9999855938895978 -0.18754540724467408
1566533914489829336 1566534203286526682 0.9996211823417884 -0.026569361252419352 -0.007180588851217571 9.780470264804146 0.02654469599506905 0.9996414696013837 -0.0035087558648823963 0.06750352449319333 0.007271239793955408 0.0033168201380814424 0.9999680633780482 -0.19032531032709304
1566533913191199353 1566534203789501408 0.999857403902932 0.016860532008307904 -0.0009456854120165215 -9.503305084997264 -0.016862697300436366 0.9998550987813176 -0.002330425018082829 0.11138772282029641 0.0009062561754379946 0.0023460395154153444 0.9999968373941756 0.18780682968554438
1566533913796273940 1566534204389238206 0.9994878982305567 0.03185129368969716 0.003071869295571987 -9.76032844429804 -0.031863435077492924 0.9994842757789372 0.003987978902167196 0.20543064839112085 -0.0029432627709306694 -0.004083816958980582 0.999987329741396 0.2328924481484348
1566533914289888254 1566534204889368396 0.9990590070935627 0.04328058145171796 0.0028092017439295416 -9.941746477455064 -0.043287590288151344 0.9990595648890039 0.0024840150669642866 0.3029958894672525 -0.0026990502555422273 -0.0026032812005346547 0.999992969002646 0.2482000318093989
1566533916690339115 1566534205389459680 0.999307568143903 -0.03720002958285464 -0.0007362400182999751 9.995025546931656 0.03720528906842961 0.9992639873677085 0.009340771666677603 0.20709238032719235 0.00038822115401905186 -0.00936169584151968 0.999956103004187 -0.17207132866963382
1566533917189941154 1566534205889711460 0.9992727266626931 -0.03774729771789617 -0.005399931768913338 9.783944875351018 0.0377352412922115 0.9992850849106706 -0.002317464065981798 0.2144303330586895 0.00548354928225973 0.002112010907895081 0.9999827348995607 -0.17652332034301169
1566533915989846675 1566534206489189601 0.9991653044134092 0.04074618873541593 -0.0029056083695263857 -9.610203500693428 -0.04074950315138866 0.9991687986888615 -0.0010907426716636258 0.3325204533655193 0.002858749617278902 0.00120823433098013 0.9999951838486206 0.14496336500885224
1566533918295115272 1566534206989539052 0.998675291677083 -0.051455057803352876 0.00019702832185130586 9.363166458282745 0.05145499740240129 0.9986752690887691 0.0003002545743943764 0.28673430470567807 -0.00021221692882393672 -0.00028971873287177114 0.9999999355135236 -0.2188711188623437
1566533917089908831 1566534207489657372 0.9985141096795543 0.054293282121676015 0.004670362653271061 -9.299008173443646 -0.054312715665160424 0.9985153928990822 0.004139934862891332 0.4512958850652755 -0.00443865834823589 -0.004387443452591589 0.999980524136357 0.22243666520219435
1566533919494953614 1566534208089497930 0.9988190652776824 -0.048488885588674195 -0.003050051178426171 10.108189196318987 0.048491505480062404 0.9988232818394992 0.0007909182330415242 0.2679000888595462 0.003008111384102004 -0.0009378857836706077 0.9999950358057593 -0.1980189859034667
1566533919994896447 1566534208591134103 0.9991980706156995 -0.0399939855256116 -0.0019227063364789247 9.889734432993862 0.03998780010328316 0.9991951885907635 -0.0031545110524829386 0.21362009034442966 0.002047320389856064 0.003075096560736404 0.9999931761069053 -0.2196055777001846
1566533920594714825 1566534209184672975 0.9994601538039819 -0.032796220416965075 0.0019516363627662683 9.623308604077494 0.03280103932972208 0.9994587978704 -0.0024906180658040645 0.21487004138453314 -0.0018688972739497201 0.002553289216208125 0.9999949939560531 -0.20574510704050902
1566533921196429551 1566534209784481752 0.9993333601854216 -0.03371130002884432 -0.014013688696599453 9.459081515484193 0.03364632404923818 0.9994220493635074 -0.004846867444617043 0.23570223747879857 0.014168983678923209 0.004372127218791588 0.9998900561587231 -0.1929057152338115
1566533919994896447 1566534210284736002 0.999280031491495 0.03662156384046157 0.009913613077302373 -9.499996940216821 -0.03668933943787134 0.9993039680860075 0.006743273624690341 0.3885115968542888 -0.0096597636606773 -0.007102142595285082 0.9999281216850462 0.1648362449323566
1566533920494918376 1566534210784910713 0.9994721909660603 0.030499097441874217 0.011186802078509845 -9.62341415967541 -0.030580413205697515 0.99950658367242 0.007171298603741862 0.3920694989959549 -0.010962564192810087 -0.007509610557564799 0.9999117100702465 0.33829164019204333
1566533920996582768 1566534211284971595 0.9997516198389971 0.02200456867765297 -0.0035351925860754355 -9.792460103164792 -0.022017683437389305 0.9997506802318668 -0.003714699445644408 0.2938989658177638 0.003452570833610967 0.003791613539248462 0.9999868516242654 0.18179189474319282
1566533921496831978 1566534211786353908 0.999908802981013 0.013280576812866063 0.002451938130941135 -9.872865729805076 -0.013315388748071236 0.999802197464678 0.014773840641339348 0.19557182438565085 -0.0022552480059035533 -0.014805141820513455 0.9998878545277543 0.2208456329477507
1566533921996229590 1566534212286504511 0.999992287112558 -0.0008529018014396418 -0.0038338327975100646 -9.909225148505017 0.000883457844020443 0.999967805027929 0.007975488064955981 0.04801073426491941 0.0038269070592326683 -0.00797881358057174 0.9999608458915901 0.21606586797924004
1566533924197783116 1566534212786603548 0.9999945823410396 -0.0023696268124294407 0.002284766365155119 9.7437258723217 0.0023695949557988186 0.9999971923673223 1.6649950170081134e-05 -0.03207519089666889 -0.0022847994045384207 -1.1235889111947544e-05 0.9999973897793166 -0.20754944891443225
1566533924797611879 1566534213386507714 0.9999575848847511 -0.007942352619417913 -0.004663417880656309 9.849559818210038 0.007927020371248043 0.9999631450581168 -0.0032971007749289546 -0.04107391351068066 0.004689432747637901 0.0032599939194803583 0.999983690697086 -0.18972311121078203
1566533925397546446 1566534213986381239 0.9999529746316842 -0.008697718541225497 0.004289314331023978 10.002545659772974 0.008747224496053781 0.9998937449479794 -0.011661255401042358 -0.0907518221475262 -0.004187432252390486 0.011698226621599937 0.9999228054730289 -0.26894159764687636
1566533924197783116 1566534214486691100 0.9999929383955585 -0.0026222794831217357 0.00269198984739213 -9.42319330924798 0.002616993144143606 0.9999946443056628 0.001965377033675583 -0.03235858662784499 -0.00269712919778892 -0.0019583182359853156 0.9999944452264671 0.24239705956336638
1566533926297471820 1566534214988271552 0.9999207646528099 0.0063554208611100805 -0.010866141993639023 9.175839451956561 -0.00633924073656734 0.9999787472736684 0.0015228354708606785 -0.19809671601627127 0.010875589318816183 -0.0014538317184881438 0.9999398021532636 -0.1977513396248251
1566533925197561921 1566534215587698949 0.9999936207256142 -0.002005295898050488 0.002955891820556326 -9.849037146345507 0.001987723098130314 0.9999804062084622 0.005936005058925633 -0.10831682507365523 -0.0029677373500232897 -0.005930091697072999 0.9999780130320415 0.2588382089227164
1566533927389153475 1566534216087961171 0.9998788783229734 0.015100273854944292 -0.0037696701587774132 9.507247107554027 -0.01510553870012999 0.9998849634202343 -0.0013720884445345238 -0.09131958100130491 0.0037485175975499334 0.0014288651533512617 0.9999919534477304 -0.2049004715212994
1566533926097770561 1566534216591750982 0.999988421579622 0.00424555321592417 0.0022653883986409446 -10.151994538311152 -0.004243480991272173 0.999990574333377 -0.0009187564876243096 -0.023475047262335194 -0.0022692676754055173 0.0009091327172681785 0.9999970119465021 0.28271535539527703
1566533926597664341 1566534217092395832 0.9999338807924157 0.010343919042819238 -0.0050236821414541884 -9.553589635218783 -0.010341612365358917 0.9999464065164225 0.0004849212094603029 0.08488354144492796 0.0050284288905607126 -0.00043293617350046766 0.9999872636534768 0.25037930727454116
1566533928890141132 1566534217684291692 0.9998304359343202 -0.01761283826922405 -0.00537469138684595 10.005151418729032 0.017704306473513055 0.9996905642093111 0.01747379074998498 0.18564910485112862 0.005065265214537681 -0.017565983006495218 0.9998328756994064 -0.24020291626175672
1566533927489519753 1566534218184407443 0.9999251886907229 0.012231740162549808 -3.942621664851978e-05 -9.599306545976294 -0.012231773616729546 0.9999103858371732 -0.005440956639743013 0.20877960344434188 -2.7129684351582338e-05 0.005441031847209894 0.9999851971086569 0.26559843168262437
1566533927889302812 1566534218784241821 0.9994572116721298 0.03189887867452997 -0.00823064857004802 -10.005363273448316 -0.03204517146536749 0.9993188639502127 -0.01830068684531484 0.2359015221839679 0.007641270989254645 0.01855450599080173 0.9997986503717213 0.2560915442945282
1566533929992519057 1566534219284718445 0.9990326736104158 0.041284399573009556 -0.015143163828547692 9.26869769372738 -0.04165042216963857 0.9988266636810791 -0.024709072277659557 0.34508314913986093 0.014105296591455761 0.025315889706426273 0.9995799849619152 -0.1583922352723792
1566533928590005848 1566534219884215287 0.9701714880876653 0.2422921383383359 -0.007861513925841414 -9.80934315387285 -0.24239706722858043 0.9700134788270895 -0.017818885844664952 1.2123528494982139 0.0033083985179426 0.019192982915583804 0.9998103239645311 0.19800735846380543
1566533928890141132 1566534220384288486 0.9263002952309636 0.3767174285842818 -0.00719319511054288 -9.519769122644732 -0.3766223724532007 0.9262917826847237 0.011794994637361793 2.3149577093240516 0.01110637757209621 -0.008216588806784296 0.9999045634687472 0.18932821511163245
