1564718977492109661 1564718979992997117 0.98033130875299 -0.1972036882653333 -0.007824986466840664 -10.054604770140177 0.1971837165601536 0.9803611537613388 -0.0032542463435796002 -1.6393124112185797 0.008313062142277 0.0016472796634415833 0.9999640890889768 0.18090737014857744
1564718980093615506 1564718981991786688 0.9998586668442869 -0.016810787443830345 -0.00020919342167854287 -10.340010168300497 0.016811269703271143 0.9998553799064823 0.0025691405245305892 -0.0074663338609897755 0.00016597389283556815 -0.002572294226824428 0.999996677872025 0.24665027182922608
1564718982092029840 1564718983695227276 0.9930507503080512 -0.1172182903456875 0.010491888345414186 -10.359662844030085 0.11733291997983915 0.9930309239825487 -0.011071129272637027 -0.6684658039382678 -0.009121030732433658 0.012225237126619864 0.9998836684212735 0.2723718874682924
1564718983795139501 1564718985197980270 0.9862382012700456 -0.16522446230720086 -0.005923462748214469 -10.389542084255767 0.1652410471402888 0.9862502276285611 0.0024258694523684884 -1.0872948074715494 0.005441203507880812 -0.003371284312431356 0.9999795136633951 0.18737842712125158
1564718985298226780 1564718986591605207 0.998156646351135 -0.060684635514745636 -0.0008272590325136371 -10.46895909396216 0.06067556549699973 0.9981221089545826 -0.008410194270991853 -0.4245107637412737 0.0013360751041276411 0.008344496899084348 0.9999642914998654 0.28208976300142785
1564718986699422156 1564718987992970861 0.9998369904301853 0.01795723285866847 -0.0018789240485141518 -10.649735138303559 -0.017956874461491752 0.9998387408111006 0.00020744359012430982 0.12156450098469825 0.0018823461675988723 -0.00017367017157214054 0.9999982133041924 0.24997185065114114
1564718988093270220 1564718989399364780 0.997784252273007 0.06653155392525166 0.0003718175491789892 -10.487687860642376 -0.06652982667128172 0.9977781472743176 -0.0035427369248865973 0.42907015884461164 -0.0006066952181047443 0.0035101501564975533 0.9999936553632744 0.2703578702982627
1564718989498698740 1564718990793242062 0.9944425841214847 0.10498132836090769 0.00792890795567769 -10.552656713185971 -0.10504188854252244 0.9944383634799087 0.007651332616938938 0.7005804743407267 -0.0070815631897695455 -0.008441678445306267 0.9999392929212367 0.3079129368997814
1564718990893145425 1564718992200242670 0.9924211229391359 0.1221802773265507 0.013126102873187178 -10.686261057414576 -0.12213863131889194 0.9925052619085052 -0.003931898203078462 0.8478971252701225 -0.01350812658286262 0.0022988945904994142 0.9999061183930692 0.3546606404773101
1564718992299737440 1564718993593714882 0.9946905105836711 0.1027190504455172 -0.006291647668071472 -10.905413512857907 -0.10270558134810846 0.994708834550474 0.002428585429294575 0.7812357421804247 0.006507819508532474 -0.0017695035492743475 0.9999772583126295 0.24831850142809062
1564718993693698495 1564718994896365528 0.9961046691911598 0.08817872661261113 1.3731827425466615e-05 -10.24553058535283 -0.08817830612083356 0.9960994134451499 0.0032472856199423123 0.5945247884537724 0.00027266324566964763 -0.0032358472175040474 0.9999947274598725 0.2494249422249894
1564718994996148019 1564718996199252953 0.9957943016088274 0.09150480058089236 0.004536557511057493 -10.4410936399035 -0.09153716829543729 0.9957731838591413 0.007530811874092759 0.6471693243858816 -0.0038282768777947143 -0.0079144031790815 0.9999613525124256 0.281052627427845
1564718996299399854 1564718997490762398 0.9962620480794212 0.08634683924765739 -0.0024809088131987848 -10.720843413602381 -0.08635922844066736 0.9962493322681127 -0.005417713399362275 0.6055090052105321 0.002003801320582975 0.005611711618095018 0.9999822465789108 0.24998302256755928
1564718997591836319 1564718998797890199 0.996319168754105 0.08568997872590783 -0.002311172668263022 -11.08124527605781 -0.0856808394191495 0.9963153897137217 0.0037997336792929843 0.588896029285391 0.0026282559958188956 -0.003587724286580795 0.9999901102035333 0.2794230710281887
1564718998897726251 1564718999990997318 0.9966265857608114 0.0818651978328539 -0.005791194916943967 -10.559630206586409 -0.08187074848028754 0.9966426898190759 -0.0007275805669134993 0.5951427623732787 0.005712188552239948 0.0011992555987143372 0.9999829661989057 0.2097719383307135
1564719000091491041 1564719001199591890 0.9974736495036679 0.0709757378378069 0.0029602675910036912 -10.85051909899097 -0.07098656208367825 0.9974703075821277 0.0037273979618172894 0.5245526768624527 -0.002688224203969486 -0.00392812046725957 0.9999886715959504 0.26801520945840096
1564719001299536268 1564719002399242009 0.9980340884300878 0.062450847254697524 0.0052773107467537885 -11.111042119217956 -0.06248193760967957 0.9980283745316085 0.005947360957275213 0.4491840257696624 -0.0048954881357692725 -0.006265405572384152 0.9999683889448465 0.3365377708301135
1564719002498526993 1564719003591541214 0.9948784023055205 0.10105065876943067 0.0023935305086356345 -11.164271725194375 -0.10103504539324733 0.9948651841063385 -0.005931699205414757 0.6635357140407444 -0.0029806422824668836 0.005659488964850131 0.9999795427688843 0.3067323174784201
1564719003691479244 1564719004791323481 0.992910543242264 0.11886149974577713 -0.000772655516507133 -10.813341957396265 -0.1188617079599052 0.9929107924866569 -0.0002292256242613527 0.8092394992108899 0.0007399318997350318 0.00031943969346720795 0.9999996752294884 0.28742154518784957
1564719004891323571 1564719005991075009 0.9916597148325997 0.12870854714392718 0.006717132589157784 -10.55614824356084 -0.12872327020161162 0.9916789091218366 0.001805799415832356 0.8692773636197255 -0.006428816899197407 -0.002655389807003609 0.9999758093165295 0.3203354216595083
1564719006091239240 1564719007291360664 0.9959775853187589 0.08944947792689247 -0.005238362456320352 -11.183055325926404 -0.08939514960477846 0.9959478157007954 0.009821182615252638 0.7551631263509064 0.006095635303780577 -0.009313393550646894 0.9999380500465136 0.27736380587267173
1564719007391256015 1564719008591333716 0.9999756693794132 -0.0046698851113891994 0.00518197088351235 -10.95517380961498 0.004619952498932179 0.999943185654666 0.009606326129867157 0.11811567123776082 -0.005226536912597535 -0.00958215194265795 0.9999404310638028 0.30102930936515376
1564719008691410504 1564719009893189674 0.9960263885979701 -0.0888015205646535 0.00676189040893886 -10.767546537974852 0.08885636217796519 0.9960099134268195 -0.008294531692601024 -0.4999145956787445 -0.00599834285413418 0.008862409430077189 0.9999427371515358 0.3096795854873311
1564719009991167868 1564719011196151525 0.9844747169332441 -0.17539457726544136 -0.0068024984451503295 -10.613505668639945 0.17539100506037436 0.9844982146130499 -0.0011228390941752145 -1.043219267621217 0.006893987462418611 -8.769033981688859e-05 0.9999762323411899 0.22366799082240402
1564719011296123491 1564719012500327612 0.9722731286859442 -0.23384014732731653 0.001936164555087555 -10.803741499197502 0.23383455024315117 0.9722725422612675 0.0027398316367883034 -1.5238778618679218 -0.002523162267809799 -0.0022111225096373205 0.9999943722788737 0.2945273040195578
1564719012591356734 1564719013694964202 0.9939764826509414 -0.1094197247542555 0.006170556828851679 -10.376873419257821 0.10947588455790346 0.9939426419359514 -0.009646514482224538 -0.7605163754395364 -0.005077660597201777 0.010263935701936148 0.9999344323438316 0.2563211570984428
1564719013794662393 1564719014894741123 0.9988678477989016 -0.04753314185560768 -0.0019034334620392276 -10.851245936169574 0.04753915069968339 0.9988640982397858 0.0032469059710983866 -0.2737259789944101 0.0017469357065030401 -0.0033337175895551325 0.9999929172462557 0.24134796957361915
1564719014994294659 1564719016091507464 0.9990053950860883 -0.044552304260076454 0.0018201027505378548 -11.225137671108664 0.04453472294146705 0.9989693604359678 0.008767859640642613 -0.24111429441753307 -0.0022088552310521167 -0.008678081312639356 0.9999599051278556 0.31487850790604704
1564719016191517127 1564719017193325893 0.9997035676806227 -0.024114387442999482 0.0033575414966229276 -10.537532474593874 0.02410295645635578 0.9997036848642196 0.0034044028801811475 -0.09103966810396717 -0.003438641696323405 -0.0033224670286457723 0.9999885684127288 0.28770618726586594
1564719017293177260 1564719018296173183 0.9997903637546984 -0.019935192932725353 -0.004670827120927105 -10.675626752300808 0.019939923720841784 0.9998007109024901 0.0009684631580154346 -0.076437703255189 0.004650589776102399 -0.0010613960695399626 0.9999886226618442 0.2560507227236894
1564719018396118186 1564719019399154479 0.9998100487803077 -0.018289398742528884 0.006735298922131663 -10.394969470581792 0.018397687865002284 0.9996965135848206 -0.016383095176941535 -0.09859278212326657 -0.006433617890078766 0.016503897115276774 0.9998431026620476 0.3173077308595794
1564719019498895161 1564719020594752287 0.9998075995844871 -0.01900385380259811 0.004859768901117418 -11.044845788036826 0.018997960610844182 0.9998187336070747 0.001255954215724338 -0.09118764142014348 -0.004882755958636192 -0.001163386871449901 0.9999874025332836 0.34668484828453566
1564719020694643479 1564719021795957429 0.9996132996060031 0.02720519688056418 0.0057557374417800235 -10.857859200606176 -0.027104527250090823 0.9994897447423697 -0.01689954902931813 0.13232426032013686 -0.006212556105023422 0.016737007424715167 0.9998406256644752 0.24089968920230193
1564719021897585086 1564719022999104542 0.9998856558818602 0.011151881696973965 0.010213260807940473 -10.872462828126542 -0.011239258524212245 0.999900384374755 0.008538172817096118 0.1358212863855507 -0.010117026714414895 -0.00865198600585033 0.9999113905284966 0.3114864724267446
1564719023099122975 1564719024191676654 0.999900416398684 -0.012208543838936202 -0.007078752932227418 -10.76558911890111 0.012171914255407578 0.9999124255576921 -0.005194778024037166 -0.12575637895614822 0.0071415536896280345 0.005108098735606451 0.9999614520261406 0.2210890132036477
1564719024291206975 1564719025396012619 0.9999965643624023 -0.0022269251590322967 -0.0013827753697648398 -10.358401051532285 0.0022142758241692376 0.9999562979300922 -0.0090829077136709 -0.004366033739178391 0.0014029418953248611 0.009079814662020517 0.9999577934691825 0.3163071372451062
1564719025496000689 1564719026799212437 0.9999480709323599 -0.009901115021363009 0.002413163893237015 -10.70186025300587 0.009892685915840624 0.9999450098781117 0.0034802277559345444 -0.05400043717959866 -0.0024474893283714283 -0.0034561743584927023 0.9999910322871907 0.3274224724673246
1564719026899132107 1564719028495126153 0.9972890512404834 0.07276572537136793 0.010940634673160683 -10.517961946536726 -0.0727958206683604 0.9973440305276795 0.0023776593637469252 0.2478467549542971 -0.010738564573172883 -0.0031676461307111113 0.9999373226602234 0.35626448972472496
1564719028596482355 1564719030894895269 0.7713785802990507 0.6363541594466345 0.005335692157539346 -9.577863979374484 -0.636375041541944 0.7713315393965767 0.00862918504890859 4.080137623373483 0.0013756301528867752 -0.010051869830573762 0.9999485324528511 0.3242830969307678
1564719030994982264 1564719033191103964 0.884644812616954 0.4662507148855557 -0.0037183838736795528 -9.98627525430957 -0.4662640374538119 0.8846340853841004 -0.004514682038852691 3.5866952631111046 0.00118443538910357 0.005727638724030946 0.9999828954874525 0.24889291966476504
1564719033291205400 1564719034992860837 0.9675424691349858 0.2527042072451682 0.0014676718906877384 -10.470290733151334 -0.2526744550123792 0.9673006374344856 0.022024908695502245 2.0327683489109276 0.0041461071361375695 -0.021680877736835122 0.9997563449842113 0.2009242215594906
1564719035092887889 1564719036491512724 0.9995697272171518 0.029070840849275584 0.0039046950401969757 -10.852619016751408 -0.02908811629227216 0.9995669775670027 0.004442842349562369 0.36684512299385535 -0.0037738470567875255 -0.004554510938835865 0.9999825071012591 0.2728558709403092
1564719036591534333 1564719037791483234 0.9999942030671877 -0.00125934390758247 0.003163524134244903 -10.737005415744918 0.001268479131799849 0.9999950271349759 -0.002887328526093096 0.011242851249972815 -0.003159872262877098 0.0028913246527914405 0.9999908276824641 0.23719540579259185
1564719037891514338 1564719038994772168 0.999998102725876 0.00016329987838474837 -0.001941102215860417 -10.574090042280634 -0.0001660813053923393 0.9999989596979798 -0.0014328363369972303 0.058481003123229555 0.0019408662145281356 0.0014331559993038276 0.999997089546879 0.22754356448067672
1564719039094402379 1564719040195757311 0.9999824518875493 -0.00581727001683401 -0.001120395699342564 -11.032116132188804 0.005818835409016506 0.9999820917839912 0.001399023161200912 0.0011567981822371686 0.0011122371395660636 -0.0014055180091525413 0.9999983937225498 0.25037262261493415
1564719040295765517 1564719041292365730 0.9999723986928085 0.007423663396677506 0.0003017852507943058 -10.623286477579757 -0.007422972961634263 0.9999699673733188 -0.0022279640517936365 0.0744252689263391 -0.0003183158425710721 0.0022256624133165383 0.9999974725477297 0.2635026377595163
1564719041390912456 1564719042390853036 0.9997684238345401 0.02135759392442004 0.0026366427827766935 -11.153216729010017 -0.021353217969917196 0.9997705878734408 -0.0016768141025042822 0.18617825836761157 -0.0026718506196364822 0.0016201249842751264 0.9999951181927415 0.2640575510486942
1564719042491079020 1564719043390943461 0.9993685995535085 0.03529092157006975 0.004117411955217947 -10.486371733312119 -0.03530470092241851 0.9993710690214119 0.0033233260141000602 0.2721905517842313 -0.003997539149571769 -0.00346659166222381 0.9999860011135268 0.26891131546735564
1564719043490662321 1564719044390792502 0.9990552844512891 0.043232483377578 -0.004414860244724701 -10.798764761086352 -0.043293634627488475 0.998952031356356 -0.014849250815104312 0.2915892738749224 0.0037682636205888585 0.015026357843338856 0.9998799971792954 0.2937641087633489
1564719044490750131 1564719045394291341 0.998016152823824 0.06235127223486948 0.008722244746860747 -11.056972745364112 -0.062390922183857965 0.9980423095778528 0.004349841555405717 0.4220294975664752 -0.008433951136860015 -0.004885401027789399 0.9999524995343664 0.33537727687254054
1564719045494148561 1564719046393987440 0.9984275785661259 0.056024910456610684 0.0018920272001809518 -11.331385210819715 -0.0560315446669798 0.9984223010109993 0.003657163674543247 0.4345219003713983 -0.0016841498833885628 -0.003757426278572451 0.9999915226575422 0.29018879573316647
1564719046494409552 1564719047296610252 0.9993075152710424 0.03718191348382448 0.0014125269909201557 -10.260817231656844 -0.037176777531773675 0.999302564328203 -0.0035031613477192972 0.2589088515644941 -0.0015417960863601439 0.003448222260283784 0.9999928662885942 0.251488212479746
1564719047396970047 1564719048192672907 0.9993071615966966 0.03716196564365604 0.0020457495116138805 -10.419835527984946 -0.037168025187523906 0.9993045022408529 0.0030082727326834605 0.274660148972989 -0.0019325333694737168 -0.003082224955181518 0.9999933825801649 0.2225819685385586
1564719048291571977 1564719049098504811 0.9992869060442326 0.037155985096658316 -0.006716560135201408 -10.571107504287834 -0.03713394265624208 0.9993045902968642 0.003377293950365277 0.27443624303303477 0.006837376057799018 -0.003125473263554416 0.9999717404534695 0.2161633614735711
1564719049198491338 1564719049990598205 0.9999705609575852 0.007103026195745578 -0.002902453624253744 -10.538790197265891 -0.0070668142667411815 0.9998993590902662 0.012301700167483316 0.1659742683857551 0.002989540817223366 -0.012280826916529283 0.9999201187774861 0.2750041878276951
1564719050090398724 1564719050894119776 0.9999767167426413 -0.006652428781218766 0.001520251272401316 -10.31989165279916 0.0066583856271600446 0.9999700413232165 -0.003947449416435477 -0.005480986519672954 -0.0014939456015744654 0.0039574799261767315 0.9999910531995709 0.3167266665825901
1564719050994292177 1564719051890503321 0.9999764148184435 -0.0038051490159598553 0.0057175735959282626 -11.385967276807536 0.003792381219944484 0.9999902950007024 0.0022422642802511065 0.02332148473206434 -0.00572605025659925 -0.00222052817731173 0.9999811406237071 0.32869925075798173
1564719051990499013 1564719052890810137 0.9999937837686254 0.0020311033838966448 0.002882194159327144 -11.154727441924537 -0.00205172826291337 0.9999721821741515 0.007171142796382889 0.06961419465487326 -0.0028675486505514687 -0.0071770116981155286 0.9999701333879174 0.2868545031820489
1564719052991011009 1564719053890917972 0.9999443045823291 0.009446045818054867 0.004707435796152415 -10.97994684465086 -0.009438213542620352 0.9999540423301038 -0.0016832566108404827 0.1060763119429171 -0.004723119572441124 0.0016387330768785993 0.9999875032696268 0.32601531598411754
1564719053990890952 1564719054891095547 0.9999185124300549 0.012575767983228433 0.0021951217069755545 -10.830330768174314 -0.012575460851489573 0.9999209139588121 -0.00015366244892192336 0.13459088327124336 -0.002196880526795261 0.00012604526025201897 0.9999975789113434 0.2833794889403521
1564719054991067911 1564719055891265595 0.9997616017479001 0.02162756995086551 0.0029979807371202987 -10.789506909260986 -0.021567677361864705 0.9995916167378228 -0.01874660077691373 0.17079556017483954 -0.0034021998316103503 0.0186774721387807 0.9998197722944013 0.2950398120188082
1564719055992827498 1564719056898485164 0.9993971284775004 0.03471627646777738 0.0003996737998810176 -10.731939194645712 -0.03471480669792019 0.9990527302760546 0.026239747024211 0.31073949914313814 0.0005116511111463519 -0.02623780242667739 0.9996555986623414 0.26498084912346764
1564719056998629365 1564719057898888816 0.9992545212067967 0.03305026671869025 0.019951985304770988 -10.748369624038412 -0.033030260525170725 0.9994534651244608 -0.001331518065074944 0.26024511498509767 -0.019985087876156465 0.0006715061739836186 0.9998000526815612 0.32940364405615596
1564719057998975798 1564719058890886729 0.9997106309748771 0.02186378312992812 -0.010031415805653345 -10.784088562012599 -0.021883390310190223 0.9997588201629489 -0.001848982133066348 0.21690276795154376 0.009988570686055465 0.0020679684823480056 0.9999479746276864 0.15280654017180706
1564719058991368575 1564719059891377493 0.9998919884847881 0.010760390575500834 -0.010011261589516205 -10.789336952847977 -0.010823641922124459 0.9999216679619533 -0.006285436797457379 0.10690613343590673 0.009942843632114364 0.006393116208537809 0.9999301315220369 0.2418163625055894
1564719059991752712 1564719060895657269 0.9999242660771651 0.007458025024531451 0.009789789210100578 -10.805517422182806 -0.007547586537606213 0.9999297116005138 0.009143620507025114 0.12260763999368209 -0.009720907750929408 -0.009216817306023438 0.9999102730901672 0.35920128828396547
1564719060996032255 1564719061896059563 0.9995764650080345 -0.029036593928592622 0.0019408284494145385 -10.928704795616035 0.029045287296515107 0.9995674564356059 -0.004612084204948525 -0.11477593330619212 -0.0018060697403351437 0.004666502745808448 0.9999874808537507 0.2704298791343753
1564719061997693710 1564719062891315538 0.998594295004911 -0.052924856052383534 0.002897170256213075 -11.15737477495813 0.05291222341287825 0.9985900123036168 0.0042759725182556175 -0.270561837891833 -0.0031193905118102397 -0.004116666042465977 0.9999866611428099 0.3036485452728055
1564719062991525813 1564719063891125356 0.9987439523391635 -0.05004698237037205 -0.002411891698395016 -11.369722550902381 0.05004561617286605 0.9987467384162102 -0.0006235421943303177 -0.28103309373473395 0.002440075372393162 0.0005020543894278801 0.9999968969819748 0.2648818192830907
1564719063991065642 1564719064790799456 0.9993406870032169 -0.035253053128414806 0.008684097251928367 -10.229358952885448 0.03533433076711194 0.9993314255574562 -0.009390791370457076 -0.1814928486076021 -0.008347237219348208 0.00969144666436987 0.9999181964002738 0.3354682699387207
1564719064891295079 1564719065692846425 0.9999941621226474 -0.0004384457525637639 0.003388729253965141 -10.374319637776699 0.000471619794148989 0.9999519172925587 -0.009794931225390123 0.017447159663176046 -0.0033842717686952094 0.009796472235576403 0.9999462864756026 0.26958309475421777
1564719065794385372 1564719066595879795 0.9998916473235565 -0.01463682458693242 -0.0015674752333897967 -10.506535836518259 0.014640876687230396 0.9998894216342354 0.00260561581746923 -0.025545393684318397 0.0015291639628790292 -0.0026282827036241295 0.9999953768831235 0.28035668598759794
1564719066695914052 1564719067498808714 0.999892486141686 -0.013540155205523714 0.005628530395955092 -10.621788664266614 0.013483604723457578 0.9998594208571501 0.009966490197725322 -0.02000885471196529 -0.005762686966108129 -0.009889525782877264 0.9999344922137294 0.31242796731082567
1564719067598758485 1564719068390909456 0.9999448078292595 -0.010462811382877912 -0.0009543968179295812 -10.736217498641915 0.010448157251105084 0.9998439117263361 -0.01424739252750993 -0.03067022129025531 0.001103315628490954 0.01423663449495515 0.9998980452690638 0.2711031282064306
1564719068490743979 1564719069291299873 0.9998917022701496 -0.0012469757244826954 0.014663859752903255 -10.565550161557438 0.0013326692387548786 0.9999820850768911 -0.005835539219213478 0.03135459572834823 -0.014656320275237365 0.00585444931837786 0.9998754510933787 0.3467474377861464
1564719069391157305 1564719070194277768 0.9999484013136478 -0.006843269869620608 -0.007507620647104951 -10.438288302449054 0.006812401977537016 0.9999682689543874 -0.004129438663236853 -0.020337509838036956 0.007535641285634708 0.00407808065988373 0.9999632910105083 0.19312395058581125
1564719070293779327 1564719071095706335 0.9999901416476987 -0.0005740859046487426 0.004403070837197427 -10.406952462907414 0.0005510945913394134 0.9999862181559512 0.0052210911614289715 0.05785783568056362 -0.0044060075096041575 -0.0052186131815491945 0.9999766763151545 0.28632299739047995
1564719071195734510 1564719071997327082 0.999998058203556 -0.0008333850116764157 -0.0017857935356204845 -10.391174049258469 0.0008565870320050886 0.9999147205244466 0.013031421150101698 0.07761005952722796 0.0017747810530173312 -0.013032925533318524 0.9999134927603847 0.27073640908893276
1564719072097272673 1564719072899018191 0.9999233200630302 -0.012383551809058603 4.048125857141422e-05 -10.377986041931015 0.01238338957087424 0.9998796810147512 -0.009342117349678726 -0.034518756774607834 7.521220629845801e-05 0.009341902291904486 0.9999563606501523 0.2931538630327883
1564719072999047197 1564719073892872173 0.9999111901617374 -0.013299378525165117 0.0008592556027811259 -11.455106310899769 0.01330461200837468 0.9998909895432586 -0.006402837614424717 -0.049022223436946566 -0.0007740081738659743 0.006413701041863009 0.9999791324574281 0.33259108235192925
1564719073992976309 1564719074897424272 0.9999016221106805 -0.011012442498169633 0.008687474355370829 -11.153212039826627 0.01092869963520385 0.9998939194116575 0.009628782263958548 0.01858588178751111 -0.008792589193989146 -0.009532892206864157 0.9999159036346302 0.39262393502895065
1564719074997806509 1564719075897796528 0.999945312163424 -0.009418040675061232 -0.004546778227207244 -10.808679159166457 0.009384070876578533 0.9999283231068063 -0.007435580851906487 0.010742972811482157 0.0046164809311761675 0.007392506926931715 0.9999620187512939 0.31434507166535386
1564719075997692918 1564719076999357114 0.9999338362907928 -0.01027243170604123 0.005176889764851475 -11.266115380290278 0.010187268448063549 0.9998165984087156 0.01621693892216732 0.0022160422194252316 -0.0053425277125891246 -0.016163127583575177 0.999855094853438 0.37751976049282737
1564719077099422473 1564719078097732350 0.9999954028419692 -0.0005643429144093435 -0.00297923010375667 -10.76054743763186 0.0005506469499320705 0.9999892868698147 -0.004595969271415433 0.031166909860818274 0.002981791889570178 0.00459430763904866 0.9999850005147369 0.33621368823322295
1564719078197711469 1564719079297133783 0.9996331625491812 0.026518063703545782 0.005507506635070233 -11.141826891437102 -0.02649612265543912 0.9996408357424569 -0.004019328346613897 0.217975136216472 -0.005612113340679176 0.0038719263351209405 0.999976755915015 0.38154263355927204
1564719079397711410 1564719080591762290 0.9977382164132785 0.06710115598483664 0.003985771438219302 -10.382047939205693 -0.06706341600747802 0.997708586574161 -0.008948436154117067 0.3455534616291968 -0.004577088798230502 0.008660897280025205 0.9999520184071133 0.3599497074862072
1564719080691794236 1564719082391502101 0.9045050007778933 0.4262359411897147 0.013914956194806084 -10.096690250634174 -0.42644025168296323 0.9036380081764711 0.03983794577329952 2.6826727216427795 0.004406281012009649 -0.041967518594538684 0.9991092593258579 0.2672119433065771
1564719082491591960 1564719084694909976 0.8544733692390047 0.5192046982252584 0.01737073982776811 -9.566720890516368 -0.5191913123476339 0.8546395373445816 -0.005625156903412771 4.049112557526554 -0.017766328942242587 -0.004212190435871213 0.999833293608313 0.3843089988326995
1564719084796424789 1564719086691746940 0.999925882914607 -0.007728344852817319 0.009407516318749393 -10.728077336719934 0.007713799653095641 0.9999689977066119 0.0015814299070232157 0.044468517247653376 -0.009419446499850553 -0.0015087449999317414 0.9999544978228588 0.3185079519591364
1564719086791755592 1564719088297787966 0.9999242939380921 0.002114277385999871 0.01212172527099395 -10.145787730726786 -0.0023134278745514194 0.999862197344733 0.016438806904174364 0.08704022855557783 -0.012085298667374738 -0.016465605123970616 0.9997913929435646 0.3232777755356062
1564719088397901701 1564719089791898344 0.9999927645326636 -0.003263984613935112 -0.001953787800427447 -10.74853900497372 0.0032555130712028837 0.9999853541790422 -0.0043235473941587175 -0.01005280698925092 0.001967871177773769 0.0043171555295502505 0.9999887447622479 0.2408666064804198
1564719089891515371 1564719091191534456 0.9999778393284988 -0.006649501494997285 0.0003240089130611526 -11.048097389978604 0.006652215658510164 0.9999350455945685 -0.009254869995189069 -0.033559240990765876 -0.0002624475953859526 0.009256820278220503 0.999957120280465 0.25742429523147875
1564719091290747580 1564719092493136985 0.999995288437639 -0.0029886432785857027 0.0007007951769749025 -11.014917267805455 0.002990042994077518 0.9999935200752724 -0.0020048566951555934 0.022458043885581223 -0.0006947988343882161 0.002006942656857433 0.9999977447153401 0.26772368845830924
1564719092594811316 1564719093697644626 0.9999958878529649 -0.0013813274533876186 -0.0025132074399644585 -10.62095163955859 0.0013936908524276727 0.9999869044209597 0.004924288009426345 0.03687246633359921 0.002506372473842234 -0.004927770394249631 0.9999847174712111 0.23898928479595044
1564719093797648422 1564719094899309064 0.9999903096223693 0.002797895464601206 -0.0033988883989659272 -10.781776915513149 -0.002774856709066721 0.9999732723225667 0.006764230241292758 0.072841448925974 0.003417723163687044 -0.0067547332650701826 0.9999713459629316 0.3020207501169614
1564719094993213580 1564719096093517434 0.999995588487369 0.0014991379195111317 0.002564291579482472 -10.468780004317512 -0.0014643696939301417 0.99990770175384 -0.013507168273524573 0.032910929097399094 -0.0025843040080106724 0.013503353615605448 0.9999054859405168 0.31345461860763063
1564719096193992616 1564719097394734718 0.9999889162078337 -0.002814412890909181 -0.0037744591101051095 -11.02040797507344 0.002838988266348665 0.9999747048328592 0.006521490632050272 0.03651515431774007 0.003756009467228487 -0.006532133994329109 0.9999716114062334 0.2670374204047014
1564719097494658586 1564719098699245146 0.9998905286977179 -0.0017197066624259326 0.014696027681178418 -10.630596865157223 0.0017521402014783762 0.9999960573665447 -0.002194369176275223 0.011915780451889723 -0.014692196068835895 0.002219878456726077 0.9998895996630437 0.36393921385172034
1564719098800872494 1564719100096266340 0.9999484255160239 0.003051621885061553 -0.009686790588231194 -10.574380645446206 -0.003089801376739298 0.9999875084291793 -0.003928881910962327 0.005905990378894937 0.009674680122977453 0.003958609539800967 0.9999453634949471 0.24650273834834216
1564719100196188952 1564719101791316217 0.9813021333920253 0.19246104768942282 -0.0022063822319334306 -10.840538026866795 -0.19247121425781333 0.981283205431936 -0.006172715718491499 0.9775272469972899 0.0009770784946905276 0.006481964170675645 0.9999785144982458 0.3257293492589315
1564719101891655935 1564719103891705899 0.8410470904982461 0.5407522678549049 0.015059096062375169 -9.970002925548386 -0.5407825067882637 0.8411592106267076 -0.002337248309660093 3.696153823105071 -0.013930969680567888 -0.0061779598279648445 0.9998838737054105 0.2930773154888174
1564719103991832238 1564719105993286997 0.8918954402048027 0.4521432302911017 -0.009435202373236707 -9.727358171680182 -0.4520615417253965 0.891934933218525 0.00961443692250332 3.2140713256256057 0.012762689166247397 -0.004309780319979868 0.9999092656630757 0.21688570429939708
1564719106093251126 1564719107899344461 0.9813442410754253 0.19225799989850056 -0.0005847932363986572 -10.617294781388653 -0.19225583950022448 0.9813070020336612 -0.008617420598888103 1.5341192633060092 -0.00108290635100643 0.008569085992241533 0.9999626983438414 0.28210386746945576
1564719107999457914 1564719109496773675 0.9987404346562798 0.050174399740979356 0.00027164907910137167 -10.510196002839722 -0.050175054392725 0.9987339014784934 0.0036135791463897025 0.4616105089522959 -8.999598001757842e-05 -0.003622657614650858 0.999993434104713 0.2459598904416656
1564719109596408704 1564719110891446969 0.999875155966878 0.015597966191970139 0.0025250605737998813 -10.326033971811725 -0.015601532998478362 0.9998773098433279 0.001399081336900481 0.13748346098842204 -0.0025029279503308937 -0.0014383014858106787 0.9999958333115776 0.2725468678818538
1564719110991466802 1564719112195740684 0.9999055574654576 0.013572480988092906 -0.0021596086472054662 -10.410553651301308 -0.013569645547204242 0.9999070539039983 0.0013222226592099122 0.1238509453993992 0.0021773537619175975 -0.0012927926612874248 0.9999967939037314 0.22607611563608504
1564719112296885601 1564719113497612216 0.9999015800640703 -0.013979530756623074 0.0011844429944424455 -11.079166084847044 0.013976520009045819 0.9998991653732625 0.0025131602204503806 -0.055219227257849474 -0.0012194563621736314 -0.002496358484170395 0.999996140552809 0.2972389332823888
1564719113597421723 1564719114691219684 0.9999309957959587 -0.011744802193526605 -0.00025153119147122417 -10.5470256574455 0.011745525309219065 0.9999262210125589 0.0030976066185856846 -0.057657279302309065 0.00021513185674557964 -0.0031003472366821086 0.9999951707709942 0.29081910656245236
1564719114790365469 1564719115892905403 0.9998867469921925 -0.0004532398315998074 0.015042864189750448 -10.239581799627834 0.0004107574122743078 0.999995919494898 0.0028270606484147396 0.0076799717851310685 -0.015044084143758671 -0.0028205615073253034 0.9998828531208391 0.32085884271656695
1564719115993338158 1564719117197567553 0.9998112578166681 0.01539311706150645 -0.011853298704952083 -10.609018952555184 -0.015392943949433335 0.9998815160178393 0.00010584160118722224 0.1093443923893181 0.011853523511076674 7.663553816894494e-05 0.9999297415855666 0.18441542459106064
1564719117297287509 1564719118599218903 0.9998028701604807 -0.019852439628678727 0.0003185273334028136 -10.988220275175411 0.01984464894168308 0.9996711280095653 0.016242713211542584 -0.012133216007320334 -0.0006408800621228624 -0.01623319022498399 0.999868027695593 0.3277858370625122
1564719118699310818 1564719119891623317 0.9997658128542761 -0.021017199361134525 0.0051572064962159755 -10.340416432781323 0.021019166630278707 0.9997790192560949 -0.0003275507495521816 -0.14968541677914785 -0.00514918265348369 0.0004358742240677181 0.9999866478766943 0.2711002013537216
1564719119991443429 1564719121194552432 0.9999986063372046 -0.00012505246576146383 0.0016648379890604396 -10.711743256451875 0.0001371486150646303 0.9999735817421466 -0.007267531082383593 0.02624452770631914 -0.0016638851842592692 0.007267749284119744 0.9999722052669486 0.27874820592846056
1564719121294589281 1564719122491205212 0.9999760043836998 0.0069256667572832956 0.0001606137769232115 -11.034564305317422 -0.0069248790316168984 0.9999660157110593 -0.0044736420673160615 0.06522897559734359 -0.00019159127272794482 0.004472422488541569 0.9999899803147461 0.2982389626148903
1564719122591152388 1564719123691528676 0.9999385617272442 0.011071231638968768 0.0005482707906354866 -10.360614061846157 -0.011068222562675267 0.9999251365491658 -0.005216871327691981 0.11568698173049084 -0.0006059869360926741 0.005210482428993737 0.9999862417317051 0.27524084148621275
1564719123791195920 1564719124892908229 0.9999864899309916 -0.004986785029297164 -0.0014669459989170614 -10.642066246309339 0.005007937195296844 0.9998781194230819 0.014787388681503718 0.035351926965612755 0.0013930256781938362 -0.014794535276293503 0.9998895845069252 0.224770410571811
1564719124992874069 1564719126091180463 0.9999025570885429 -0.012864658125683479 0.005420046043218946 -10.84837636857602 0.012952830122315047 0.9997789793403774 -0.01655948854706939 -0.0675618080493558 -0.005205815942173031 0.01662807987794554 0.9998481916970974 0.2776563613141846
1564719126191004059 1564719127292184302 0.9999997663238829 1.2374367400998458e-05 0.0006835196180118272 -11.155951238358606 -8.483396050761072e-06 0.9999837989085616 -0.005692262155259814 0.035129164644679446 -0.0006835789823914655 0.00569225502654597 0.9999835653412052 0.25576277967618427
1564719127393020055 1564719128391364345 0.9999629509428912 -0.007933064812347707 0.0033411411637314097 -10.47985369073355 0.007936167832548685 0.999968088125923 -0.000916498729163381 -0.02767130084436074 -0.003333763897836308 0.0009429806307771442 0.9999939983848978 0.2759156398630697
1564719128491215967 1564719129491438392 0.9999954475305468 0.00043169688182615444 0.0029863951518050266 -10.795971324198524 -0.00044611891835693283 0.9999882346822165 0.0048302665618499335 0.04549974050650098 -0.0029842748049038093 -0.004831576859583676 0.9999838748544666 0.23977269766946938
1564719129591460870 1564719130593042943 0.9999908945658015 -0.002628233305742283 0.0033620195097523796 -11.070142836168229 0.0026006818455084576 0.9999632169313705 0.008173202445572377 0.022053733779170786 -0.003383376927238554 -0.008164384481911525 0.999960947030742 0.2640855176480443
1564719130692986891 1564719131697907185 0.9999899039436185 -0.00258395410268982 -0.003676301407999038 -11.25853483440519 0.0025155697764871164 0.9998259552532824 -0.018485970641948207 -0.039293528333449505 0.0037234284667341977 0.01847653601383508 0.9998223610709025 0.2448533003992854
1564719131797494860 1564719132790859354 0.9997312412381347 -0.004821605281002165 -0.022675921480233056 -11.027119988780344 0.004879394741425881 0.999984985983085 0.002493855521806937 -0.0040771100558907244 0.022663556636610516 -0.0026038300483123954 0.9997397577718252 0.17975706552932444
1564719132891261562 1564719133893405991 0.9998807230903659 0.002603137956625581 0.01522377302357909 -11.190661395307094 -0.002621954141318623 0.9999958231649065 0.001216145232527586 0.05343443771346569 -0.015220543642574066 -0.0012559162092083739 0.9998833720618149 0.3348094415604348
1564719133993144138 1564719134891150401 0.9999596894837821 -0.007362325480316495 0.005139608061400012 -10.299415049585045 0.007373244011016022 0.9999705939302418 -0.0021086838440786113 -0.01013823846892478 -0.005123932108932044 0.0021464944263018156 0.9999845688216612 0.2663539719633518
1564719134991372737 1564719135893068950 0.9999938348716698 -0.0009083181309603853 0.003391928187997585 -10.410573990826004 0.000918759316042738 0.9999948410197932 -0.0030779563214428335 0.020966137074056125 -0.003389114925574032 0.003081053711069392 0.9999895104490145 0.29449765629609526
1564719135997571336 1564719136899095668 0.999995088675918 -0.0029386597887843327 -0.001089450641631358 -10.464610238140997 0.0029501634810253675 0.9999382688125731 0.010712380666615355 0.034788706389462354 0.0010579033462424737 -0.010715542112139313 0.9999420273184644 0.27075385626390003
1564719136998895812 1564719137990899006 0.9999796756903114 -0.0020741983794964483 0.0060287567042810195 -11.319491560058013 0.0020746309678995895 0.9999978458056454 -6.550126474437313e-05 0.01614852357472106 -0.006028607854550391 7.800737883308178e-05 0.9999818247359311 0.33340387689588874
1564719138090942532 1564719139093548865 0.9999949579745895 0.0030410673034987016 0.0009142948398135847 -11.309362116874311 -0.0030370090248009575 0.999985673855257 -0.004407795415475574 0.05275041899283935 -0.0009276861440116291 0.0044049964695790315 0.9999898676509326 0.3038873987144873
1564719139194629525 1564719140097422822 0.9999885675540733 -0.004633202227830186 -0.0011824543441694216 -10.34216197660775 0.004640647295132488 0.9999689229741896 0.00637318433144385 0.020061114386911938 0.0011528893451625485 -0.006378598823912598 0.9999789919409345 0.24724044974001094
1564719140197339101 1564719141097629420 0.9999666684369644 -0.007856023874547606 0.0022237140024064673 -10.490758186112721 0.007850200524535337 0.9999657662353688 0.002615474915846428 -0.006945680175956641 -0.0022441851096869974 -0.0025979311371514264 0.9999941071761382 0.29658219795606383
1564719141197782759 1564719142097700439 0.9999594756083994 -0.007358561531615077 0.00518639693563526 -10.597818918278298 0.0073799172042016544 0.9999643192888936 -0.004110592556777252 -0.02739064574051145 -0.005155963833043975 0.004148701157487676 0.9999781019180732 0.326000958325401
1564719142197504536 1564719143091105497 0.9999986563856259 -0.00023876056327689485 0.0016217954118055392 -10.690012464161065 0.00024261758494081276 0.9999971420245646 -0.0023784615643370264 0.016632700924457972 -0.001621222893930965 0.002378851844688055 0.9999958563415359 0.2712537309580375
1564719143191151684 1564719144094197606 0.9999945846445655 0.000358708481469835 -0.0032713926335297904 -10.788664217181962 -0.0003531641098853403 0.9999985007426788 0.0016952249148132204 0.027672952492488745 0.0032719958204244417 -0.0016940603961003772 0.9999932120783278 0.2674580501491246
1564719144194226266 1564719145095824436 0.9999845360024263 0.00013272926757352388 0.005559688748106501 -10.896346732491233 -0.00011983045224981793 0.9999973008520742 -0.0023203295561112815 0.020095935351210546 -0.00555998171732744 0.0023196274545235294 0.9999818528012401 0.3756974687438549
1564719145196001661 1564719146098968779 0.9999986517496998 0.0005655215349635121 0.001541649825113296 -10.700003374043986 -0.0005695434098349491 0.9999964327385319 0.002609622679079831 0.04362353519653378 -0.001540168527822386 -0.0026104971971533395 0.9999954065821023 0.2968468162274449
1564719146199151095 1564719147091061772 0.9999968820927655 0.0007622385089904272 -0.002377981755155263 -10.595818909885896 -0.0007628950029652641 0.9999996711343566 -0.0002751770536347871 0.03592174635492001 0.002377771222571531 0.00027699034605648486 0.9999971347360863 0.2717392081620272
1564719147191260457 1564719148091450863 0.9999449426122907 -0.005118712959209285 0.009160268650206586 -10.464665657224092 0.005118610837329303 0.9999868992274038 3.459288559398154e-05 0.009821043479621372 -0.009160325714661573 1.2296869385798308e-05 0.9999580432606123 0.3260103072225308
1564719148192678341 1564719149094422370 0.9999409139749924 -0.009997893254548952 -0.004267398428021221 -10.36483477265272 0.009998345904398468 0.9999500116988314 8.475070685758687e-05 -0.018162964844303426 0.004266337779502939 -0.0001274126248707456 0.9999908910225066 0.25819205672511103
