1567496069352880223 1567496234652436474 0.806085288477572 -0.5917746591151705 -0.005409300246395819 0.7629370033678066 0.5916672351384582 0.8060647780422311 -0.013764318485000324 10.188216940983846 0.012505621281889758 0.007894708915859248 0.9998906355234575 -0.01893357589257028
1567496068752619243 1567496235152739791 0.7905658589488411 -0.612360820798294 0.004455088745099955 -6.029815317568441 0.6123734983114186 0.7905156871107035 -0.009145873263036846 7.962079751830322 0.0020787569177991546 0.00995859343215457 0.9999482512543041 0.07051056726186666
1567496071153296786 1567496235752838952 0.9353413956908636 -0.3535275627862328 -0.012439286856530767 6.717818420974556 0.35342441558999077 0.9354121098650544 -0.009765612253469674 7.005105752629941 0.01508827266276869 0.004737833707310538 0.9998749406599943 -0.16260653964911262
1567496069453080091 1567496236352744369 0.9215872149863622 -0.388169409854901 0.0012306204097286039 -8.495739470402176 0.3881682363409181 0.921562446522434 -0.006933790850905429 5.129440526214235 0.0015573919471234523 0.006867780753633128 0.9999752037515012 0.1578318061313363
1567496072454595624 1567496236852880498 0.9658540573819804 -0.25907822742365444 0.0021004556128968806 8.736096051061455 0.2590640359975898 0.9658450029247755 0.005408842563233619 5.091929973606849 -0.0034300279012778735 -0.004680000026928569 0.9999831661124825 -0.25669404347917063
1567496070453253567 1567496237452444238 0.9803530396981226 -0.19725089530993145 4.305916114078672e-05 -9.080265003547694 0.1972501989655849 0.9803501140948668 0.002452101591499601 4.2146794282751365 -0.0005258922878515253 -0.0023954318207729058 0.9999969926673276 0.19923844239919494
1567496073454422826 1567496237952736732 0.9750574066147013 -0.22190865989387917 0.004427241796159248 9.17943978994651 0.22184813904714754 0.9750161810452991 0.011262766141223552 3.607268129579679 -0.006815937729752386 -0.009999668191379726 0.9999267721333098 -0.23948404318801006
1567496073854473797 1567496238452969078 0.9723822823505345 -0.23339348404342314 0.0004225835426515324 9.062122316516806 0.23338937396606552 0.9723732051396787 0.004444102397725526 2.880774320500448 -0.0014481334558583698 -0.0042227399240319955 0.999990035638874 -0.20328445075156834
1567496071854606040 1567496238953016501 0.9833781345973871 -0.18136427438041333 -0.008628115334845608 -9.610537742779632 0.18134822312858734 0.9834154705811093 -0.0026142283453659113 2.320751299232899 0.008959149729167348 0.0010060816087547123 0.9999593598921569 0.15506325296924914
1567496074854185931 1567496239553113672 0.9781674200273432 -0.2077677253258973 0.004590284300450393 9.688673183207548 0.20777485407161575 0.9781760239710334 -0.0011296653230921303 1.5503645840919007 -0.004255398051352734 0.0020587474652566415 0.9999888265107293 -0.26907323319526677
1567496072954485584 1567496240153048242 0.9968739602212106 -0.07896451828791584 0.0026291223703705222 -9.883433817061263 0.07898131095964885 0.9968511514290652 -0.007052263015591879 1.0633086601772337 -0.002063965110285777 0.007237868892359739 0.999971676249847 0.22836528150994193
1567496073454422826 1567496240653338989 0.9997485134884865 -0.02241339311718534 -0.0007413410458316745 -9.714522995291292 0.022404582160903425 0.9996959868655585 -0.010294102345432956 0.8546792432901887 0.0009718414310733404 0.010274904081174293 0.999946739516841 0.22509581856815533
1567496076353995041 1567496241252425836 0.993825462115903 -0.11073546847306658 -0.006971862890497244 9.627954909772535 0.11061089759644674 0.9937308561128733 -0.016254689849113473 0.6918196269583665 0.008728125974201665 0.01538316063860859 0.9998435768587811 -0.1797053969512764
1567496076854237624 1567496241752535347 0.9949287482641895 -0.10020678138550874 -0.008682559634874642 9.93317341215964 0.10013540607965593 0.9949392034302197 -0.00829951365448279 0.7125172284071121 0.009470286517238503 0.007387993096607048 0.9999278630137742 -0.17902034326658114
1567496075054242972 1567496242252684610 0.996868067788613 0.07900982086381807 0.003391700233384267 -9.312271598458006 -0.07903447006545976 0.9968407252385256 0.00788169064396309 0.8892559058466718 -0.0027582539545548757 -0.008125066953721458 0.9999631869834648 0.2381240903970975
1567496077754328908 1567496242754145155 0.9949062043732906 -0.10060273171535862 -0.006382387558612446 9.357838222345189 0.100616722288204 0.9949234289248239 0.001909390596999106 0.8530342904384386 0.006157897004572211 -0.0025418394680469846 0.9999778094320926 -0.20115098415617125
1567496078254001397 1567496243254787083 0.9945455181885317 -0.1042648443063418 0.0028380438498422167 9.370543100142005 0.10425223620417481 0.9945416898807048 0.004277655393759099 0.9150211707415882 -0.003268562000004316 -0.003958450582426416 0.9999868234989123 -0.24349524754237173
1567496078854187799 1567496243854729597 0.9947892197193744 -0.10190887055714748 0.002998404890719727 9.392861685365126 0.10190882355498458 0.9947937289561314 0.00016885260295958248 0.863516833834943 -0.003000001960217561 0.0001375911658089396 0.9999954905182897 -0.2435136666978928
1567496077054290805 1567496244354975767 0.992706658064049 0.12054994436270408 -0.0010963345600665392 -9.878991864123824 -0.12055412560909405 0.9926921996077146 -0.0053758382249275765 1.369157663971018 0.00044026576702043053 0.005468798052824546 0.9999849490936951 0.26541994498186566
1567496077654447465 1567496244954608827 0.9943589515775052 0.105904580092491 -0.005873272777856009 -9.819253839555794 -0.1059083433546888 0.9943758405093959 -0.0003325944979991453 1.285284347451603 0.005805017274369742 0.0009527469063038093 0.9999826968741939 0.22399513021707268
1567496078154076821 1567496245454893019 0.9956923510137171 0.09270747934475869 -0.0014371521589197237 -9.713108141138232 -0.09269914377213558 0.9956812968564146 0.005061999036520831 1.1785562656917585 0.001900230696494621 -0.004906970946900454 0.9999861552838805 0.21134601315421062
1567496078654090780 1567496245954932621 0.9958527672893769 0.08945753768957866 -0.016571506648991506 -9.551379046566653 -0.08940243784016909 0.9959873989914282 0.004037964651736779 1.0787932640184632 0.016866238179720106 -0.0025396851795444573 0.9998545294235884 0.1489757666823364
1567496079154087723 1567496246455105281 0.9956246557066615 0.09343475797768959 0.00122104490037241 -9.322678292743792 -0.09344057841409509 0.9956054628144211 0.00621455708192729 1.0828817621344062 -0.0006350233362638385 -0.0063014613968237765 0.9999799439636969 0.19722752824624026
1567496081855971996 1567496246955123093 0.9969638637732594 -0.07786487027309016 -0.00034103909645591944 9.832103398570151 0.07786119799479675 0.9969443828402799 -0.006287397715956442 0.6242722368816161 0.0008295644190489634 0.006241754607365649 0.9999801759646643 -0.24510555574893955
1567496080055783336 1567496247458096267 0.9969374816180255 0.07819137529738776 -0.0013291253565508485 -9.826418102234598 -0.0781711490421657 0.9968742111044044 0.011448960319837892 0.9694031028258095 0.002220180744403903 -0.011309998412061912 0.9999335751605724 0.20250176234394443
1567496080655601299 1567496248052924916 0.9978297867255553 0.0657853470533922 0.002829281940578192 -9.658049095652123 -0.06580435972838523 0.9978061732969464 0.007254431145322231 0.8267722662692213 -0.0023458397157365423 -0.007424866569143041 0.999969683736693 0.23258983596531146
1567496083355884393 1567496248553164238 0.9980323960409174 -0.0627002726628946 0.00011072868095870521 9.544108730230011 0.0626996042980206 0.998027374917829 0.0031809645554838253 0.612171613608237 -0.00030995759974524476 -0.0031677630325502464 0.9999949345890039 -0.2315349823632865
1567496083955848321 1567496249153095987 0.9975033385298004 -0.0706171464895123 -0.0005551968898857609 9.545843079246609 0.07061831157051791 0.9975003413635306 0.002474479859743626 0.6874097267883277 0.0003790683804441429 -0.002507508988171927 0.9999967843477511 -0.20605071627495483
1567496082355466579 1567496249753063898 0.9973827157395536 0.0719023256625762 0.007600914965484794 -9.406660636029537 -0.07188313981355186 0.9974092194014056 -0.002768260035156537 0.8308055270039947 -0.007780266997027063 0.002214637078563039 0.999967280878768 0.2542089473256537
1567496082956003122 1567496250353163790 0.9969675617159586 0.07778717206718465 0.0021992607701955117 -9.532034134119396 -0.07779975536160214 0.9969486307201285 0.006373834868883083 0.9693425361092926 -0.0016967474237692547 -0.006525608557908042 0.9999772684822081 0.22106556300803046
1567496085860293395 1567496250952918368 0.9974012335420012 -0.07204332981114622 -0.0007334566298184559 9.91056514589788 0.0720449500914736 0.9973982659274723 0.0024948529399487205 0.6364809074266122 0.0005518108575308905 -0.002541211246100227 0.9999966188693781 -0.2043935463375359
1567496086360276502 1567496251453739344 0.9979827637713364 -0.06344405259156624 0.002292467250254887 9.682563937611462 0.06343617410287537 0.9979802415615122 0.003359950597307688 0.5755786935988668 -0.002501005902581869 -0.003207747431623823 0.999991727628734 -0.24347553713322453
1567496084760413944 1567496252052885379 0.9977407230330796 0.06716704064171519 0.0014276739359075999 -9.810423076039813 -0.06716241672994508 0.9977373273701415 -0.003071701690767489 0.8422016661988444 -0.0016307606894714235 0.002968875834050473 0.9999942631814759 0.23927653907574833
1567496087560002401 1567496252553308373 0.9980417603148205 -0.06193005528810816 -0.008792776564354806 9.92543453507628 0.0618804855998458 0.998066701319388 -0.005802173676518002 0.7216687153120711 0.009135106437601829 0.0052467103461910055 0.9999445093908598 -0.18845182907102812
1567496085960387316 1567496253152972908 0.9956875671557497 0.09276648573579498 -0.0008048202917614691 -9.793581083369338 -0.09276330332651846 0.9956825309738877 0.003356645557256747 1.016446979084351 0.0011127297172873433 -0.003267512459860868 0.9999940425797135 0.22331969961548712
1567496088760662371 1567496253653022449 0.9987507110439942 -0.04926529474770435 0.008363487462760319 9.932677890377152 0.04926921412164738 0.998785500149501 -0.0002631177468602654 1.0796850082062721 -0.008340367435134619 0.0006748514913717343 0.9999649908104364 -0.3528627245200628
1567496087160234087 1567496254252940849 0.9928168641694056 0.1195232007345027 0.005373891235548232 -9.603553925271587 -0.11953519052526841 0.9928280157620789 0.0019670648247572717 1.4946729489723947 -0.005100239888403171 -0.0025953042436367767 0.9999836258404275 0.29798198008800486
1567496087760181911 1567496254852974644 0.9930133600537737 0.11776639110216205 -0.0074527767642074035 -9.96334909162343 -0.11772548228629327 0.9930297618440096 0.005709896014689581 1.7402542765814575 0.008073262982456439 -0.004792621288165747 0.9999559256317397 0.18575798589302878
1567496090554351949 1567496255353334488 0.9922252270652002 -0.12438075763653783 -0.004304172995415509 9.52694933552921 0.12438723692980218 0.9922329364589586 0.0012708638804019806 1.645704267957362 0.004112671197971635 -0.0017963673884683498 0.9999899294492087 -0.24012491291790813
1567496088860691048 1567496255853571973 0.9931942002334504 0.11637491258515244 0.004707477397970824 -9.762364563418707 -0.11638639410253657 0.9932014794112922 0.0022424457726682736 2.0352126559568875 -0.004414509085188586 -0.0027750704554210665 0.9999864054543549 0.24729345406447908
1567496091754487290 1567496256453135942 0.9939004568140065 -0.11028092269939581 -5.786745123006033e-06 9.497427663752166 0.11027710059983671 0.9938664444980136 -0.008273547255062822 1.238029220991734 0.0009181656770860398 0.008222444250804883 0.9999657736054481 -0.24604775687426417
1567496090160204318 1567496257053001854 0.9969908820472739 0.07745279436548365 0.003200899809110076 -9.816306180520044 -0.0774585220261025 0.996994116225585 0.0017057482558110093 1.5932458744999711 -0.0030591633074136 -0.0019485524264789978 0.9999934223100204 0.26437824938403204
1567496093054105367 1567496257553462304 0.9935421933046134 -0.11323939273425995 -0.007123907400099398 9.883065288392178 0.11325014477712368 0.993565872629945 0.001123144277298618 1.104970054159943 0.006950887096600805 -0.0019226747731047643 0.9999739939069924 -0.2406439075397836
1567496091254096153 1567496258053485706 0.9977476911086086 0.06639121852891422 0.009578673691927107 -9.624025192851912 -0.06635581655713689 0.9977881344731279 -0.003967910493156926 1.2099306731277597 -0.009820921366448822 0.003323372818710688 0.9999462509038355 0.29801283528581113
1567496094254197404 1567496258652927142 0.9965634999357948 -0.082578689587251 0.006476929964885131 9.616235591269843 0.08261694239730777 0.9965640369566999 -0.005878866684531021 0.8112833121667644 -0.005969206365824689 0.006393768108612481 0.9999617434205891 -0.28442598829707844
1567496094959155252 1567496259253021163 0.9975618651983204 -0.06963175538786907 0.004663018728202677 9.991401333924875 0.0696811211356746 0.9975038684292618 -0.011426890475781827 0.652811925194716 -0.003855704777486004 0.011723954549295677 0.9999238383149048 -0.25967121693808354
1567496095458579998 1567496259753133446 0.9984002395873343 -0.05650015616738469 -0.0021665514110458333 9.718762321385103 0.05647925036455057 0.998365600106605 -0.008730567108333491 0.4404997568941401 0.002656288804701444 0.008594235093121502 0.9999595408080051 -0.2344818549240257
1567496093554565889 1567496260253196792 0.9997713042655505 0.01832279289009282 -0.011027893174832326 -9.779093424744003 -0.0182370625196773 0.9998030703954905 0.007824958683989207 0.6950175153356566 0.011169096553531772 -0.007622052772025837 0.9999085736174803 0.19053751066220442
1567496094054341236 1567496260753426291 0.9999449271518926 -0.010480327607350789 -0.0005526268634879157 -9.845252038188438 0.010485775479334639 0.9998844725875681 0.011004089735292955 0.40999615221423685 0.0004372365544913106 -0.01100927842994429 0.9999393004641224 0.22917594539639594
1567496094659113171 1567496261353055890 0.9987961505708121 -0.04849484411934909 0.007382391128247601 -9.86134536270907 0.04847670528694373 0.9988208861479669 0.0026165701064492855 -0.05014580638240824 -0.007500576608045902 -0.002255546150982891 0.9999693264606292 0.29827146972154933
1567496095259081903 1567496261952962648 0.9962880987391217 -0.08551921315723872 0.009822855580921433 -9.819465681050891 0.08559340837094433 0.9963026815161923 -0.007398327317074471 -0.5296880667883328 -0.009153838224582517 0.008211637145684375 0.9999243852717847 0.30271959782921853
1567496098352338108 1567496262453171903 0.9935374869176714 0.11349061931852988 0.0017724040216378805 9.776870115287673 -0.11348390290195957 0.9935336109785868 -0.0035167652737912954 -1.0978818931478462 -0.0021600628366511927 0.003292898806307356 0.9999922454429323 -0.25107084113393763
1567496096358995770 1567496263052946566 0.9863895706562404 -0.1644217843308092 0.0010448627097386365 -9.833672015732644 0.16442265912080423 0.9863896418467631 -0.000814631860684979 -1.384358731031368 -0.0008966985299312914 0.0009753434764553232 0.9999991223180482 0.292830981088313
1567496099552541628 1567496263553109290 0.9825161809465867 0.1861469449139427 -0.00335694464422209 9.893617026748045 -0.18616554646531644 0.9824967432473144 -0.006522178907054989 -1.8449909783579193 0.0020841035024793974 0.0070330937453554065 0.999973095690563 -0.24398738324986813
1567496100052442339 1567496264053229195 0.9739815775827277 0.22659271780391793 -0.003953070666915485 9.631423668379377 -0.22660359981168757 0.9739837057782315 -0.0025591855912681497 -2.0192860278109417 0.0032703335988756807 0.0033883796629434067 0.9999889118392369 -0.255017437077645
1567496098058689037 1567496264653486086 0.9764389492395922 -0.21573444757171353 0.005062266173578627 -9.565998147173357 0.21573820382921902 0.9764512208928375 -0.00020155751640627145 -2.325903460188263 -0.0048995730862194595 0.0012889328211243456 0.9999871663355301 0.24028522563824792
1567496098752819755 1567496265252975529 0.9806704408571334 -0.19566663173490806 0.0002359122672202302 -9.242756902776824 0.19566657334120835 0.980666996112196 -0.0026143475657460047 -2.2894079174198985 0.0002801892079329914 0.0026099735247899977 0.9999965547601718 0.24499098999220875
1567496099252682160 1567496265753067730 0.983368276299854 -0.18156319865466658 -0.004651672962448928 -9.657758371022345 0.18154765709114007 0.9833756547387805 -0.003573495739104572 -2.1693679848874687 0.005223157261849529 0.0026695620174412445 0.9999827958854394 0.20359247798419938
1567496099952373631 1567496266353014230 0.9938288319656327 -0.11092409118557607 0.00031424271540552806 -9.499729638421513 0.11092308475932927 0.9938263316909347 0.002300370668728246 -1.3737070257496273 -0.0005674692109307727 -0.002251317923434275 0.9999973047695218 0.20727423914401613
1567496100452481558 1567496266853235409 0.9972550437764339 -0.07382559594774245 0.005670894588012475 -9.928084005396576 0.07380031975116509 0.9972626841239637 0.004544409587180382 -0.7431304341117279 -0.0059908653042295675 -0.004113421547931086 0.9999735942994072 0.255485882286592
1567496101052697223 1567496267353330582 0.9983373991545142 -0.05747759361408575 0.00433170656158236 -9.485448541075137 0.057489574435973974 0.9983424720813635 -0.0026939320029873643 -0.33281875505686714 -0.004169685908129531 0.0029384810361682886 0.9999869894396799 0.28630997834877686
1567496104052522656 1567496267953161959 0.999851742696733 -0.01705288516826303 -0.0023857354739292183 9.985517569001843 0.017062358498560973 0.999846392217722 0.00400847747624722 0.2905193545521883 0.002317012900292038 -0.004048589464125372 0.9999891201281027 -0.21682252057621382
1567496104552374919 1567496268453366878 0.999286510676245 -0.03758610317025554 -0.003708696397703829 9.960487124007935 0.037581802070825135 0.9992928065033578 -0.0012227116385880742 0.1793603731323913 0.003752030597525873 0.0010824597529285635 0.9999923752445729 -0.22373286323900526
1567496105052620002 1567496268953471291 0.9982228036046957 -0.05958849276001889 0.0006677530787598585 9.950943224851914 0.05959037417839687 0.9982175095480856 -0.0032849561487251367 -0.010930073318369173 -0.0004708172295873812 0.003318909792320955 0.9999943815686817 -0.23056373825938675
1567496105651265196 1567496269553344849 0.9969889677819628 -0.0775380944308768 0.0009176236094161095 9.964221959092221 0.07754330129327529 0.9968879305343706 -0.014194730692736385 -0.44109502044939675 0.00018586446787367553 0.014223145465312998 0.9998988286759184 -0.2300309529676285
1567496106252307914 1567496270153195854 0.9971306304925582 -0.07568907898681008 0.0012919193647725202 9.981688095781497 0.07570007330461719 0.9970003544354475 -0.016118069278449592 -0.9506736053953014 -6.808224584865979e-05 0.01616961897256012 0.9998692608471849 -0.2630384647805056
1567496104552374919 1567496270653477402 0.9966317671096964 -0.08192761802836622 0.0036036359424612917 -9.322975004795833 0.0819169270999106 0.9966345830946296 0.003020734067134143 -1.1177634152967872 -0.0038389897519569443 -0.0027153607485030677 0.9999889444257387 0.2230950603077725
1567496105052620002 1567496271153509428 0.9961868915428435 -0.0871607995232101 0.0038304235644602723 -9.473379398869797 0.0871361677525391 0.996177206126947 0.006185649724125702 -1.546476539522937 -0.00435492682025206 -0.005828294740573512 0.9999735324461396 0.2502138140553609
1567496105651265196 1567496271753049813 0.996418814576676 -0.08455498775140854 -1.995050945572009e-06 -9.663853986587222 0.0845539966610916 0.9964072489866109 -0.004818279316949751 -2.0137953251541365 0.00040939743185180875 0.004800855475763299 0.9999883920228564 0.2518118955972743
1567496108252329047 1567496272253193540 0.9996900240200832 -0.024878730714419466 -0.0009511218473556774 9.101003195993993 0.024864790545248042 0.9996114551106852 -0.012596864794398574 -2.3234098033247075 0.0012641463008887608 0.012569310623372416 0.9999202039985966 -0.2103387601073055
1567496106852483238 1567496272853060834 0.998020433926033 -0.06288461118457339 0.0008597338280743862 -9.151298900187163 0.06288843499195158 0.997784147046381 -0.021721893269146718 -2.594949232256618 0.000508144028091185 0.021732960661125993 0.9997636821822216 0.20265797882709213
1567496109552401203 1567496273452832256 0.9999485755961197 0.005282673563080578 -0.008656761711147558 9.655510607353552 -0.0053643445450734534 0.999941067965513 -0.009438453453806549 -2.577130710724705 0.00860639128203175 0.009484405939427499 0.9999179846732876 -0.20182325360364306
1567496107952595001 1567496273953700390 0.9999535547358179 -0.007945276733368312 0.005455359642749755 -9.617601571040106 0.008021949025211944 0.999867286553672 -0.014179478609340396 -2.5820567319000474 -0.005341975761684404 0.014222582656678799 0.9998845840583501 0.2370378099019005
1567496110752238714 1567496274553584524 0.999354273862103 0.034068627495808496 0.011417702663665541 9.761253949373023 -0.03399293588946126 0.9993992166860067 -0.0067591417375269984 -2.345134039076804 -0.011641117780468403 0.006366655948385901 0.9999119711598974 -0.3351539922176822
1567496109252279935 1567496275157299276 0.9991388388236936 0.041143252999655246 -0.005367819543971048 -9.301376652191234 -0.04121591130873496 0.9990491905498344 -0.014211386868264751 -2.0631266455648327 0.004778013085025095 0.014420388147878035 0.9998846048402961 0.21973559517320537
1567496109752291538 1567496275657871204 0.9987772702154949 0.048917123541199106 -0.007146994148140003 -9.720335870547405 -0.04899769321223688 0.9987318748155396 -0.011570146382962714 -1.8154059842207493 0.006571952584862773 0.011906185447029762 0.9999075218175634 0.2164910015525334
1567496112651964274 1567496276257967173 0.99844691377164 0.05444171760328217 -0.011826232041432187 9.94339655124425 -0.0546594650223911 0.9983253452591876 -0.018943281040941798 -1.5889566277484852 0.010775122428967691 0.019560276008652445 0.9997506150731372 -0.20548407548424572
1567496110952181396 1567496276758315537 0.9987357093005059 0.048994813578131416 -0.011246831129795364 -9.839832966186258 -0.04913321594592136 0.9987155279875354 -0.012378257042142843 -1.2568348710824175 0.010625914493779014 0.012915200309496189 0.9998601339898242 0.14541921900618124
1567496111652409297 1567496277358214035 0.9994044521143371 0.03447705072619304 0.0014401622393990117 -9.436154001465816 -0.03448470866268009 0.9993890705526975 0.005682475541314051 -1.0392197436559019 -0.001243367404389926 -0.005728754930273078 0.9999828175546108 0.23110544011940548
1567496112252600170 1567496277958025489 0.999656264055133 0.026063575864305105 0.002836150296988223 -9.92604727842642 -0.026068434553119038 0.999658732320747 0.001689856453726416 -0.8680036214013203 -0.002791138708676498 -0.0017632095877217046 0.9999945503034858 0.29784182695604927
1567496113151995899 1567496278757587488 0.9997429725600243 0.02259041704876694 0.0019136024705888191 -9.690288963020116 -0.02258610035090453 0.9997423737654048 -0.0022481478750280806 -0.6278727420720208 -0.0019638960744736973 0.002204349221902286 0.9999956419688669 0.2531564564873722
1567496116152009447 1567496279257993949 0.9992704497586213 0.037640050111926344 -0.0064648949550382175 9.67460537481227 -0.0375597254183101 0.9992208024084009 0.012126626110699439 -0.31853958299484314 0.006916304338954702 -0.011874959448324502 0.9999055705777421 -0.24289959415208234
1567496114452626030 1567496279957866090 0.9996633346162859 0.02592180577356875 0.0011302253268413887 -9.455725448529659 -0.025901180130989604 0.9995441783322357 -0.015510139585870568 -0.1913882576842831 -0.001531760971513851 0.015475643688995528 0.9998790717685537 0.22680473353922245
1567496117652236247 1567496280457996410 0.9998841854540598 0.015159801531433674 -0.0013401852094457858 9.994856624647454 -0.015175848134225779 0.9998015319451885 -0.012906988551362282 0.019317359693354644 0.001144251840687634 0.01292583218155388 0.9999158032305228 -0.27683541492901353
1567496118452997512 1567496281058002398 0.999631375785516 -0.025731470426419326 -0.008660483522707893 9.943987000924391 0.025658002310050186 0.9996347269326975 -0.008489972181837365 0.39029413410387076 0.008875779549445956 0.008264631866279197 0.9999264554943608 -0.21788579557338794
1567496116052995348 1567496281657672364 0.9994210995530254 0.0335111165870547 -0.005871186705136498 -10.037323257247705 -0.03342408293918567 0.9993383371492391 0.014342893135211593 0.29953837763134183 0.0063479483230527095 -0.014138350996581403 0.9998798980793601 0.28880712355348775
1567496119952945786 1567496282157677792 0.9379593388764872 -0.3464128080262761 -0.015180416652751754 9.621194702328804 0.34643773203940864 0.9380723940280374 -0.0010398951486218224 1.9588156642241388 0.014600562790276862 -0.004283689750490832 0.9998842300828344 -0.24503907003111627
1567496120752889023 1567496282757623705 0.8487840970432933 -0.5286997131500561 -0.006493837190991897 9.722164331064949 0.5287131352576606 0.8488004731975973 0.00042107667964551423 2.489410904318712 0.005289348960839082 -0.0037907802104213597 0.9999788261623239 -0.2529948141274297
1567496117452871965 1567496283258132406 0.9882953358647877 0.15159272809934704 0.017087243643006525 -9.549601351348596 -0.15154329240705566 0.9884418702804554 -0.004159279134380568 0.9592907052514166 -0.017520263535339222 0.0015211390092446063 0.9998453512927753 0.36776051534757787
1567496121852877126 1567496283760812995 0.7053398071926783 -0.7088429903066832 0.006113221939934294 9.52698616825685 0.7088483451212432 0.7053590674181686 0.0016154348822883069 2.7851781282515757 -0.005457106219079226 0.003193916727075842 0.9999800092440214 -0.29785941034031443
1567496122358336571 1567496284360298363 0.6819399675917579 -0.7313564828141548 0.0086934254852644 9.357231512320807 0.7313815039935269 0.6819684089112564 0.0004299572300602063 2.452646804225552 -0.006243093553711156 0.006065005586735289 0.9999621190275779 -0.23403822303359464
1567496122759062797 1567496284860655540 0.7276980906166781 -0.6858975255595109 0.000270821325239507 9.474670068800622 0.6858964152950432 0.7276960719055222 -0.0021294174520503743 1.8132696101758488 0.0012634865466800908 0.001735328390150206 0.999997696115915 -0.18150200462090627
1567496123259023221 1567496285461024878 0.8156672269210802 -0.5785127643195002 0.0031553836998867517 9.893684360427285 0.5785002604511208 0.8156719255821243 0.004093711658176722 0.9854011264321604 -0.004942022346135013 -0.0015137161438317922 0.9999866424500785 -0.22894850868823732
1567496119752885923 1567496286060914187 0.7761150750629779 0.6305713482547239 -0.0050164748788668655 -8.940240572532469 -0.6305664767356334 0.7761305516897449 0.0026991018863750348 3.7576504091853304 0.005595415730841265 0.0010684072268534537 0.9999837747827732 0.2333035777248653
1567496124158628811 1567496286652965259 0.9647300881795727 -0.26312866307278404 0.007691789816158162 9.936669516701011 0.2632061827992296 0.964666037964645 -0.011913879882890513 -0.019035976114156677 -0.004285125121215185 0.01351820502638659 0.999899442861916 -0.22436344320555934
1567496124558885717 1567496287154842457 0.9869898931333969 -0.16021042769208038 0.013548790028910957 10.011992931676241 0.1603628706807016 0.9869965385789133 -0.011026447310758148 -0.16862212366177637 -0.011606057020886318 0.013055714916172198 0.9998474122327193 -0.2422431340665813
1567496124958920082 1567496287656148398 0.9953271008693614 -0.0965127279486176 0.0030423048682610403 9.961561855605092 0.09655867732952124 0.9950146928887506 -0.02494359171980273 -0.23537580712302097 -0.0006197639624513668 0.025120793765852634 0.9996842309515636 -0.2090364984548207
1567496125458773314 1567496288256067009 0.9985222587925674 -0.05400676630983786 0.006047138873152653 9.978100642561943 0.054137492715858826 0.9982431267513349 -0.024078865757413328 -0.20482830958097703 -0.0047360931406685005 0.024370660361952567 0.9996917726656044 -0.23803263241546668
1567496122558693472 1567496288756315308 0.9737733924979285 0.2274278502797354 -0.006477112027883804 -10.03360750609915 -0.22731761296914416 0.9737132762027235 0.014462315878864106 1.266533417092459 0.009595983383399771 -0.012610656751625456 0.9998744363364845 0.17482727809866894
1567496123158747086 1567496289256336977 0.9884714813206343 0.1513658978197027 -0.0035349106120228643 -10.054190567135125 -0.15124820591209465 0.9882340952997374 0.022745397237408354 0.7225718414452346 0.006936196664744182 -0.021948527612359027 0.9997350405539923 0.17060148536386543
1567496123758788830 1567496289757738050 0.9930834473704883 0.11740557097536798 0.0010947432125407942 -10.034205943406132 -0.11739559689195203 0.9927633268050194 0.025283409212771488 0.6050602478436725 0.0018815921811508535 -0.025237053215176955 0.9996797240896174 0.208234932036865
1567496124358668101 1567496290257760284 0.9956114202762203 0.09336008700575961 0.006464825585584023 -9.986132987442707 -0.0934635343650065 0.9954570638885757 0.01816044323082165 0.5730009342223734 -0.004739995735884512 -0.01868497012616583 0.9998141849022838 0.2062893565581247
1567496124958920082 1567496290757834991 0.9973888867116144 0.07211536750976152 0.003844792985990278 -9.880626018104651 -0.07213615383473725 0.9973792212872541 0.0055735315882879735 0.5506690269731359 -0.0034327793555607535 -0.005836327044194431 0.9999770763935258 0.21880012853981393
1567496125658774230 1567496291357659777 0.9989582989781269 0.045627852112095926 -0.0006449917635784942 -9.849397428786645 -0.04562743432501943 0.9989583159415785 0.0006482654414340622 0.47751516373898345 0.0006738988456315029 -0.0006181608233285198 0.9999995818686871 0.21852156863104227
1567496126252365916 1567496291857834295 0.9997475312556653 0.022454256636858093 -0.0008246860596463903 -9.647690204712191 -0.022455015219573153 0.9997474288382273 -0.000922400587378738 0.335994764227255 0.0008037659482197823 0.0009406860480815007 0.9999992345347446 0.2028061941451765
1567496126952586292 1567496292457505827 0.9999443183820935 0.009630364952426557 0.004314650189277815 -9.49398514177341 -0.009641226779998808 0.9999503877796102 0.0025037423158302628 0.2456194299607638 -0.004290324177653451 -0.002545201424358498 0.9999875574566728 0.2066839140495125
1567496127452507343 1567496292957777516 0.9999366830790783 0.010349124830422753 0.004418760918917365 -9.967568849459662 -0.010359644705015953 0.9999435418214103 0.002364515011935008 0.25943478995927566 -0.004394040782701928 -0.002410142091281117 0.9999874417315006 0.2458699700006102
1567496130452258807 1567496293457914645 0.9999986397343945 0.0015695609042640573 -0.0005069594925594734 9.903552348525997 -0.0015717321112963926 0.9999894716343058 -0.0043111806646133136 0.15709279409226565 0.0005001874944823664 0.004311971604776583 0.9999905783122934 -0.209089127628076
1567496128751876353 1567496294052495209 0.9999560303872677 -2.3052621866321505e-05 0.009377460248843221 -9.606892427771953 3.892987998017721e-05 0.9999985661998919 -0.0016929508644559254 0.2338545157956542 -0.009377407776483675 0.0016932414894639386 0.9999545975476355 0.25031987072816986
1567496131652235271 1567496294553173894 0.9999777593062239 -0.0064249550026378105 -0.0017890908618774502 10.024066149589823 0.006423796924343013 0.9999791544544192 -0.0006522957147102301 0.18247422875808708 0.001793244537918038 0.0006407884508251767 0.9999981868304504 -0.21495631380430033
1567496130052110417 1567496295152732072 0.9999940952484153 -0.0030462347586374216 -0.0015905728852370308 -9.51704127419316 0.003046723270304312 0.9999953122771486 0.0003047967387905819 0.20745259735921862 0.0015896369466519582 -0.00030964097446389995 0.9999986885875615 0.21799944921463926
1567496132952210018 1567496295752491189 0.9996060952214124 -0.02803485921752835 0.0013042487726208855 9.988282554494049 0.02803061573008676 0.9996020531627907 0.0031654216987680303 0.19854173165546163 -0.001392471902635979 -0.003127615927872854 0.9999941395031344 -0.23769206714837862
1567496133452440578 1567496296252884369 0.99924241200193 -0.03886779167651263 -0.001974038187646008 9.590412347276569 0.038869082051405636 0.9992441196283411 0.0006195552162144552 0.18097055665011316 0.0019484653078510922 -0.0006958149009066441 0.9999978596599957 -0.2146104875371436
1567496131851902573 1567496296753066137 0.9999436970470313 0.010608172868271697 -0.00026344698925399927 -9.951858606298382 -0.010609049491450317 0.999937295634086 -0.003585089799923155 0.17421098342542493 0.0002253992176316679 0.0035876828709280515 0.9999935388425348 0.2293382293101359
1567496132552296153 1567496297352671269 0.9997816222843474 0.02086327127954904 0.001196517447684167 -9.841365709936527 -0.02085989172942702 0.9997785697054263 -0.002770645199543385 0.2024381865668796 -0.0012540572248905043 0.0027450809279629075 0.9999954459252254 0.2329705781622918
1567496135252638209 1567496297853162391 0.9990567402471902 -0.043404613905612385 0.0012919978233248604 10.068409616329902 0.043406729921582565 0.9990561088589219 -0.0016574526238297817 -0.0208255412228714 -0.0012188372268203576 0.001711970616053969 0.9999977917937862 -0.2571076752179337
1567496133852012518 1567496298452823543 0.9997921695621639 0.019736928040065885 0.00510601152804542 -9.406356674214386 -0.0197563775590953 0.999797651004412 0.003787161444791967 0.048351952151364015 -0.00503023139882843 -0.003887250648939507 0.999979792823078 0.2439138326698192
1567496134452425112 1567496299053106480 0.9994494061158332 0.033018297085780246 0.0032675177537352783 -10.005651916212697 -0.03300607648091018 0.9994482062652197 -0.003725843338699625 0.0407809264556813 -0.0033887357601623236 0.0036159439712616297 0.9999877206341866 0.2773932146601025
1567496137252916318 1567496299653161156 0.9998151995827128 -0.018111218918222642 -0.006445962509649458 9.852057708200212 0.01811958940514021 0.9998350546886746 0.0012425359081610905 0.02653413620395813 0.006422395438510399 -0.001359104481002425 0.9999784526037776 -0.1980300446078843
1567496137857112249 1567496300252349475 0.999908682007401 -0.013222120320897377 -0.002793417341948668 9.474689455233046 0.013193662074141577 0.9998632380899127 -0.00997157948541908 0.12154744670395526 0.002924880732603137 0.009933813496355746 0.999946380773552 -0.20157088377590673
1567496136351701948 1567496300752740161 0.9982076743031664 0.05974237369378572 0.00350538838000732 -9.927217917898016 -0.05974939389109475 0.9982115369027946 0.0019332676507460452 0.4114796802632939 -0.003383621123806964 -0.002139247436515257 0.9999919873321506 0.2500672881100098
1567496138956983461 1567496301254461178 0.9996230338035043 -0.026999261644509023 -0.0049829870691787195 9.9965548626625 0.02700825111655836 0.9996336864748897 0.0017456334804033349 0.4827599919246818 0.0049340309185470724 -0.0018795572016649764 0.9999860612046684 -0.19460314398377793
1567496137452900892 1567496301754490809 0.9979090087588425 0.0646327126339453 -0.00047190626852577173 -9.994868504626245 -0.06463239147609869 0.9979089183939048 0.0006667548171017633 0.6974909457310908 0.0005140136464988201 -0.0006348602079318399 0.9999996663711895 0.24522522496174365
1567496140052462179 1567496302354074053 0.9993351158747263 -0.03645727842443633 -0.00043935126797065846 9.759713905663665 0.036458173656604295 0.9993326712969663 0.0022391185995212755 0.6710199928295519 0.00035742590605102194 -0.002253647789933967 0.9999973966557982 -0.22089236394355669
1567496138757249345 1567496302954039408 0.9981937049480214 0.05992300446012234 0.004308240780512408 -9.851275303912896 -0.05992102988191936 0.9982029486543091 -0.0005860680302642179 0.9524425910050281 -0.004335617607811708 0.0003268551939333758 0.9999905477481522 0.25124990474827513
1567496141252532067 1567496303553620863 0.9987482430746125 -0.04994155503912137 -0.002790705225296502 9.749633152274253 0.049922113337355405 0.9987309817164619 -0.006648966807955004 0.6827692125424486 0.0031192235111350474 0.006501326015158063 0.9999740012644087 -0.12401425026143552
1567496141752987216 1567496304053999874 0.9983005784668172 -0.05784771541693795 -0.007042503380263206 9.636067731501683 0.057825757688533624 0.9983212936409863 -0.0032827443907110544 0.5941396198495157 0.007220580348356154 0.002869927530217776 0.9999698129120759 -0.2630328651660086
1567496140552743005 1567496304654034835 0.9997464641761182 0.02150823016081084 0.006663587825460708 -9.55536267645454 -0.021549844704515923 0.999748317213589 0.006237501247178319 0.6629200984731242 -0.006527753102656468 -0.006379519099974226 0.9999583442201456 0.2387713396204392
1567496141052623764 1567496305154147421 0.9997704069563688 0.021050714776437267 0.0040000977129885235 -9.7173760749643 -0.021053530322239195 0.9997781299898705 0.0006630648021036155 0.5239708410713957 -0.0039852522232411945 -0.0007471287455299678 0.9999917797478955 0.28585584868862207
1567496141553063681 1567496305660076827 0.9997731989776295 0.021101236329327092 0.0028789636010409696 -9.926994411585332 -0.021088104023122795 0.9997674126128282 -0.004518024586172099 0.4155221869057797 -0.0029736298949537407 0.004456288009679296 0.9999856494082444 0.2323702011803802
1567496142152605801 1567496306160141951 0.9999062291957055 0.010836357822815366 0.008372942419857612 -9.228213890542454 -0.010919785220071265 0.9998905400251934 0.009983298997618163 0.293376723598973 -0.008263843317600876 -0.010073793588526446 0.9999151101850422 0.2629739337064013
1567496144557176732 1567496306660216762 0.9993232040038115 -0.03671445597242509 0.00227654611351375 9.948490670886946 0.036706388945496875 0.9993200010545453 0.003489484623305782 0.04693376366518639 -0.002403112594125671 -0.0034035591669887874 0.9999913203797651 -0.25916894046164496
1567496145157343563 1567496307260002749 0.9989522033619026 -0.045761690646592516 0.0006025508800589366 9.333685147501392 0.045762952234669335 0.9989497260612337 -0.0022796940499918666 -0.1534409984445582 -0.0004975953826874508 0.0023048799013736204 0.9999972199598796 -0.22161442374766857
1567496145757098370 1567496307760237452 0.9985765652343787 -0.05307650342867772 -0.00526575241539712 9.742151159225505 0.053052906360489455 0.9985814545197981 -0.004524137026538444 -0.37741335821250216 0.00549840808050933 0.004238333742798922 0.9999759017274724 -0.21735951385805347
1567496144456974442 1567496308360098803 0.9995412298729502 -0.030283124470247162 -0.0005120121053908379 -9.907180051536555 0.03028373703465747 0.9995405804158202 0.0012342500648423631 -0.5284589432692991 0.0004743999286617106 -0.0012491894677409633 0.9999991072348035 0.24072322589009928
1567496146956958295 1567496308860172816 0.9987562675814727 -0.04980176559098014 -0.0023879092842418507 9.437263315769258 0.04980875425114817 0.9987543802887779 0.002962406778949056 -0.9531820566997184 0.0022374017693782985 -0.0030776611243141143 0.9999927609914625 -0.1726204939273682
1567496145657237146 1567496309460274857 0.9984091562494241 -0.056322546138329675 -0.0026320170623881072 -9.629230339037758 0.05634683971215932 0.9983580262022315 0.010309470017622191 -1.2204965651562154 0.0020470397586074846 -0.01044137510520668 0.9999433920548475 0.23397521946563019
1567496148257347783 1567496309960356903 0.9991092862164574 -0.04204558853603942 -0.0035780833836603384 9.746220526957075 0.04206902237844476 0.9990919221185888 0.006747482012248347 -1.6563099274100328 0.00329113235294033 -0.006891998406955028 0.9999708339775716 -0.21654976153194685
1567496146857036807 1567496310560197785 0.997749967462549 -0.06703799548908598 0.0009537239070546833 -9.668193503126485 0.06703145993143886 0.9977343530194158 0.005739702465612774 -1.9586060067751805 -0.0013363412533624267 -0.005662858442448208 0.9999830729698995 0.2370933689728372
1567496149557451113 1567496311060593634 0.99938487377369 -0.03506372635448636 0.0006396612300192796 9.586953114219703 0.035049091110814466 0.9992584952812441 0.015938030636606915 -2.1842535836647747 -0.0011980336630703675 -0.01590580719123569 0.9998727769136153 -0.20981507205120603
1567496150357438125 1567496311660248744 0.9995112215040975 -0.03125711687145979 -0.0005574336514517248 9.659528217410333 0.03126119794661903 0.999458372167745 0.010281041131439702 -2.416415825234478 0.0002357760256662076 -0.010293442023339096 0.9999469933256426 -0.26896450126137994
