1567410208352714393 1567410211145441677 0.9998808056876117 -0.015439061499956955 9.89823730930907e-05 -10.254492555117778 0.015439327951634692 0.9998734174011565 -0.0038439988222489585 -0.07696831001682504 -3.962210942496271e-05 0.003845068860772077 0.9999926069104492 0.21538777819922633
1567410211245738289 1567410212949783950 0.9999801109444663 0.005091737928439923 0.00372181680922127 -10.294996468552476 -0.005090189981084919 0.9999869544723095 -0.00042526596498288025 0.052972675488787375 -0.0037239335990006043 0.00040631275221090346 0.9999929835896353 0.23401578612875004
1567410213049733640 1567410214452920915 0.99990677892654 0.013643476164829737 -0.0005376010602443569 -10.18261578055211 -0.013644923535401489 0.999903018353839 -0.002787462753137811 0.1368732657966596 0.0004995182411758331 0.0027945384282275013 0.999995970510137 0.21488418470540385
1567410214553371874 1567410215844488634 0.9999743944986137 -0.0027907058309057427 -0.0065895605399068176 -10.403737793929073 0.002823480352007514 0.9999836651348237 0.004969650111710479 0.060446952095678484 0.006575584068779381 -0.0049881283560403 0.9999659395547765 0.2074709859652916
1567410215944907134 1567410217246862808 0.9999745751868719 -0.0030243071464912882 0.006457750856179609 -10.398773773797437 0.003027481673844266 0.9999953010693021 -0.00048186516920509833 0.01733742485491652 -0.006456263203380691 0.0005014036402446788 0.999979032410105 0.3268783850188109
1567410217346543444 1567410218746401069 0.9999782192866601 0.006599205062340944 -0.00010698053861792075 -10.448038798800031 -0.006599584846832791 0.9999699903716746 -0.004057565270540882 0.04385671616482088 8.020062289756381e-05 0.004058182921016534 0.9999917623256935 0.26006459419372435
1567410218845653198 1567410220253112385 0.9999323239543011 0.007184208335895409 -0.009150664563218058 -10.157296784784622 -0.007204521200132807 0.9999716516181494 -0.002188797466588481 0.06146656337588893 0.00913468037967973 0.002254575494272394 0.999955736272218 0.21300523870106094
1567410220352500775 1567410221752850528 0.9996163711523746 0.007997585095114643 -0.026516959795648047 -10.255855487803096 -0.008035250370086592 0.9999668533039282 -0.0013141708145738358 0.06265190986534017 0.0265055706531218 0.0015267370717503535 0.9996474997709299 0.2934118330019029
1567410221852711940 1567410223244828761 0.9997309013481016 0.02171141314866127 0.00816942034706049 -10.730969779818752 -0.021778125435067127 0.9997294642078501 0.008167719829746322 0.19992245946824053 -0.00798987748674943 -0.00834343656840096 0.9999332722356947 0.30916906510951203
1567410223345071484 1567410224645013807 0.9996494514599392 0.02583610653752076 0.005785308533601252 -10.645433615063187 -0.025772237369116838 0.9996089045015232 -0.010854944599267754 0.165828137721826 -0.006063495430602 0.010702039069504395 0.9999243473297982 0.2660667138776626
1567410224744923160 1567410225949831253 0.9997671854283503 0.019249161777031457 0.009749087729735586 -10.322585938103993 -0.019287461234029767 0.9998065675619644 0.0038498440372628285 0.1629397165176782 -0.009673095669237757 -0.0040369828891268075 0.9999450654857657 0.32222785344903554
1567410226051500080 1567410227244917872 0.9998669305116578 0.01613115280643714 0.0024304687485785354 -10.573550604702357 -0.01614231000727606 0.9998589238435018 0.004643084980943929 0.12613105877801786 -0.002355227554068099 -0.0046817005080036994 0.9999862671974709 0.24849610896479601
1567410227344069827 1567410228545292401 0.9999984786061401 0.000995342784038939 0.0014325076470446984 -10.765476281620517 -0.0009891621293583574 0.999990227720724 -0.004308830623339116 0.029481120922682926 -0.0014367824116479542 0.0043074070855963235 0.9999896908971191 0.2689947477959109
1567410228644845029 1567410229849350174 0.9999932638990318 -0.003302322364006555 0.001602130947348261 -10.60118236125005 0.003294881652317964 0.9999838769911326 0.0046248797474260995 -0.0003962718656350325 -0.001617377959997477 -0.004619569761905948 0.9999880217601412 0.308892581247361
1567410229950834736 1567410231152674373 0.9999920142128129 -0.0033571579070164636 -0.0021681792806911176 -10.13950095953549 0.0033586379575450413 0.9999941290043494 0.0006793437387847656 -0.005809409350238654 0.0021658858871167258 -0.0006866204429213522 0.9999974187420204 0.25726505444133224
1567410231244721370 1567410232544943503 0.9999661875518226 -0.0037377361062608167 0.007324826405850513 -10.392306859493099 0.003782164395769905 0.9999744794121838 -0.006061002955221709 -0.01529648268596083 -0.007301985042388357 0.006088501715510883 0.9999548045593443 0.31410737650140497
1567410232644456097 1567410233944864670 0.9997456842692372 0.0012585686987732609 0.022516278330795173 -10.301853193693043 -0.001334434670995461 0.9999934826970128 0.003354675486731679 0.019944003754868076 -0.022511909495824267 -0.003383868842450426 0.9997408481014055 0.22642830700324798
1567410234046410914 1567410235346235379 0.9999389473136868 0.0003268656650611652 -0.011045125804200018 -10.754402727336174 -0.0002472052449003318 0.9999739563958039 0.007212864874250501 0.052402474920815074 0.011047195787189535 -0.007209694096444375 0.9999129861024285 0.10819199800106286
1567410235446483539 1567410236744626881 0.9999993337013832 0.00028228139030387424 -0.0011193364133210866 -10.655655646522332 -0.00028573609986859216 0.9999951930448736 -0.0030874329203610293 0.01926240990700186 0.0011184595078646527 0.0030877506980299453 0.9999946074074417 0.29347397839947986
1567410236844562160 1567410238244766057 0.9992672408331615 0.0006990408094422769 -0.038268691375892304 -10.829083675928578 -0.0007280658773407226 0.9999994578020833 -0.0007445237593412078 0.035307684985690216 0.0382681501741969 0.0007718403310930308 0.9992672079803082 0.3063060105370815
1567410238344705169 1567410239650939244 0.9991924614164973 -0.0016685460729814671 0.040145248815432806 -9.988559940291648 0.0017944740250291817 0.999993581877025 -0.0031009785128225244 0.009095190110406836 -0.04013981703276876 0.00317051395925444 0.9991890426389904 0.5821386364712628
1567410239752322818 1567410241043949793 0.999993824300057 -0.0031783947154523325 0.001499722902693096 -10.260647311513551 0.003173934783948172 0.9999905617638859 0.0029669043044658044 0.008765714690021726 -0.001509138740916503 -0.0029621259590678624 0.9999944741397702 0.22397571633311883
1567410241144559560 1567410242547629616 0.9999780806767957 -0.006556050549307921 -0.0009254010812904305 -10.690928389900366 0.006558241903616427 0.999975649907807 0.0023851739136818927 -0.00657871507399074 0.0009097412269417404 -0.002391190636432937 0.9999967272837699 0.2506988288647899
1567410242647516959 1567410244144488209 0.9993954588077844 -0.0009783545092392296 -0.034752837824482484 -10.742449557643683 0.0012957698419745962 0.9999576438614469 0.009112160204139125 0.024818739871415422 0.03474245090544361 -0.009151683207121746 0.9993543959975221 0.31076873099338187
1567410244244437555 1567410245645988869 0.9995122489326292 -0.01268719462490629 0.028535930442073948 -10.098719250399961 0.012833088226671379 0.9999054728355172 -0.004935305477552895 -0.05113502100398718 -0.028470617840355816 0.005299102390031377 0.99958058376184 0.4645888291652975
1567410245746744649 1567410247148828291 0.9997070032500676 -0.023705673410804314 -0.004893740993836831 -10.395416309516722 0.023680810885468848 0.9997066765666848 -0.005077403254219757 -0.13104046783812198 0.005012668808246474 0.004960027836570494 0.9999751353285202 0.19551548660991314
1567410247249101881 1567410248652135112 0.9996874423025957 -0.02411687444102278 0.00658741752888137 -10.621834287253767 0.024120919571505285 0.9997089049775904 -0.0005353013516869118 -0.12269581335967047 -0.00657259016894126 0.0006940286075267232 0.999978159452886 0.2853505308027167
1567410248752095557 1567410250144081865 0.9998115804636389 -0.01816264609416551 0.00684995311358418 -10.382321838056283 0.0181854200503104 0.9998292607109702 -0.0032771822870779274 -0.1404533184039323 -0.006789261255393415 0.0034011340766062327 0.9999711686936787 0.23599097941093491
1567410250244110757 1567410251644639080 0.9999412044205225 0.0016532233427468737 -0.010717021723739886 -10.227151395747896 -0.0017211724549455714 0.9999784576416575 -0.006334178557224486 0.028490811428745596 0.01070631904196966 0.0063522519781157305 0.9999225088112497 0.09279300526762829
1567410251744283457 1567410253150505658 0.9998156950329536 -0.01826891331445319 -0.005901082281594666 -10.610392233289003 0.018338138565721532 0.999761047038991 0.011897961903167168 -0.07852275844664293 0.005682309365882843 -0.012003983914258257 0.9999118039759639 0.1785728851591219
1567410253250618123 1567410254551117106 0.9999185506628875 -0.01217510636392572 0.003828684534911993 -10.31501560385588 0.01222232907126858 0.9998463886750693 -0.01256239330300817 -0.11580076057623441 -0.0036751479309583023 0.012608165546696937 0.9999137600059549 0.25820509231317934
1567410254652571165 1567410255944540993 0.9999798050992034 -0.006306715847574619 -0.000784046547112321 -10.69069654610269 0.006308340314204691 0.999977924420798 0.0020869867165461083 -0.027223412787013006 0.000770867206631781 -0.002091890602497628 0.9999975148756487 0.22637017272250215
1567410256044485154 1567410257252786324 0.9999945750622535 -0.0016110794271268338 0.0028730243925998785 -10.198317388018156 0.0016020738942897903 0.9999938054798919 0.0031340646283046143 0.00677607350933982 -0.002878055822638411 -0.0031294448288219437 0.9999909616440321 0.26510486679020995
1567410257352699999 1567410258549301283 0.9997261263417937 -0.008447525940260029 0.021824564488717384 -10.391571268458325 0.008417922029813245 0.9999635203283734 0.0014479644985035188 -0.03133227484678145 -0.021836000053433252 -0.001263850456968851 0.9997607672756988 0.20579787301425725
1567410258649347396 1567410259849467629 0.9997622329922246 -0.009542289605306451 -0.019606687417879347 -10.741939476722935 0.009550210760794313 0.9999543475187869 0.00031040733800058787 -0.037095960281647654 0.019602830327235442 -0.0004975815305384029 0.9998077222425275 0.07983724951093636
1567410259949356267 1567410261152591121 0.9998882030537039 -0.014930674476662392 -0.0008101565939670035 -10.228253555896229 0.01493317399379907 0.9998834617448875 0.003172261579139378 -0.06227677974219604 0.0007626981747381117 -0.003184005139361968 0.99999464018702 0.25599235846077084
1567410261252376572 1567410262547747277 0.9997006483792313 -0.02409626920539474 -0.004240688686263695 -10.830857171621535 0.024104349737524743 0.99970770872773 0.0018647879469423777 -0.12897701624165514 0.0041945147375917705 -0.0019664487628697712 0.9999892695051196 0.343439829265976
1567410262647600003 1567410263847549770 0.9996504142470396 -0.014808374543800676 0.02190345495799812 -10.061773540753075 0.014788854902669521 0.9998900845551715 0.0010528907461203312 -0.056130614874574825 -0.021916639030525268 -0.0007285956532750964 0.9997595361295584 0.4431955309849862
1567410263949079018 1567410265152260383 0.9997695407389565 -0.0214659384629982 -0.00028088524793490967 -10.06860168753409 0.02146296072997718 0.9997368358096982 -0.008099409973300224 -0.12740487243536672 0.00045467276506965264 0.00809151476021676 0.9999671597915463 0.2999729044068707
1567410265244501729 1567410266544617390 0.9987417138880813 -0.02226989121933076 0.04493373882705076 -10.05874753061882 0.021752624338718735 0.999691746010443 0.011968136570436548 -0.10944189344196201 -0.045186416922313545 -0.010975650489565503 0.998918276348001 0.3462982990666088
1567410266644628459 1567410268046545901 0.9987437998316276 -0.02131496740390879 -0.04534858831826606 -10.522634517227667 0.020911741012857442 0.9997376257418424 -0.009347660877500372 -0.12145282868013828 0.045535935102954034 0.00838760041012173 0.9989274882461067 -0.2660069341057994
1567410268146520681 1567410269544608995 0.9997293056005061 -0.022733701267355678 -0.004949176722682723 -10.766263437374365 0.022730403899322127 0.9997413706541286 -0.00072148540650847 -0.1171010192200569 0.004964298754044884 0.0006087933185741507 0.9999874924760808 0.21289255486964306
1567410269644854232 1567410271046313394 0.9997502421804186 -0.021841632570776752 -0.0047324778742586495 -10.370812057392632 0.02187322363500604 0.9997381020648992 0.0067297375501418795 -0.11477569401673583 0.004584249993208315 -0.006831571292456411 0.999966156570153 0.32230685598515624
1567410271146402580 1567410272551989722 0.9988125151712964 -0.017849741012316095 0.04533151533962364 -10.17773331117171 0.018567410729711326 0.9997080749141948 -0.015460149098708803 -0.13249596295403757 -0.04504232227569457 0.016283479270515544 0.9988523602148957 0.5998409831316193
1567410272652091419 1567410274044279770 0.9999046793106718 -0.011703857807058462 -0.007324752901083805 -10.656047753976106 0.011731095694781419 0.9999243917521495 0.00368675641914043 -0.046241319061633965 0.007281049816452062 -0.0037723323721996593 0.9999663773457866 0.2098196045549175
1567410274144227936 1567410275446336802 0.99983001940748 -0.018430024995463704 0.0005162076173964637 -10.284674960969935 0.01842865185146418 0.999826928102968 0.002549241284699373 -0.10667822326512033 -0.0005631008569610683 -0.002539294952691461 0.9999966174435649 0.24153650440358124
1567410275546189550 1567410276847373815 0.9997939805229766 -0.01881835639682932 -0.0076069686829630745 -10.309845455997737 0.018890795819131716 0.9997757914597452 0.009565805996785762 -0.07239013865161596 0.007425250389148604 -0.009707536946629507 0.9999253119023888 0.20527998331141264
1567410276947186322 1567410278344263775 0.9995327971609795 -0.03012554250076931 -0.005161306867516438 -10.373871711320433 0.030070209785811746 0.9994928228178507 -0.010482347973536685 -0.20111234364202038 0.005474475589827906 0.010322249010529328 0.9999317383163654 0.2951010938537199
1567410278444335367 1567410279944501779 0.999803957568582 -0.019151752747601933 -0.005025614082165745 -10.350881018192528 0.019164839457126978 0.9998130373890073 0.0025688899484299396 -0.11162372787389545 0.004975475735107343 -0.002664701424057088 0.9999840718769195 0.22170485838335374
1567410280044377125 1567410281743842186 0.9989136385503703 0.04647618490416709 0.003392190266927107 -10.401577646902846 -0.04642188656703968 0.9988147215563714 -0.014634221873113787 0.13679450008492755 -0.004068312378629925 0.014460851946840388 0.9998871599312422 0.36759388501998413
1567410281843782859 1567410284351777389 0.7147677986463316 0.6991410286333177 0.01757316419454622 -9.347904222016536 -0.69927232801114 0.714048623398205 0.033952536002926165 4.117462446932527 0.011189517243930209 -0.036556606854114194 0.9992689373733099 0.25292289082101105
1567410284451832080 1567410286843956089 0.5880151162993831 0.8077762576768819 0.04166221953963059 -7.584234080568276 -0.8082490505451185 0.5887833739699027 -0.008222580467526596 6.927728866957569 -0.03117202746612373 -0.028838447776614214 0.9990979174402819 0.3430727876822363
1567410286943763723 1567410288747312904 0.999525307116542 0.030107797146457404 0.006533068541628426 -10.203903232076978 -0.03006906591591923 0.9995301265717773 -0.0059478862087440215 0.35600683775214154 -0.006709076577738885 0.005748619520877908 0.9999609700708755 0.2601769297267669
1567410288847244636 1567410290451029007 0.9999985497234394 0.0002663563004774098 -0.0016821430823789115 -10.619429843840814 -0.00024316021849480775 0.9999050936113804 0.013774782870647064 0.04646770858072432 0.001685652436459217 -0.013774353863122679 0.9999037082397157 0.24946581036220863
1567410290551643014 1567410291943345080 0.999904551618933 -0.009371530262965607 0.010151949186199175 -10.34030961872468 0.009207895486684572 0.9998288375661769 0.016047125343294506 0.02639570129757589 -0.010300597674656409 -0.01595211558406665 0.9998196975934993 0.3108636688718608
1567410292044025286 1567410293350069817 0.9999981710284369 -0.0017672177341319512 -0.0007313557710859652 -10.398811021276412 0.001771111616124057 0.9999840760577451 0.005358245476393752 0.037459517636509704 0.0007218749385895066 -0.005359530989016525 0.9999853770551703 0.2168694160801664
1567410293450009415 1567410294743943373 0.9999494443617241 0.0017652332286593204 -0.00989912482683108 -10.420130309975201 -0.0018637003242718932 0.9999487939400267 -0.009946663711717428 0.03299709524132736 0.009881059750353234 0.009964609853934547 0.9999015307562426 0.2095041494367612
1567410294843920639 1567410296344383311 0.9999929191873951 -0.002342137391370068 0.002945499536685808 -10.138395399680366 0.002394442724142837 0.9998372483951623 -0.017881369232510182 -0.04419644464327366 -0.0029031395284207563 0.017888295447820297 0.9998357768488091 0.3570282105171012
1567410296444292816 1567410298247224567 0.9998148349822085 -0.00257419926307662 0.01907011399178974 -10.49964431810971 0.002311225400442923 0.9999021171522868 0.013799070676050578 0.03270721871142448 -0.019103768912291458 -0.013752440239036117 0.999722919813697 0.2674113649566075
1567410298347190482 1567410299950157860 0.9999465429836317 0.004321733875451734 -0.009393284377553547 -10.29539644503937 -0.004403789308814266 0.9999521740326911 -0.008732484584891027 0.06513292382482108 0.009355095660194811 0.008773383817636135 0.9999177515783894 0.1829223609831874
1567410300051775344 1567410301647333288 0.9999491546294448 -0.007467845868127973 0.006776387971929017 -10.12719876220891 0.007511097270964622 0.9999514394731938 -0.006379820786734449 -0.020615980273426676 -0.006728415388657507 0.00643039451158542 0.9999566882884401 0.2868835812520324
1567410301749038244 1567410303443587477 0.9999649657383115 0.005855204223776119 -0.005981962845246372 -10.14808895611739 -0.005864432353343319 0.9999816392752956 -0.0015262848567638035 0.03210369903790041 0.005972916302533505 0.001561312200946998 0.9999809431059483 0.07404649969348745
1567410303543550420 1567410305243857717 0.9997893381755694 0.0012827286342066335 -0.020484967115251343 -10.182172759539267 -0.0008945772162402989 0.9998201073662186 0.018946045439950453 0.10038993499016802 0.02050558465555531 -0.018923728846595145 0.9996106309381098 0.1721193173183456
1567410305343710368 1567410307044241996 0.9991664069193227 0.019044329156833722 0.036108237438518986 -10.224453439371043 -0.020317464099571542 0.9991728199805812 0.03522607648660865 0.20894641346725928 -0.0354075124304586 -0.03593034009084543 0.9987268489053732 0.52702305595903
1567410307145290168 1567410308948313249 0.9681706365875794 0.2494349914065867 0.020683411508026807 -10.23478334650111 -0.2490565775286143 0.9682976978536616 -0.019245506515778568 1.4003895245556515 -0.024828202499361327 0.013481594613026976 0.9996008238128593 0.29005678046894307
1567410309049853427 1567410310844128237 0.9083515215587444 0.4181935479828642 0.003416095348771557 -9.909816522823084 -0.41820734460841125 0.9083138312387461 0.00828256578494271 2.7901243656807106 0.00036082891788762566 -0.008952117397901645 0.99995986389285 0.24072482254480373
1567410310943199127 1567410312646610131 0.9331155541681275 0.35956258461267643 0.0031796723350080193 -10.153796970284565 -0.35957429496821125 0.933104936615651 0.004637204073759632 2.604786925510798 -0.0012996028704781977 -0.005470375687167038 0.9999841928861819 0.2833386228096914
1567410312746658888 1567410314348312095 0.9857577418967948 0.16793281326972398 0.008957930444754724 -10.243994917072847 -0.1677680369508992 0.9856841436862849 -0.01675275091098751 1.3392047475436768 -0.011643026590127298 0.01501129950271571 0.9998195341255729 0.320085020462692
1567410314448210262 1567410316043346519 0.9997273164923804 -0.023217652467431883 -0.0024966523298779954 -10.705360128670717 0.023205172755508558 0.9997186345220189 -0.004916477074541372 -0.09994032902435204 0.002610098914183008 0.004857201183702556 0.9999847973746055 0.14776730391771933
1567410316143183341 1567410317546651868 0.9999014664431904 -0.014027376466535372 0.0005386225250490735 -10.195710181513759 0.014028317554444902 0.9999000048549572 -0.0017851043807951873 -0.08154614939794579 -0.0005135283342298614 0.0017924844559349144 0.9999982616425557 0.22489528786817944
1567410317648165850 1567410318951199390 0.999995090308438 0.0005027938477405444 -0.003092985187713828 -10.183929097816318 -0.000501344964478436 0.999999764252643 0.0004691992011695035 0.029171261180847907 0.003093220369022771 -0.00046764624499692927 0.9999951066354023 0.21043880608718493
1567410319051189200 1567410320343277110 0.999987801826211 -0.004939146855384212 -3.20488629627012e-05 -10.703517433480584 0.004939250703335905 0.999968209881486 0.0062596348863345605 0.0356643995045454 1.13058816161756e-06 -0.006259716827588985 0.99998040778006 0.25591546569942114
1567410320443360746 1567410321644208229 0.9991565772405295 -0.03988457041386471 0.009764998714193684 -10.080301537500082 0.039801842331394985 0.999171228863387 0.008524597272818088 -0.17709832608596832 -0.010096905665286903 -0.008128742494274326 0.9999159844914288 0.30350995203225645
1567410321743850518 1567410322943666427 0.9984182796528901 -0.05613730964778718 -0.003088902794798222 -10.233017879116625 0.05609208257947097 0.9983387029278492 -0.013172414670231662 -0.3513450306676724 0.0038232351307814945 0.012978316603281331 0.9999084688966745 0.2346268218484226
1567410323043724151 1567410324248282474 0.9985681523573088 -0.053357810540129946 0.0038195748559655355 -10.33223463772859 0.05338150789243002 0.9985536992960543 -0.00639720542910861 -0.3562537631797675 -0.0034727097268893244 0.006591940270914305 0.9999722429200848 0.2727595181479754
1567410324347974198 1567410325548288791 0.9989705341323245 -0.045361877608584115 -0.0004147230531477261 -10.480957101897307 0.04536209521159124 0.9989704690674437 0.0005312713012996422 -0.256041974279873 0.00039019661918982153 -0.0005495370822523585 0.9999997728777793 0.2607785129419941
1567410325648285141 1567410326842959387 0.9983748333428347 -0.056722732713731495 0.005497612315220446 -10.630877330148683 0.056651804949957446 0.9983182650638893 0.012296936031202854 -0.3288960934700859 -0.0061858826042207405 -0.011965501800206453 0.9999092766961858 0.2634711854367448
1567410326943524379 1567410328143597849 0.998375963993949 -0.0569047453893986 -0.002698975976218056 -10.703263271177722 0.056865661885072735 0.9982992658984716 -0.012840257199681812 -0.36340612819399304 0.003425057302418704 0.012665925104363197 0.9999139179568102 0.29693946270875493
1567410328243633438 1567410329445621288 0.9986012472184969 -0.052612009353426775 0.005246477433618187 -10.411631924339545 0.05265545841574446 0.998576400041029 -0.008519153721697877 -0.340407188485209 -0.0047907987532692445 0.008783493206068258 0.9999499479946126 0.28102677526043945
1567410329546296762 1567410330849554673 0.9992754299189905 -0.032899994766834084 -0.01913649666370535 -10.180482388927889 0.033027539454775066 0.9994340306003904 0.006387496804273709 -0.21608324214213842 0.018915517380744734 -0.00701490001378306 0.9997964764791035 0.19472719448467515
1567410330949481541 1567410332743175708 0.9996656165160256 -0.015038149270518004 0.021035903169228393 -10.635702034424403 0.015283092200510875 0.9998167016183315 -0.011532140210217923 -0.09624735437949543 -0.020858625276330197 0.011849777700652762 0.9997122088481438 0.44521335129247397
1567410332842366807 1567410334745005396 0.9884726644102438 -0.15135039818794574 -0.0038533987683887225 -10.178887174304844 0.15134419676325048 0.9884793847303454 -0.001854742357326832 -1.0176143055200495 0.00408972123801538 0.0012501725783310273 0.9999908555825536 0.2076683141155057
1567410334844421715 1567410336445275288 0.9992701311616379 -0.038063318740059526 -0.0032231560151637765 -10.026522825956935 0.03811084790601721 0.9991412642021431 0.016257227328959817 -0.2760174062913286 0.0026015841500598206 -0.016368198894005582 0.999862647479583 0.13066469363769212
1567410336545046676 1567410337951184545 0.9998907466430761 -0.01064916210095406 0.010251347428903693 -10.311668078327957 0.010897712190399535 0.9996403552594036 -0.024503061152994863 -0.09713581327694931 -0.009986723515528997 0.024612100345152984 0.999647192698518 0.32600285843916266
1567410338050604735 1567410339343111765 0.9998585087130769 -0.015226747568463686 -0.007149035778000675 -10.405995786316108 0.015290703844238166 0.9998427792053213 0.008978376631008457 -0.05263776603204185 0.007011200326379986 -0.009086420057797065 0.9999341378513524 0.20987789648616695
1567410339443040842 1567410340643261944 0.9985912429413127 -0.05305381019378301 0.0009070528373202892 -10.352981444827899 0.053045815142691174 0.9985654471540404 0.007293095769340634 -0.30759207080693307 -0.0012926781407629796 -0.007234706212062919 0.9999729936399561 0.20960348040620497
1567410340743197878 1567410341843580481 0.9979391802422647 -0.06388692458277855 -0.005987771268009921 -10.115953532600004 0.0638491215493846 0.9979396438459425 -0.00630530871675721 -0.3819524326622942 0.006378261109087641 0.00591000067647422 0.9999621941239802 0.25087445635569394
1567410341943346213 1567410343042876920 0.9986220819958351 -0.05212224452913147 0.006099916029242937 -10.216167305716812 0.05218988504365689 0.9985708303543517 -0.011511414533260973 -0.34993061012189874 -0.005491197451233806 0.011813906664264621 0.9999151355789629 0.3041879616539532
1567410343143744602 1567410344248211393 0.9992693178656855 -0.037814692046463365 0.005556927000787997 -10.325362815578803 0.03780038675030927 0.9992817770467037 0.0026572210900982457 -0.2148419831671846 -0.005653417885487252 -0.00244522551634733 0.9999810296892659 0.29087763895623486
1567410344347813867 1567410345450810452 0.9988352100382577 -0.04811876168399666 0.0035788212896754558 -10.313122278967864 0.04809006822125993 0.9988132259706363 0.007712649649531469 -0.2634941872377894 -0.003945697187950525 -0.007531560272669194 0.9999638528834743 0.3094821570990277
1567410345550773638 1567410346743704509 0.996849351956589 -0.07837164432638066 0.012216991009082065 -10.948359219169319 0.07828585973591784 0.9969038628891241 0.007349307596552783 -0.45564193364285155 -0.012755142850837651 -0.006369734870421161 0.9998983612390533 0.37570457968127036
1567410346849796605 1567410348048671909 0.9931264355979479 -0.11700491830836399 -0.003119616673713597 -10.710466273470097 0.11695316248932144 0.9930461467105675 -0.013465076570575192 -0.7740509149753962 0.004673403501201119 0.01300767446384334 0.9999044752898979 0.31031143213779355
1567410348149328808 1567410349351054968 0.9962487224515691 -0.0864468880366771 -0.003926647729839882 -10.701688731160742 0.08635656385236758 0.9960794563374413 -0.019190115740372986 -0.6270699763682421 0.005570178922785415 0.018779036484636472 0.9998081420430128 0.2700092475695152
1567410349451214942 1567410350643183565 0.9993923375244886 -0.01743837270460855 0.030180438279793838 -10.597870324747756 0.017822007910450775 0.9997631674787961 -0.012489394974092922 -0.16358198652387027 -0.029955495846092136 0.013019681647188846 0.9994664357338021 0.4638637619402938
1567410350744880384 1567410351846108281 0.9998558998797912 0.016762573100479943 -0.002682465029798887 -9.759458904545426 -0.01675085069490241 0.9998502998342069 0.004334388360035875 0.1247057736875003 0.0027547189660695618 -0.004288830202943811 0.9999870086450814 0.2144048634196135
1567410351945980229 1567410353142834595 0.9995957273154398 0.025455063063504355 0.012665768715816001 -10.588167696059008 -0.02560054137815093 0.9996065685303264 0.011459512737742887 0.20061169538557233 -0.012369082984398974 -0.01177913050585968 0.9998541182946005 0.3315642339530861
1567410353247510032 1567410354550752356 0.999406433026838 0.03423614586729636 0.0038298747684745163 -11.108016798688197 -0.034154432088092636 0.9992227583022861 -0.01968131244417379 0.2004454845094178 -0.004500710313805658 0.019538823069432477 0.9997989687931013 0.21904686917447336
1567410354650874210 1567410355950765006 0.9940430009828258 0.10754298960706513 -0.017692302943363172 -10.475877838558144 -0.1074226079585548 0.9941842316903235 0.007622122913418602 0.6703912228598565 0.01840911449384136 -0.005676164611745805 0.9998144256105032 0.19319555695285504
1567410356050935674 1567410357543068493 0.972218388475604 0.23402388331916885 0.004922107894139382 -10.616975048871858 -0.23407506339715234 0.9719543662674709 0.02266218412302215 1.5207404025530418 0.0005194280740160228 -0.02318473484479012 0.9997310629687692 0.30843236151795217
1567410357642994622 1567410359343523781 0.9610958791054414 0.27583773329092365 0.014431079636338983 -10.276063880339594 -0.27588696544897706 0.9611889152353965 0.0015005079016361543 1.8310724784760293 -0.013457097082955208 -0.005423478729849599 0.9998947406685252 0.3760003666889623
1567410359443496833 1567410361543498848 0.9283154454474623 0.37175304316620256 0.005487134074426578 -10.145016447779646 -0.3717688588805219 0.9283227701116228 0.0021794629993670267 2.4494865266847423 -0.0042836095014627314 -0.004063174738467404 0.9999825704984526 0.3152465724071503
1567410361643536369 1567410363547481057 0.9491027331429758 0.3149662941840691 -0.00048525096305108696 -9.824715447332373 -0.3149441930873929 0.9490522868251884 0.010483897768836386 2.396915724590911 0.00376260296502308 -0.009797469053390951 0.9999449246928996 0.23283321547476182
1567410363649144852 1567410365342849765 0.9993362629054614 0.03634338467051873 0.002488379561382265 -10.45048592908819 -0.03637082706325601 0.9992656911400949 0.012051616034658852 0.45982308985209147 -0.0020485558047743705 -0.012134121352742404 0.9999242803923312 0.24906016281839424
1567410365443468961 1567410366946296484 0.9999605542720734 -0.008844432593112876 -0.000816034316103131 -10.269004123178718 0.008844081418671008 0.9999607966195907 -0.0004329524048059306 -0.017741495262452688 0.0008198315431606298 0.00042571825275038194 0.9999995733200236 0.2976152706455659
1567410367047843515 1567410368442986100 0.9999447535848561 -0.007177530540686582 0.0076793771531044564 -10.426458092602175 0.007185225794712319 0.9999737106583826 -0.0009749473770185627 -0.0347259595246687 -0.007672177552760768 0.0010300715734789245 0.9999700378732128 0.2944260039787805
1567410368543138680 1567410369843665801 0.9999257351098879 0.012042540644122843 -0.0018712241420046148 -10.35173041654222 -0.01203807041760223 0.9999247023764302 0.0023821078969419145 0.12753916919982472 0.0018997698744410757 -0.002359405061972171 0.999995412030567 0.23129122421409498
1567410369943433643 1567410371143084863 0.9999929523627911 -0.0028470901187860587 -0.002447305173360871 -10.179662798539951 0.002841442103854963 0.9999932991000566 -0.0023082378032048575 0.05759059664936991 0.002453860535255129 0.0023012676596216365 0.9999943413518059 0.2277465452531807
1567410371242504674 1567410372443506879 0.9999727343958674 -0.007383935277779147 -8.924501354174695e-05 -10.081966333169257 0.007384207897940852 0.9999663039860955 0.003586692921273054 0.024727421128219088 6.275809794858563e-05 -0.0035872541316573146 0.9999935638138999 0.2862494484641434
1567410372543324248 1567410373844859153 0.9998213410547304 -0.017462562647605817 0.007234975971443033 -10.581532315403845 0.017429352556776825 0.9998373858631083 0.004628120556927095 -0.0656916121628812 -0.007314618307235661 -0.004501192754843196 0.9999631171312373 0.3248088785646941
1567410373946409504 1567410375249378655 0.999989177781278 0.004472296272282848 0.001281751296148026 -10.594765736194185 -0.004472609066570547 0.9999899687271299 0.00024127423124928365 0.06907995654552071 -0.0012806593887059934 -0.00024700439259563167 0.9999991494498255 0.2504737237386592
1567410375349283749 1567410376642890332 0.9999787415233273 0.004230978916362146 -0.004961382755101347 -10.249395738136865 -0.0042849711459820965 0.9999311629342367 -0.010922839157782922 0.042112719362864565 0.004914826925887031 0.010943866336811759 0.9999280355435125 0.27132275672709055
1567410376742536695 1567410378248300474 0.9999818545637246 0.005598464259044904 0.0022243518678549314 -10.318082877843741 -0.005617388460870041 0.9999472876426982 0.0085945845095499 0.11781443548627968 -0.0021761181428264493 -0.0086069236055795 0.9999605919114394 0.32568236427663233
1567410378348128573 1567410379942768181 0.9992799943768108 -0.02917013976747968 0.024260993059911293 -10.339889702704255 0.029579590568070736 0.9994230329312325 -0.01669278491960898 -0.1864433763200901 -0.023760064396646338 0.017398396262086897 0.9995662835186948 0.5085030912478835
1567410380042974693 1567410381845928587 0.9999507966096388 -0.008860662743772481 0.0044601586855146326 -10.360996236725075 0.008779040214154458 0.9997994652613391 0.017998825408038703 0.01491549704974042 -0.00461874579048292 -0.017958783892344666 0.9998280598525133 0.2661912843155465
1567410381947625240 1567410384450533980 0.8510214455511931 -0.525110121388067 -0.0046754280848346685 -9.908690949124688 0.5246690780268913 0.8506125939706214 -0.03435947527230936 -3.008134722083278 0.02201948624223716 0.026787597771969835 0.9993986025761976 0.19016768313530866
1567410384550464683 1567410387148618335 0.7003714413260371 -0.7136063979321162 0.015676511258602265 -8.9328185553834 0.7137307808655837 0.7004097636779738 -0.0038125305991527983 -5.364107101808446 -0.008259335318065383 0.013858996172678465 0.9998698473327376 0.38358915909767216
1567410387248809881 1567410389344483132 0.9894249035927404 -0.14504088979703877 0.001224923418182346 -9.965428243992596 0.1450432038849174 0.9893171065112303 -0.014633241986765 -1.219629406686407 0.0009105807466017613 0.014656160859091043 0.9998921780830057 0.18395488247303182
1567410389449204745 1567410391242926000 0.999696454465584 0.024260347018707416 0.0042935406696022966 -10.079694169123785 -0.0242753598841915 0.9996992539425326 0.0034797369494545625 0.15579743073063587 -0.004207829778245737 -0.0035829079357745197 0.9999847283530332 0.25851333729878334
1567410391343069018 1567410392943095305 0.9999657538797684 -0.006615062167247522 -0.004973129819351625 -10.030439632676874 0.00672046639998833 0.9997465706728759 0.02148557095348413 0.07389008730716375 0.004829741094851687 -0.021518256907891584 0.9997567895346386 0.22410949322501303
1567410393043390961 1567410394543200214 0.9998363281729588 -0.01728486785697942 0.005343239541043068 -10.241670805259385 0.017270372372479133 0.9998470818524566 0.002747207535188596 -0.06268248096154548 -0.0053899075819720844 -0.002654478158163033 0.9999819511581058 0.28913944119604557
1567410394643367225 1567410396043249719 0.9999926013583441 0.0021898872536352957 0.0031625341727345487 -10.096190082051741 -0.0021886494968927804 0.9999975269744044 -0.0003947891344089832 0.04776617679358627 -0.0031633908953996896 0.00038786453467943405 0.9999949212466837 0.2453909597824556
1567410396144775128 1567410397548922381 0.9999761374613144 0.006529580545497613 -0.0022559002316178216 -10.275580951825717 -0.006500644126995582 0.9998994271060421 0.012604653860461355 0.10652834878583503 0.0023379764518331827 -0.012589688276829263 0.9999180134467098 0.23444465924523536
1567410397648889467 1567410399142973825 0.9998722652087291 -0.015872642032336147 0.0018741668234056354 -10.760690659962867 0.01588357354511457 0.999856028211444 -0.005969500873587627 -0.05295173701776369 -0.001779145245777461 0.005998506827215076 0.9999804260874565 0.2721524994732574
1567410399242734718 1567410400642553575 0.9987441610146536 -0.0493452558214193 0.00866871196054313 -10.181580647762368 0.04942388697776255 0.9987364050198098 -0.00910344353106897 -0.303605426636417 -0.008208546469728354 0.00952045251196226 0.9999209872529059 0.28837823541293506
1567410400742559181 1567410402144110434 0.9999951621963731 0.0022605827161755894 0.002136667881345558 -10.36810249096213 -0.002261205951062879 0.9999974016189505 0.0002893147217264205 0.013363663681617248 -0.002136008309608418 -0.0002941447682072242 0.9999976754709803 0.28157408426192126
1567410402244593506 1567410403642397486 0.9998869257276708 0.014845178814249788 -0.002399255060508642 -10.3809402603668 -0.014842249609830039 0.9998890861483908 0.0012341101541584105 0.12647362542230575 0.0024173095358038764 -0.001198360265565492 0.9999963602670223 0.23032364048382883
1567410403742683188 1567410405142893856 0.9999901540327245 0.0020886851150740604 0.003915256326592307 -10.308726273584272 -0.002097510145681181 0.9999952661250278 0.002251261585364586 0.060548260176919104 -0.003910535615694799 -0.0022594517093843603 0.9999898012425849 0.2869351797171246
1567410405244875581 1567410406647299081 0.999940277286971 -0.010044414179786635 -0.0043071571884929554 -10.331097152243808 0.009963642286495687 0.9997814024333699 -0.018381326958451932 -0.0527027897872217 0.004490845315557129 0.018337314202239035 0.9998217717254415 0.22305676671034808
1567410406749049109 1567410408244613751 0.9999186947160111 -0.012698696740955265 -0.0011606285006622403 -10.587321464923201 0.012673940461768451 0.9997333886087852 -0.01930085319310686 -0.10136531498554104 0.0014054147454250364 0.019284574195241228 0.9998130475281435 0.31265813933202563
1567410408342737378 1567410409942880671 0.99980936991325 0.019261459175850787 -0.0031968772405969723 -10.286588641585091 -0.019343068873512833 0.999425305771047 -0.027837095232927846 0.007797167120880027 0.0026588569402933348 0.027893626061695008 0.9996073609697512 0.2780203319368823
1567410410044359221 1567410411942821338 0.9007021301165806 0.4344323269119156 -0.0020557571238160295 -9.912123891092463 -0.43355315364169816 0.8991609500687682 0.059508393011209346 2.4664651043187797 0.027700826175209362 -0.052708056360860074 0.9982256884211479 0.17448119194284842
1567410412042846940 1567410414044415996 0.8358379407782482 0.5483452644352529 0.026313641462534707 -9.259375718304605 -0.5477139101502151 0.8362061232383947 -0.027727100219608735 3.940506936036939 -0.03720765221761494 0.008763014895573892 0.9992691330099229 0.5459608614834189
1567410414145755888 1567410415947573472 0.989172565788905 0.14673647367952034 0.002458125853843196 -9.949740431830108 -0.1467439637027062 0.9891693046058353 0.0032087290995224593 1.2795474917377772 -0.001960665048422709 -0.0035347019273692893 0.9999918308040646 0.22838416808375064
1567410416047581547 1567410417747358704 0.999858582156292 0.011426331640060695 -0.012339150443414383 -10.422713257035392 -0.011357927198865752 0.999919817698319 0.005599612835150296 0.18348056569400673 0.012402144095241374 -0.005458673777545374 0.9999081906367354 0.17704435850466904
1567410417846603016 1567410419347199636 0.9999140171279667 -0.0053641294104298885 0.01196597119679646 -10.134938652454837 0.005319375799830382 0.9999787500794703 0.003768770435979923 0.02087130755001399 -0.011985933093196217 -0.0037047948886680337 0.9999213028547426 0.32250630070777236
1567410419447047186 1567410420842025460 0.9999800326296757 -0.005647076431336939 -0.0028363479578167104 -10.305938765034945 0.005657045402820035 0.9999778067016257 0.0035190824830929877 0.029522778772624787 0.002816412482150179 -0.0035350575654452474 0.9999897855422091 0.22444375894507987
1567410420942070568 1567410422242277683 0.9999472720904524 -0.008476490952992397 -0.005796735287847378 -10.353861993603058 0.008383700515378564 0.9998392553408085 -0.015848566030271922 -0.026581676407073596 0.005930143720182603 0.015799132275895477 0.9998576002685582 0.19054746826334862
1567410422341821751 1567410423544341940 0.9999949228882238 -0.0031774290203387817 -0.00024112776511487412 -10.23666664183403 0.003180396139848663 0.9999037192276574 0.013506937295156049 0.056090147316285095 0.00019818721461021564 -0.013507635600738815 0.9999087480877037 0.253292936334549
1567410423644053412 1567410424748716349 0.9999456413201617 0.010026154283179742 0.0028619285638663357 -9.96030146620252 -0.010053546264189922 0.9999021913253003 0.00972285916699451 0.14399832021366354 -0.0027641657563446296 -0.009751103176427606 0.9999486363681491 0.21282520903841748
1567410424848129850 1567410425950220910 0.9999157931146936 0.012769282316109996 -0.0023134625452583095 -10.14125684581023 -0.012769015834289014 0.9999184643534474 0.00012992178471791618 0.1501875720180731 0.002314932923542035 -0.00010037020453662625 0.9999973155020888 0.23045795399728528
