1566535941855397730 1566535944347834283 0.9999748806403225 0.0057860575008078395 -0.004093852338578875 -10.176516827964127 -0.005774610365648757 0.9999793997399111 0.0028024936994112937 0.0769606465429984 0.0041099833938457115 -0.002778782900413887 0.9999876931253256 0.13445875458292356
1566535944448339851 1566535946255962656 0.9998543095013278 0.016755472829170007 0.0032578983873833576 -10.519443508748624 -0.016754164387592023 0.9998595473177639 -0.0004285010991746045 0.139643826217311 -0.0032646205453408243 0.00037385530549552355 0.9999946012278835 0.19380468079591212
1566535946355956865 1566535948156012304 0.999454455656843 0.03233934954992948 -0.006705038282906272 -10.475868810730978 -0.032359782902971375 0.9994718970108658 -0.002961677899302174 0.21276544163787212 0.006605718595306666 0.0031770357558686428 0.999973135101966 0.2022479596447884
1566535948255899944 1566535950047867944 0.9993649882567688 0.03558768536023721 -0.0017711288072712898 -10.190983520744492 -0.03558427081480255 0.9993648282771043 0.0019234534710058657 0.24101342572561546 0.0018384550932662562 -0.0018592077283385747 0.9999965817089099 0.29827457219500625
1566535950148532057 1566535951848606670 0.9997553329917702 0.022102537937989317 0.0008671627412391302 -10.242834168244393 -0.02210639886081884 0.999744439521701 0.004728929566565004 0.16722227919438393 -0.0007624197835631445 -0.0047469423989508945 0.9999884425601822 0.2373416973535614
1566535951948320363 1566535953452833881 0.9999807666782238 -0.005470599355934845 0.00292212530935224 -10.104107364607184 0.005482759581313119 0.9999762759469556 -0.004169759061881728 -0.033593572298819464 -0.002899244903457897 0.004185700174101681 0.9999870370625057 0.2382947693438682
1566535953552662497 1566535954952798485 0.9999828441371819 -0.004145676851123065 0.004138211542158091 -10.29184698799924 0.004120868826639263 0.9999735957764975 0.005985498303595174 0.019845590119673465 -0.004162916217654895 -0.005968342590265154 0.9999735241571652 0.25680463298761
1566535955052768531 1566535956448349608 0.9998307704229884 -0.017779480108837113 -0.004724468481789909 -10.811617008295789 0.0177808161396342 0.9998418797630367 0.000240934279728517 -0.11075115958532189 0.00471943776148003 -0.0003248984119544448 0.9999888106115196 0.2107384622623498
1566535956547726099 1566535957948166609 0.9999909399407458 0.002876295707393008 0.0031379865232198456 -10.403555660384539 -0.0028461121843922606 0.9999500490047493 -0.009581186817683383 0.0010593997496445504 -0.0031653881041842514 0.009572168949885038 0.999949175658318 0.2637106972285799
1566535958048090380 1566535959548198755 0.9999943764381726 -0.0019785997022661204 0.0027078100474108393 -10.560403138759018 0.001959671266934033 0.9999737527761285 0.006975202316904025 0.02146465663499889 -0.002721540108141421 -0.00696985667387636 0.999972006766885 0.24811795704953987
1566535959648293804 1566535961052551723 0.9999736408612476 -0.0023788193390537303 0.0068599417824005025 -10.08706290999701 0.00233454455879956 0.9999764417707376 0.006454905518425799 0.023288201946747047 -0.0068751352283978355 -0.0064387205329138105 0.9999556367126996 0.2878860571987075
1566535961153515136 1566535962552668648 0.9996543620465023 -0.026280992618383306 -0.0006825455346292807 -10.452792499558978 0.02627887455980513 0.9996503095837128 -0.002946065353765343 -0.1388867851642876 0.0007597323768128795 0.0029271105532799753 0.9999954274048128 0.25961661615369186
1566535962654282895 1566535964147869905 0.9987547408576537 -0.027111389684369814 -0.04188006881267486 -10.767925963732033 0.027044066558180455 0.9996318797662801 -0.002173342804583744 -0.17441165731364425 0.04192357425564883 0.0010380290611561188 0.9991202812561293 0.27580933209657715
1566535964247888327 1566535965648269374 0.9992234553709967 0.00027560419103676777 0.039400638050379355 -10.536350063382535 -0.0003701192068306807 0.999997071757263 0.0023915452493174193 0.024345095765208446 -0.039399863555853024 -0.0024042710406030547 0.9992206314085758 0.6240955310203901
1566535965748157641 1566535967050017055 0.9998746988554664 0.014127951484250795 0.007140558490289077 -10.435529542125089 -0.014127807737746828 0.9999001950534114 -7.057396687838659e-05 0.10205678463673068 -0.007140842892810345 -3.0315313611446952e-05 0.9999745033968459 0.24330684361250468
1566535967150082010 1566535968449882347 0.9994065200128989 0.03442696681579034 -0.00117970825929358 -10.69140009654252 -0.034417840691771916 0.9993827511091459 0.00703768624154089 0.3073008864107012 0.001421266276376441 -0.0069929065046695415 0.9999745393062733 0.23696191379316858
1566535968549932007 1566535969851111965 0.9993342080243214 -0.007970858625760975 -0.03560345608472238 -10.233334748119477 0.008013529496921013 0.9999673336107835 0.0010559622808280597 0.004326830832446955 0.03559387612231387 -0.0013405685751420764 0.9993654380948411 0.3171625911400632
1566535969951411125 1566535971253793376 0.999883754000979 -0.011516005044426281 0.009993003189457755 -10.417203214737262 0.011556001998785283 0.999925409463882 -0.003954026592716912 -0.06618655421936703 -0.00994672321580497 0.004069046117776698 0.9999422511130213 0.3290906902590655
1566535971354328354 1566535972555425141 0.9999718145235017 -0.007446588516970444 -0.0009583725972510069 -9.994373356312748 0.007442324944467257 0.9999627218200711 -0.0043779869384514255 -0.04077307659991469 0.0009909379381284583 0.004370731022516653 0.9999899573257446 0.2290567031853424
1566535972655680471 1566535973955603989 0.9998833368331301 -0.014876535610135265 0.0034643053690714297 -10.687398637751523 0.014891968754365348 0.9998791054570433 -0.004472553749671403 -0.08423858022074855 -0.003397350448331468 0.0045236222947011104 0.9999839972975934 0.31047145741767934
1566535974055741684 1566535975455582657 0.9997169158601849 -0.00641318655744344 0.022911987717943266 -10.639751988402912 0.0065350259510664555 0.9999648816381569 -0.005246801521883598 -0.027708752480509836 -0.022877534369478265 0.005395046669915215 0.9997237177803707 0.3218555206682462
1566535975555407607 1566535976953908443 0.9995175550829624 -0.008825100401342137 -0.02977876229615459 -10.731853780232596 0.008794051055845265 0.9999606430356225 -0.0011734759564685118 -0.033923970461973214 0.029787946337601942 0.0009110338629458653 0.9995558254896502 -0.1897826732505019
1566535977055556956 1566535978347759136 0.9993953843469573 -0.03475605975901988 -0.0009391783824752038 -10.660532844473451 0.034763146618526974 0.9993545960108956 0.00905069439785028 -0.19562629540147922 0.0006240057576483276 -0.009077871002157211 0.9999586005804918 0.21021359908950074
1566535978447841598 1566535979647331507 0.9997928496634458 -0.02012610208863451 0.0030327836333996984 -10.395602256479735 0.020158894866863737 0.9997340456000934 -0.011200760055423063 -0.16654098662376757 -0.0028065494109027135 0.011259577380627515 0.9999326703321656 0.21983620515570212
1566535979747678409 1566535980947889788 0.9999875290539041 0.004750545323586139 -0.001540797132693842 -10.634049804761451 -0.0047508552098320545 0.999988695115812 -0.00019752305073262823 0.04139636947226799 0.0015398413719558204 0.00020484069151862594 0.9999987934636947 0.23040265409041713
1566535981047987763 1566535982255500467 0.999969621256685 0.0008580541192352008 0.0077472773861076575 -10.404301069042734 -0.0008665226890480504 0.9999990307234037 0.001089812228448894 0.034484658947454144 -0.007746334758981102 -0.0010964923129558714 0.999969395532897 0.27372194708636616
1566535982355327927 1566535983547971745 0.9999153625604607 -0.006179932170886057 -0.01144884945979203 -10.334109401364904 0.006266793760499081 0.9999517353741919 0.0075666517108175175 -0.01199403056414698 0.01140153549102327 -0.007637758867149962 0.999905830380012 0.05017960721011615
1566535983649542994 1566535984852310548 0.9999145082978176 -0.00827732466002226 0.010122351110538429 -10.74222950300381 0.008235912479889161 0.9999575719244103 0.0041260267400395805 -0.01397830204308798 -0.01015607410154363 -0.004042307201153158 0.9999402551709465 0.3015021275318577
1566535984952160513 1566535986154197362 0.9998274969002289 -0.018404394397498088 -0.0025009416397779693 -10.719391754510918 0.01841093535277532 0.999827076717098 0.0026180379634297593 -0.08767300878403801 0.002452325765512674 -0.0026636310186167454 0.9999934455625897 0.248090833496426
1566535986254093189 1566535987547444796 0.9997114375586629 -0.023810246119980123 0.00318021919240086 -10.962124054752323 0.023807271180806826 0.9997160961109904 0.0009700595495669439 -0.11559335904385633 -0.0032024136724304046 -0.000894067286087152 0.9999944725799051 0.26903736646206744
1566535987647432138 1566535988947205652 0.9993693735897868 -0.029577078047478642 -0.019648195462650078 -10.709507371808929 0.029626592425589304 0.9995585403619268 0.0022336989029878153 -0.18401875202629914 0.019573455290604096 -0.0028143993523373208 0.9998044603842681 0.02770251826399657
1566535989048015285 1566535990349336995 0.9999812367078914 -0.006124307480219831 -0.00013816674319706287 -10.399482100542176 0.006123543289408764 0.9999688430802366 -0.0049814743163526165 -0.030364383880448802 0.00016867051876527918 0.0049805347774616905 0.9999875828347062 0.22329918927112508
1566535990449337161 1566535991752480529 0.9985466851558893 -0.01832057933140959 -0.05068405999094538 -10.244079807055885 0.018347254807125374 0.9998316730891286 6.106425723026173e-05 -0.09305387790644272 0.050674409767127365 -0.000990888874952269 0.9987147352142145 0.23387934766325302
1566535991852375383 1566535993147592280 0.9994385114500549 -0.004438429250323293 0.03321087436798374 -10.684718171369697 0.004423587274319591 0.9999900804992856 0.0005203639751850944 -0.021508554795896875 -0.0332128545313797 -0.00037316059554786166 0.9994482312981734 0.6131309456053687
1566535993247606119 1566535994551891861 0.9998928981782201 0.014446711115816897 -0.0023419459218431008 -10.7144286217573 -0.014436501963618448 0.9998864600392737 0.004319078742469133 0.1337629074467363 0.0024040765002740112 -0.004284806654368018 0.9999879303512225 0.21310037254955574
1566535994651872250 1566535995946888345 0.9997977718975414 -0.014647291279956075 0.01377941097719957 -10.159574161703006 0.0146007390680889 0.999887372177545 0.003472949546325724 -0.07643183662122635 -0.013828728335752152 -0.0032710576341388477 0.9998990281296302 0.24917167488021855
1566535996046926609 1566535997347091427 0.9995780016910062 -0.02648600277630921 -0.011929383569447883 -10.777465441877121 0.026395328892286633 0.9996219631596741 -0.007695283066680021 -0.16386656008232517 0.01212869111164466 0.0073771556674408515 0.9998992311359096 0.10109503464174535
1566535997446783659 1566535998646810717 0.998740003403295 -0.04972654865100859 -0.006758399311239368 -10.44471214081748 0.04976018894860675 0.9987491551475662 0.004903946149920411 -0.2813092490103285 0.006506089285443911 -0.005234066421179041 0.9999651370677473 0.16190168093852905
1566535998747379102 1566535999948692974 0.9990830185049215 -0.04209016286416864 -0.007844764187843025 -10.622266304247844 0.042101882441820636 0.9991124310704402 0.0013347566726558534 -0.2408569095261043 0.007781621293154313 -0.0016638120651070749 0.9999683385485113 0.23729259336601521
1566536000048677351 1566536001346849127 0.9996067862787564 -0.02652727868878156 -0.009087150864551172 -10.797508851479936 0.026446465841663973 0.9996106048228532 -0.008900739867333134 -0.19047420829646639 0.009319724778827539 0.008656916949351105 0.99991909698685 0.30802006797999065
1566536001446868999 1566536003051806844 0.9992988112909523 -0.027889464096123324 -0.024981263877436957 -10.759750595337083 0.028246504776288057 0.9995021680286322 0.014055286336201381 -0.14285380587763769 0.0245768330019596 -0.014751064317552201 0.9995891082745428 0.4274442368781491
1566536003151556017 1566536004851633970 0.9994429825190486 -0.014062960238169917 0.03026479543580686 -10.365237857704432 0.01407850649812779 0.9999008477210725 -0.0003006351160260753 -0.10756590303025758 -0.03025756679268438 0.0007265507762182086 0.999541870946769 0.5200307000589631
1566536004946422768 1566536007046617162 0.921119149220278 0.3892802865549397 -0.0006094583168844332 -10.094273784343363 -0.38923440245961755 0.9210324820703383 0.013990958269121776 1.739215000454777 0.006007735150500393 -0.012650117433832885 0.9999019360153789 0.21053034687717237
1566536007145851453 1566536009646028381 0.3632896763699524 0.9313617462019135 0.02420555214724323 -7.297003236985443 -0.931561125144339 0.3635305700038981 -0.006276527102819498 7.046682043624184 -0.014645175411911517 -0.020268753893115117 0.9996872993355418 0.2621066625186923
1566536009746011856 1566536011645587296 0.9802861083830424 0.1975831574654792 0.00020395393639967334 -10.300044508158322 -0.1975774377410914 0.9802487599167642 0.008690499255933066 1.78531779433902 0.0015171706897027669 -0.008559472391674905 0.9999622160989325 0.18824451838529585
1566536011746379366 1566536013246153283 0.9999946912387493 -0.003112177437755251 -0.0009653216701797251 -10.167301076133882 0.003121694045382179 0.9999449374577588 0.010018836204421427 0.05173121292025177 0.0009340881211265189 -0.010021796455721637 0.9999493442545951 0.19707841816611818
1566536013346626999 1566536014646224694 0.9999080664978339 -0.010173520864499732 0.008964263817580106 -10.045960034668601 0.010084766555666959 0.9999002268757197 0.009891095865032019 0.014944962966182114 -0.009063996695127686 -0.009799784034004833 0.9999109001290136 0.22906188601643945
1566536014746252247 1566536016046284359 0.9999867929441302 -0.0011332807030920526 -0.005012944460715146 -10.811364951833044 0.0012491171250129634 0.9997308747456076 0.02316501212574979 0.013476698087812322 0.004985342889533021 -0.023170967938912625 0.9997190868444276 0.19369841240573557
1566536016146192110 1566536017345992056 0.9999734383362124 0.0036449780530574717 -0.006311636637997018 -10.255303030824443 -0.0037639717502504504 0.9998134430654723 -0.01894496192211201 0.06585261712079392 0.006241405187991873 0.018968215534406224 0.9998006059513685 0.22676693417556268
1566536017446393154 1566536018750851576 0.9999885359278665 -0.004471707552260548 -0.0017122629511362873 -10.078929392865374 0.004465607085271321 0.9999837270485451 -0.0035502100584810983 -0.044387996767768584 0.001728110588694996 0.003542523065050607 0.9999922320518964 0.26718165080688694
1566536018850536903 1566536020446439582 0.9999580451752398 -0.002006020732398114 0.008937772101953866 -10.201812602588108 0.0019786260221237536 0.9999933213305836 0.0030728379870619514 0.022468885879701556 -0.008943876586238068 -0.0030550245582217405 0.9999553359508467 0.24604497172278425
1566536020552892509 1566536022146036787 0.9997258825522727 -0.008924125715050815 0.021645316705951417 -10.308784362015667 0.009047634078807577 0.9999433055430441 -0.005614803401006049 -0.02819780666087608 -0.021593982325059005 0.005809103190503493 0.9997499458602012 0.46863950967953566
1566536022246165993 1566536023845286404 0.9999295858434247 0.01132251510960204 -0.0035530278076461837 -10.512775327938211 -0.011320299207600136 0.9999357165202066 0.0006431586735877634 0.11748949877680727 0.003560081580454587 -0.0006028920482367969 0.9999934811489182 0.22488900469178322
1566536023945942482 1566536025546438998 0.9995163844920699 -0.00357789452134264 0.030890059933613618 -9.98665021201595 0.004060447904384499 0.9998704877385576 -0.015573070097938894 -0.00771450323507834 -0.03083034048991143 0.01569096619885728 0.9994014627190769 0.290141320839685
1566536025645963220 1566536027247169949 0.9998198092659825 -0.005284542360673429 -0.018232460376440246 -10.224640395795983 0.005918589555198049 0.9993733229233226 0.03489887859064074 0.054040742336852 0.018036609909218525 -0.035000500585640575 0.9992245221479221 0.09883424005939513
1566536027347349371 1566536028951604932 0.9997853441661354 0.020536418734490844 -0.0027424616988850417 -10.50773016468936 -0.02044945677795142 0.9993798440054751 0.028666131812246844 0.20963689247132447 0.0033294606312175377 -0.028603896607842315 0.9995852798990007 0.15038726246229747
1566536029051716085 1566536030645424035 0.9855719448925643 0.16855621734027681 0.015386456272790885 -10.139654807547128 -0.1686226991436938 0.985675728317666 0.00312152830274166 0.8542565522415573 -0.01463990348988015 -0.0056709965073447055 0.999876748916802 0.3169272960795885
1566536030745831130 1566536032346045897 0.9340118088726524 0.35611477219130455 0.028358595056555882 -9.698763824476032 -0.3561282847359403 0.9344250312838471 -0.004744019522113348 2.295033040133808 -0.028188396504276327 -0.0056683275598360255 0.9995865567149296 0.46344272691434923
1566536032446147938 1566536034046892405 0.9196318292552046 0.3927693249423022 0.003091278877182175 -9.851914052338273 -0.3927434921773563 0.9196238552567702 -0.00667189590889087 2.6523102199776294 -0.0054633298509276325 0.004921608177774888 0.9999729645344908 0.23139727952002542
1566536034147250207 1566536035648689782 0.9692988742378478 0.24588192619546753 0.0013307034434542518 -10.012175371404965 -0.24588414362903543 0.9692610722269334 0.008600103331685932 1.9284766248170397 0.0008248109262561375 -0.008663269354350325 0.9999621330085621 0.1999772483444681
1566536035748786679 1566536037147493656 0.999512371191134 0.01599538276879204 0.02681729975156191 -10.179483376355948 -0.01537809025417952 0.9996155987408369 -0.023068790478533625 0.1438601430590952 -0.02717598528148666 0.022645142615757733 0.9993741358169639 0.2544846954122072
1566536037247571899 1566536038550343457 0.999957730544652 -0.007860906484741801 -0.004768990798268958 -10.703694535549923 0.007860277721285329 0.9999690962034394 -0.00015057300128699252 -0.006920826617885963 0.004770027058630077 0.00011308104452350538 0.9999886169624851 0.15108246762615324
1566536038650451487 1566536039850147359 0.9998939217783182 -0.013075738797425853 -0.006416404420335785 -10.836332059976998 0.013111246029434446 0.9998987889873683 0.005523315050878513 -0.0540924690609844 0.0063435335846458735 -0.005606856204419247 0.9999641607303643 0.17953663259403918
1566536039953312242 1566536041053402164 0.9999497266021005 -0.010026558793450718 -0.00011129758092762639 -10.715969063275274 0.010026258399424086 0.9999467757915438 -0.0024330488298739327 -0.03179389262383142 0.00013568676434216098 0.0024318106139363505 0.9999970339387249 0.22234714051593227
1566536041153372152 1566536042245769285 0.999718142281642 -0.023214124302677865 0.004973974849777595 -10.880307921908104 0.023151889717819164 0.999657220860322 0.012224188492765497 -0.08481066735165761 -0.005256043706127855 -0.012105586093707515 0.9999129106026671 0.26905910563376345
1566536042345682051 1566536043447170200 0.9990736217935737 -0.04297174796394948 0.00230805398486419 -10.600918065124608 0.042992132796536575 0.9990287080464093 -0.009660073329399497 -0.23570199405437547 -0.0018907019541756903 0.009750352611413103 0.9999506767186463 0.2953851794560056
1566536043546580761 1566536044748608462 0.9982016273487334 -0.059944877648351214 0.0003504312723879461 -10.51347423233217 0.05994568973022918 0.9981965921938069 -0.0031745260205755313 -0.37906164146416177 -0.0001595027280006958 0.00318982388412494 0.9999948997782314 0.28818766572893006
1566536044848538234 1566536046249807958 0.9983969191369776 -0.056495342641647794 0.003445013441399059 -10.260904397797733 0.05649535036009672 0.9984028577352733 9.51511720115221e-05 -0.33848417909066736 -0.003444886862895634 9.962860437899818e-05 0.999994061396693 0.2863840176476708
1566536046350073584 1566536047850299164 0.9975027270277277 -0.07030797454476781 0.006715525866592431 -10.486424652268164 0.07028599210144525 0.9975208966876559 0.0034554284512635174 -0.4529855826964735 -0.006941821559764568 -0.0029747919051679415 0.9999714804566032 0.2676216513823066
1566536047950201189 1566536049349831074 0.9991011913403558 -0.042347010653174644 0.0018815289066373556 -10.374534991019118 0.04235625860310487 0.9990891315890048 -0.005182132561427933 -0.25191332013780965 -0.0016603672586064928 0.005257169340744569 0.9999848025600704 0.2364019282074576
1566536049449884577 1566536050750010423 0.9988798754157611 -0.047029162447754735 -0.005220380145446612 -10.365784346076824 0.04694447190841854 0.9987802115950781 -0.015307040319208655 -0.3163683744142896 0.005933889672042456 0.015044826537945548 0.9998692125212276 0.17445577955453376
1566536050849964685 1566536052152861324 0.9987995293832975 -0.04891224659179937 -0.002663125429087499 -10.526311791548334 0.04891595844890877 0.9988019897727577 0.0013469354147570107 -0.2871981892125728 0.0025940533404373686 -0.0014755877912024555 0.9999955467540599 0.2458168041890502
1566536052252538527 1566536053553039145 0.9986617643052865 -0.05169858404686863 0.0013917335289805786 -10.460752176381517 0.051705123173899456 0.9986490391660009 -0.005164959865437406 -0.3207589085435527 -0.0011228322397889609 0.00523000768532511 0.9999856930313537 0.29173408577941035
1566536053653105081 1566536055152937507 0.9990881365175884 -0.04254925950243609 -0.003529303841108347 -10.30003640408802 0.04255152250369173 0.9990941120092423 0.0005685781229830419 -0.24586423348908176 0.00350191410904077 -0.0007182369091736934 0.9999936103462458 0.21748940784983925
1566536055244401180 1566536056945809071 0.997081593320459 -0.07633911668472355 0.0007971984255112749 -10.671490594922235 0.07633486833109944 0.9970723872374956 0.004431984364002902 -0.47640832863164906 -0.0011331983087342597 -0.004358195994386044 0.9999898609432363 0.15306405789055783
1566536057045878273 1566536058547305795 0.9982903969559922 -0.057486835780481624 0.010561584038545081 -10.219300732797947 0.057737468628767816 0.9980138135691433 -0.02519548851525839 -0.4430318805677001 -0.009092197852953714 0.02576221335849289 0.9996267504929396 0.32837917521349475
1566536058647056348 1566536060050254396 0.9997012392501228 -0.023948177417700275 -0.004890505102132054 -10.68828584352326 0.023991471731984418 0.9996716980482505 0.008994743213255336 -0.15030268433508245 0.004673491833464307 -0.00910938635194091 0.9999475874036551 0.22628379426498288
1566536060150167814 1566536061350120777 0.9998148605764197 -0.01915088555220352 0.0018676597992668108 -10.210473429662 0.019141032447498874 0.9998034883627152 0.005158055310997823 -0.09741733227835055 -0.001966074109314719 -0.005121351414792148 0.9999849530429388 0.17369883425536994
1566536061449786060 1566536062550323962 0.9987743609746802 -0.048348950271306264 -0.010590319508551072 -10.364006601584652 0.048328750925572414 0.9988291580960168 -0.0021551731190464466 -0.27294553449111514 0.010682120276652702 0.0016407147410146322 0.9999415984754046 0.19275264139815348
1566536062650136897 1566536063651618995 0.9987633461231783 -0.04885011273041697 0.00924364252125854 -10.173493776985252 0.048981645450037616 0.9986932202425778 -0.014582532376622645 -0.31479053313233973 -0.008519204765833895 0.015017267652068603 0.9998509413019704 0.28952808561677273
1566536063745111203 1566536064747180163 0.9984001332869136 -0.056520260263706795 0.001622970243201606 -10.643730737170523 0.05650700681777835 0.9983755393662143 0.007296613990668272 -0.2881314889429258 -0.0020327403137279138 -0.007193231190228487 0.9999720623056816 0.24496783155520208
1566536064847381895 1566536065847396696 0.9983789903368724 -0.056780955462678966 0.003913406533382814 -10.521229949082876 0.05676180013356884 0.9983760006673617 0.004843483978878303 -0.3417719255664119 -0.004182068811872895 -0.0046135006450554955 0.9999806127682075 0.28776795910484837
1566536065947033271 1566536066950242480 0.9983582130802428 -0.05693069006298724 0.006306734827381083 -10.361867366521984 0.05692271800344585 0.9983775540554202 0.0014365700206322427 -0.3493663185692766 -0.006378287413634769 -0.0010752149906614091 0.9999790804623888 0.31127100883876563
1566536067050239837 1566536068051613162 0.9982491897850441 -0.058803460924641615 0.006380288144325483 -10.310276039649137 0.058797786825650726 0.998269336397448 0.001073439804214722 -0.32050052045651084 -0.0064323679874417235 -0.0006964135926440278 0.9999790696060619 0.28141425408856485
1566536068151537179 1566536069145643095 0.9971057989903078 -0.07600156224061637 -0.0019463188047096655 -10.373041825481224 0.07595779232632958 0.9969664262489386 -0.016981128270500054 -0.43146177999203866 0.0032310067802389496 0.01678414339234497 0.9998539158926092 0.2641003500816473
1566536069245895112 1566536070244966532 0.996899585400595 -0.07556550564250879 0.021933330461345317 -10.498045185836537 0.0755187551396059 0.9971400083763895 0.0029531876524308055 -0.43587159770468614 -0.022093760438161785 -0.0012876537338122511 0.9997550738543839 0.31978976944184045
1566536070344990070 1566536071345287400 0.9990972751657669 -0.04209829928844033 -0.005689284081894416 -10.606770339805255 0.041970016731394465 0.9988971626399219 -0.02104699896613026 -0.3083928828445236 0.006569052588456035 0.020789219969371355 0.9997622996898704 0.18109709745227875
1566536071444922046 1566536072444332079 0.9998907092070067 -0.008949556135270298 0.011767543774810752 -10.273646791130183 0.008867251084973505 0.999935988095476 0.00702791361186121 -0.053070958551204736 -0.011829687219305779 -0.006922799760305247 0.9999060622597418 0.30649503838877223
1566536072544989421 1566536073645421271 0.9982746240907381 0.05866583724666513 0.002468691282357299 -11.027977849484651 -0.05860429791742914 0.9980770878398432 -0.020190666030303988 0.3082251889640598 -0.0036484465331061743 0.020011153622166274 0.9997930998804783 0.20172506423041614
1566536073745553974 1566536074848004342 0.9935555093126787 0.11250039522922207 -0.013824289772182613 -10.536119229061473 -0.11234186090825099 0.9936000659030471 0.011756501398632857 0.717368361225539 0.015058426282562551 -0.010127690296111984 0.9998353232843726 0.12809863513745445
1566536074948256861 1566536076152373908 0.9803739269305641 0.19714018494449634 -0.001646473443471323 -10.303950028546906 -0.19710181243323124 0.9802936557481806 0.01323722158930804 1.2833225845182756 0.0042236157832611565 -0.012652904011328571 0.999911028586948 0.23267641033664185
1566536076254460472 1566536077845016158 0.9454664445282455 0.3255098610823555 0.011684716910123655 -10.34282518247202 -0.32557571896822696 0.9455065966706538 0.004210329037791205 2.097286119757638 -0.009677473298547897 -0.007784984934608312 0.9999228672853383 0.4002843895082924
1566536077945009733 1566536079949392882 0.9041822014316939 0.42698564292035757 0.01173913770357998 -9.632955037493977 -0.4270704744467323 0.9041989251027079 0.00592568130668974 2.863101070791882 -0.008084334850731078 -0.010371334677528939 0.9999135357354828 0.29942078132972594
1566536080049558103 1566536081751120449 0.9650628022862728 0.2619434618140541 0.006277774783386778 -9.796340229577781 -0.26199523622775467 0.9650199368232418 0.00974770371100519 2.005813462963601 -0.0035048305700554135 -0.01105189334655702 0.9999327836490521 0.24269736863849756
1566536081851446713 1566536083348924788 0.9996138666795609 0.027769143300446747 -0.000996103560299474 -10.340126432567995 -0.027756686370762455 0.9995555504810208 0.010875102955968044 0.35582116707651307 0.0012976531349426523 -0.010843255182237426 0.9999403681787205 0.20088804748073882
1566536083447935818 1566536084845092402 0.9999964768964109 -0.0025631264741760433 -0.0006903458959174027 -10.590012184057263 0.002562279828135765 0.9999959676364559 -0.0012245133394427677 0.041836513203868594 0.0006934816947502685 0.0012227401659914057 0.999999011994334 0.293519426552421
1566536084945052020 1566536086246964582 0.9999589091619362 -0.0011510989310908797 0.00899193855169289 -10.331257353831342 0.0011973701775229706 0.9999860620917553 -0.005142171417257071 0.01919851598446261 -0.00898589407485635 0.005152726800184418 0.9999463501179466 0.2952820378362573
1566536086348574785 1566536087644470063 0.9999678136079122 0.00800612091256906 -0.0005232362333918423 -10.62934303753525 -0.008005145051258721 0.999966263128823 0.0018412650254600322 0.09604529527381038 0.0005379599714643259 -0.0018370171798373796 0.9999981679817994 0.22588941003799887
1566536087744799703 1566536088944878869 0.9999904205449596 -0.0015657064151158406 -0.004087466421705093 -10.301530352020807 0.0015589841001569101 0.9999974280070195 -0.0016472850167010976 0.06777718376971713 0.004090035073488258 0.0016408969414470824 0.9999902894880219 0.206585432880317
1566536089044954060 1566536090344561692 0.9999427128441561 -0.01069361639528189 0.000466474290739382 -10.877588814944579 0.010692266629609384 0.9999388991565534 0.002805955790415088 -0.00198126676527913 -0.0004964516036115818 -0.0028008073776959316 0.9999959544987397 0.274215564343845
1566536090444605481 1566536091745314336 0.9999837494243468 -0.005700757343014288 -4.746522078640976e-05 -10.787137386350558 0.005700806882875567 0.9999831244538723 0.0011187530399191742 0.02665368146004087 4.108668017778303e-05 -0.0011190054495953921 0.9999993730691555 0.29030347325360517
1566536091845595826 1566536093051523366 0.9999148440999346 0.006373264631086949 0.011387978159016663 -10.226731814798736 -0.0063973216556358955 0.9999773792622635 0.0020773154359704296 0.08854804468518608 -0.01137448127355379 -0.0021499910995957223 0.9999329971123289 0.3241601688008813
1566536093151313842 1566536094345045272 0.9999831356361986 -0.003874390411144649 -0.00432637748559217 -10.299095603882137 0.0038132361324127 0.9998939509346739 -0.014055109905170202 -0.0029508807357711874 0.004380373660347748 0.014038375375733426 0.9998918623248292 0.2228574655841574
1566536094445026699 1566536095844640665 0.9997278215039953 -0.00961015935879339 -0.021258592333077097 -10.383167751071696 0.009667313293223673 0.9999499230186587 0.0025873748623232735 -0.006098747728316731 0.021232662682197784 -0.0027921841067811357 0.999770662573851 0.30422378919559717
1566536095945048951 1566536097548422240 0.9996642827122565 -0.011549038429835165 0.023193567658609835 -10.580000948838858 0.011607181136842105 0.9999298167844942 -0.0023737841930497623 -0.037359187881666756 -0.02316452493458335 0.0026421992136817694 0.999728174839484 0.48660695559751727
1566536097648231881 1566536099343928433 0.9970628869148531 -0.0763684377720077 0.0057845699316648735 -10.247643538565265 0.07627570504477323 0.9969763099115143 0.014840966786539464 -0.2342129033076849 -0.006900460633410764 -0.014356155038876313 0.9998731341803193 0.26838737317389527
1566536099444710824 1566536101448298775 0.8096569693596615 -0.5868983540247635 0.002431873835463722 -9.928138331241891 0.5868435764353862 0.8095083443494766 -0.017631143612854384 -3.7689726515843374 0.008379067003745194 0.01570230784297161 0.9998416018372899 0.13417252046518188
1566536101548348997 1566536103444857391 0.7824820985931443 -0.6226700026567794 -0.0019578489945229894 -9.182283158114041 0.62251972596685 0.7823552975779103 -0.019732692009671 -4.723927644409107 0.013818688918809165 0.01422167863506416 0.9998033745159037 0.21520468645676133
1566536103544964151 1566536105247194838 0.990850661812962 -0.1349628196791569 5.7350475698920215e-05 -10.247354694006408 0.1349627961756159 0.9908500013135226 -0.0011482793481440742 -1.0181852828990063 9.814929968320514e-05 0.0011455135326170565 0.9999993390825161 0.20772167866344718
1566536105347006779 1566536107346429750 0.9999327841608701 -0.010611350817290768 -0.004671872658318476 -10.237225481692162 0.010540741438459789 0.9998336143430413 -0.01488745779728195 -0.11731018337684185 0.004829071363181517 0.014837212122588763 0.9998782611929349 0.24422540747056037
1566536107446576633 1566536110948183682 0.9979535786946777 -0.06308458547777107 0.01043982018929455 -10.231089574697647 0.06330309343680475 0.9977491140091331 -0.02212292601164787 -0.25552298247938804 -0.009020705727283135 0.022738526097427915 0.9997007483737814 0.2970946517171168
1566536111047327175 1566536113444592355 0.9969213270519898 0.07826168064388836 0.004793434228466976 -10.093253423630998 -0.07832098490212154 0.9968330100572439 0.01377582607983709 0.4997536298667326 -0.003700134169208258 -0.014108841306585617 0.9998936191436167 0.17194637233150412
1566536113544066011 1566536115245025531 0.9995569862708782 0.02974436088259713 0.0010508057756198014 -10.588393478107504 -0.029740423342503625 0.9995512350223975 -0.003582706324939808 0.2522971245493467 -0.0011568995206547748 0.0035498677282326343 0.9999930299870212 0.18483104817446513
1566536115344849557 1566536116745718191 0.9999716972095372 -0.00711974807190379 -0.002431864978077473 -10.378911546752624 0.007107922620507303 0.9999630386778664 -0.004837221739250232 -0.019710174804211174 0.0024662148932842495 0.004819799324289533 0.9999853435518882 0.1898051588296678
1566536116844939637 1566536118145203151 0.9998935318736295 -0.01402952806896684 -0.004012139011293653 -10.305266424026033 0.014026819125994228 0.9999013725334377 -0.0007025318177440463 -0.054873663507175235 0.004021599494044049 0.0006461794722784446 0.9999917045603959 0.20270543189934384
1566536118246234835 1566536119548039301 0.999614180749672 -0.027191684809869766 0.005665855748567742 -10.754566253307523 0.027121832015342132 0.9995593729413674 0.012060936663550266 -0.14381153511225142 -0.00599131640748168 -0.011902614934172877 0.9999112120010663 0.3001619300657757
1566536119648075233 1566536120849257531 0.9999706183227846 0.007479041552184444 -0.0016811985660107971 -10.332552051807694 -0.007488034429398429 0.9999573405404107 -0.0054079977567130155 0.0074900400503433206 0.0016406802070519381 0.005420427733413954 0.9999839634372392 0.19200301335623685
1566536120949386442 1566536122151188109 0.9999713199632426 0.007551979813224886 0.0005717096044018736 -10.78710122703126 -0.007548887990666335 0.9999578313867317 -0.0052296977409790266 0.0956183033952325 -0.0006111800679697712 0.0052252319812883035 0.9999861616090853 0.21581027711613265
1566536122252285779 1566536123352669914 0.99998081045452 -0.002793943642087823 -0.005529249646034608 -10.191321189559645 0.00274086491321535 0.9999503157533736 -0.009584032776741162 -0.014609926578770856 0.005555752176873703 0.009568693937157287 0.9999387849834083 0.24531731238527218
1566536123452632806 1566536124644481464 0.9999821412048836 -0.0021754645465313026 0.005566383503220762 -10.668091297481704 0.0021523396386098886 0.9999890432922194 0.004157009694156532 0.0022657729577693947 -0.0055753659411923355 -0.004144954707113572 0.9999758670313533 0.2718486875814975
1566536124744411625 1566536125949525327 0.999997284856127 -0.0020092531206072728 -0.0011803314252702458 -10.08812987443604 0.0019895358005330953 0.9998622974299918 -0.016475069812298317 -0.017101803183637323 0.0012132714760319618 0.016472676768486412 0.9998635801410167 0.2524795716188382
1566536126044788153 1566536127445081440 0.9972808010903349 0.07327439368185228 -0.007865558288767914 -10.178367229618582 -0.07338525136599752 0.997192708380977 -0.014876398548747628 0.22756905108364395 0.0067534182890755575 0.015413162634188423 0.9998584028546394 0.2516206880611951
1566536127545057094 1566536129344594652 0.8198360764181268 0.5720647801174478 0.024712247014797042 -9.462141231655439 -0.5725977247421644 0.8191323095955444 0.033972120875485935 3.7084821973658655 -0.0008083461137681374 -0.042001746700099665 0.999117210266499 0.1475988471610387
1566536129444680748 1566536131244743617 0.9270737590727998 0.3748785603679345 0.0005569695633105785 -10.097638844651199 -0.37475256300203225 0.926798702486045 -0.024590274369909654 2.9585393355186262 -0.00973456532344445 0.022588272325379057 0.9996974583299337 0.19734729834903306
1566536131344686053 1566536132845759395 0.9935639000059285 0.11257174115827823 -0.012584899586804687 -10.100580581965245 -0.11251351884901979 0.9936363527247264 0.005244675406833824 0.8738400893260116 0.013095215967196679 -0.0037949488146063167 0.9999070525215262 0.10702768847893676
1566536132947395281 1566536134349320131 0.9998791855972623 0.015243639756473498 -0.003040667086931349 -10.803021296445246 -0.01519050346171195 0.999743584076779 0.016793293360709102 0.269670850379116 0.0032958783257885614 -0.016745075225091628 0.9998543592152692 0.16283615316451894
1566536134449416578 1566536135652367533 0.9995910406351806 -0.027711809573529558 -0.007057413977387594 -10.249309585583783 0.02783628867447591 0.9994468516910034 0.018197023871416897 -0.10052944951813017 0.0065492377204506465 -0.018386034240862506 0.9998095124723473 0.17895301905829686
1566536135751902504 1566536136844479590 0.9998089873730371 -0.019230832016332022 -0.003487673733006036 -10.185237564701353 0.01916540506325243 0.9996558712505862 -0.017911625358672568 -0.092330620175354 0.003830928982618102 0.017841361332238004 0.9998334910418591 0.18701144129155314
1566536136944615760 1566536138044092504 0.9998348816368936 -0.012061014999273784 -0.013591960099270514 -10.859181154594546 0.011962669714688632 0.999901842889605 -0.007293772636640216 -0.02282956535975191 0.013678596252914477 0.007129972171398716 0.9998810226729006 0.226495789354575
1566536138144562998 1566536139144114447 0.9999254470924702 -0.0063791723196471185 0.0104118402529162 -10.230408039718936 0.006347404468994971 0.9999751076330903 0.0030813261278749356 0.041662645412777644 -0.010431237387911099 -0.0030150082447010936 0.9999410477682436 0.31420028067732286
1566536139244123429 1566536140244329941 0.9999652792407475 0.003907652053724721 0.007360065788331709 -10.479419740561044 -0.003991012120569369 0.9999276723383665 0.011345568043764286 0.09084955010071194 -0.007315198919716739 -0.011374548228796974 0.9999085495770929 0.2613438274138595
1566536140347703859 1566536141347370876 0.9998893665144523 0.006210319133712849 -0.013516163198114996 -10.39427137187214 -0.006259905774838612 0.9999738198768691 -0.0036294821342648244 0.0956785998421596 0.01349326910095464 0.0037136905000627837 0.999902065300331 0.1645208011754575
1566536141447068845 1566536142549086944 0.9975566190993965 0.06975392773346639 0.003896313224167549 -10.927451666665217 -0.06966170729319483 0.9973661249376473 -0.020200479298063692 0.37750501567635814 -0.00529511359506941 0.01987969800141963 0.9997883572933816 0.28771819581891517
1566536142648845191 1566536143750464001 0.9892043599877606 0.14647274306710623 -0.0045243474230347415 -10.613599650380674 -0.1465345044842717 0.9890027173442549 -0.020031577103039194 0.9135289444254833 0.0015405118493490666 0.02047829641550668 0.9997891108624759 0.2931454267415239
1566536143850480246 1566536144951925928 0.9974752685270213 0.07086069401639082 -0.004674475422228374 -10.5639766360092 -0.07080618846050692 0.997430040777389 0.01094520125556242 0.5872305135647088 0.005438046768123989 -0.010586585773774342 0.9999291734163024 0.22011989810703853
1566536145051862799 1566536146143956022 0.999956436785793 -0.009158354280897124 -0.0018025197729036086 -10.251076814963994 0.00913971083029617 0.9999072955990239 -0.010092863508374624 0.010173990706206339 0.0018947866911067333 0.010075949321309365 0.9999474411331252 0.2508589035389843
1566536146244091737 1566536147443361642 0.999974034374954 -0.006565071494889814 0.002971600940452036 -10.970734841267808 0.006567360332667741 0.9999781449864461 -0.0007611358104926783 -0.04846083825543484 -0.00296653908505855 0.0007806316212665407 0.9999952951190099 0.2927845329989767
1566536147543950162 1566536148750136876 0.9985680017935408 0.0529351180937008 0.0077342786645130494 -10.714511855859424 -0.05301390183843928 0.9985399973795168 0.010363389657105255 0.3330209163156937 -0.00717439934204485 -0.010758573591615011 0.9999163870486214 0.2542222613771953
1566536148849970153 1566536150051937646 0.9928922889507605 0.1177072228458442 -0.01760432424283308 -10.395788793424941 -0.1176190997643977 0.9930408762540833 0.0059636783224559 0.7763700434691123 0.018183781585246257 -0.0038506854507464904 0.9998272462324818 0.15233438546459435
1566536150151869354 1566536151351432424 0.9911053872110627 0.13262998877398166 0.010926917178851397 -10.184305590105495 -0.13285165163510107 0.99086985943103 0.022964327313568844 0.8973683252395416 -0.0077813944152223535 -0.024211727508646023 0.9996765687721285 0.30830501030913454
