1561000452890717893 1561000759789196209 0.9997088761503349 0.019827749685022295 -0.013748574059495724 10.143279298996521 -0.0199177139798219 0.999780895910626 -0.0064377668465880064 -0.610311533324738 0.013617915261132452 0.006709732824868642 0.9998847592944822 -0.09217912883838318
1561000453991718329 1561000760290575153 0.999941463415171 0.004024476748846623 -0.010043571577503132 9.850005567954499 -0.004060969762385951 0.9999852174202808 -0.003615724755403814 -0.3655385066158424 0.010028871707397255 0.0036562997437078917 0.9999430249791575 -0.1651739596434547
1561000455093516159 1561000760888943533 0.9999770730526012 0.005880348307330387 -0.003357807758111791 9.66227446434357 -0.005895734217957107 0.9999720822084358 -0.004590764834569403 -0.3046643560303929 0.0033307187193100996 0.004610456324442492 0.999983824871836 -0.18464039416182015
1561000456095927500 1561000761489590767 0.9997917800346859 0.015043145664887896 -0.01378768811603269 9.981671076483664 -0.015128727793073437 0.9998668002536207 -0.006123997546670271 -0.27193882626734145 0.013693727412326459 0.006331312588516959 0.9998861916790686 -0.16062232062263174
1561000456895544544 1561000762087930990 0.9997568840851367 0.020326275558703467 0.008544895921007378 10.092815671094424 -0.020261995555091953 0.9997662495028745 -0.0075430690761168215 -0.21960200392439674 -0.008696221047937373 0.007368098592807286 0.9999350413214921 -0.5075972534846844
1561000453891751798 1561000762588110173 0.9998455384226005 0.016165056085248517 -0.006898569284880017 -9.89748421297305 -0.01613347167257969 0.9998592207193033 0.004609754265218672 -0.030383535150788402 0.006972115045494551 -0.004497744363164763 0.9999655793613301 0.17019923260679892
1561000457998225337 1561000763189731436 0.9985149117490582 0.0296665001136647 0.04569321378267503 9.955486695283728 -0.03041726692239137 0.9994120266860499 0.015823741285083914 -0.0544231341964287 -0.045196912369709616 -0.017190104312985146 0.9988301854799779 -0.15645838149261695
1561000458498565290 1561000763789735263 0.9987082703994535 0.020186235233255214 -0.04662946003169559 9.54503601919912 -0.019825382798089052 0.9997699263029337 0.00818832443990788 0.036882647586238534 0.046784023262744154 -0.007253300444053708 0.9988786937361451 -0.12806468991290978
1561000456294605796 1561000764289807782 0.999916728949016 -0.0037566330385000626 -0.012345965985957393 -9.54685458598443 0.0037679429789373585 0.9999925025938473 0.0008929511777517313 0.045616299199985465 0.012342518933340004 -0.0009393957166235763 0.9999233869462599 -0.0444918442458033
1561000456895544544 1561000764789911232 0.999428885993561 -0.013422546594367483 0.03101188618240256 -9.448984631981952 0.013599207092215824 0.999892440381176 -0.005492652823361797 -0.013677668663390872 -0.030934825167297616 0.00591125295491675 0.9995039237943889 0.39982960968490483
1561000457495700044 1561000765387823977 0.9998992773650258 -0.013245189063204576 -0.005099028494732226 -9.895039812499945 0.01324175306194454 0.9999120741787831 -0.000707027112780311 0.02393930829803177 0.005107944866245922 0.0006394358229633335 0.9999867499227625 0.09007368224288162
1561000460289808351 1561000765889340608 0.999933204373559 0.01146065665143599 0.0014967098409456965 9.449531301291396 -0.011459666712761482 0.9999341125232872 -0.0006683196139138489 -0.06500331956696322 -0.0015042706081391547 0.0006511231771433657 0.9999986566033765 -0.20808601634597587
1561000460792782335 1561000766391047637 0.9998442754755046 0.015912341677437297 -0.007630346073752736 9.808791546397364 -0.015904238949767897 0.9998728907250394 0.001121417222881604 -0.1002854674177649 0.007647220560009228 -0.000999887743491543 0.999970259678865 -0.12067457175627905
1561000459198596389 1561000766990688767 0.9998022068034652 -0.019880529869238214 -0.0005583932766072359 -9.258138859075535 0.019879821818878617 0.9998016001963096 -0.0012461658638781366 -0.10490236295076348 0.0005830569291700731 0.001234818621904207 0.9999990676333737 0.19057105266880126
1561000459590748139 1561000767492160114 0.9997279264923471 -0.022415277250121976 0.006452002566531645 -9.952484503487728 0.02243560042551235 0.9997434996901114 -0.0030949411814269593 -0.1450832489302282 -0.006380973661219422 0.003238853681450712 0.9999743961732067 0.20672878446340526
1561000462392919506 1561000767993302781 0.9999271965417705 0.010190613914927617 -0.0064616564563744865 10.057789092624066 -0.0101978688680795 0.9999474054114047 -0.0010908169183090532 -0.09965026759450656 0.006450200514145019 0.0011566326282776967 0.9999785283266307 -0.16059920288898868
1561000462893048798 1561000768493353051 0.9990502457311826 0.009718751140368319 -0.042475314957480685 9.931369286003509 -0.009993852422239397 0.9999304076476401 -0.006269192562609796 -0.12831194593909748 0.042411430278028496 0.006687730399484749 0.9990778472390847 0.09801207048777055
1561000463392715872 1561000768995748585 0.9992969704910419 0.015990357351685247 0.03390978087814374 9.942276365183499 -0.016114190440741128 0.999864439367777 0.003381679198460064 -0.14372506028650756 -0.03385110978797715 -0.003925730445067829 0.9994191768255265 -0.6427262663181832
1561000461692978834 1561000769586414633 0.9992236911628224 -0.009132843958804827 0.03832239789174378 -9.219439814382138 0.009028542638175626 0.9999550544767073 0.0028938632162265514 -0.09247684075540433 -0.038347104672708764 -0.002545621281275323 0.999261236802229 0.30270954859612653
1561000462192742979 1561000770186225818 0.9990807244700979 -0.01684093773006468 -0.03942193309169982 -9.880893011590617 0.016569347243566995 0.9998367520818433 -0.0072059640830061 -0.1334449026943963 0.039536852735599495 0.006546144118146207 0.9991966699669054 0.31435704602756764
1561000464993170452 1561000770687139200 0.9999213522753212 0.012534843443526213 -0.00040861197553298276 9.908158229025709 -0.012537655023973492 0.9998908538437934 -0.007815856065420563 -0.10455910905468777 0.00031059684494927836 0.007820364402112423 0.9999693722460821 -0.19469622011124413
1561000463291107722 1561000771288227581 0.9981873485319764 -0.017008637220092826 0.05772974528459448 -9.595805806834374 0.01774127122115611 0.9997681523011653 -0.012202005563385321 -0.17311343676916421 -0.0575088212900111 0.013204086648710247 0.9982576759382404 0.8207676228167627
1561000466095717115 1561000771887941602 0.9998958555287657 0.013124136407823962 -0.006002927615004487 9.701109350196344 -0.013072765026230636 0.9998782627084546 0.008518367079044398 -0.10267434557462994 0.006113993046372586 -0.008439005076028712 0.9999456996669166 -0.2092043167804165
1561000466695596548 1561000772488030593 0.9998949398936793 0.013766696231624964 0.004537317476982004 9.994832784887684 -0.013802421548078076 0.9998732269310373 0.007938716894220797 -0.07618193159883557 -0.004427452363368983 -0.008000508820294497 0.999958193888222 -0.19876788764099512
1561000464993170452 1561000772988287205 0.9999336625899475 -0.010386977464351577 0.004978063741689642 -9.711116906581271 0.010437417927481301 0.99989334106222 -0.010216007363188905 -0.122376640137841 -0.00487141934844173 0.010267287791461042 0.999935423952442 0.28476470383499247
1561000465492971457 1561000773489495548 0.9999676590864676 -0.006802004962906921 -0.004291096551702036 -9.718756676411806 0.0067522035481333365 0.9999108976338081 -0.01151540448275692 -0.11951700206601601 0.004369042043287199 0.011486057706694528 0.9999244881239753 0.1443225015196986
1561000468098774414 1561000773990453684 0.999984465465965 0.0005136118554182957 -0.0055502278887367236 9.672942700014902 -0.0005264491150806876 0.9999971894169245 -0.0023117113975965734 0.019008140096702705 0.005549024966980045 0.002314597398797689 0.9999819253170532 -0.1980560737965287
1561000468597660638 1561000774490986493 0.9999815827038442 -0.0030530460592129985 0.005245299121868925 9.699519583964921 0.0030563440697994053 0.9999951366383037 -0.0006208547852852976 0.013863229552335349 -0.0052433781138265766 0.0006368747896845882 0.999986050590939 -0.2630037254836809
1561000469198728825 1561000775089098195 0.9998504505363963 -0.0049360111349291145 -0.01657444889754519 9.62108861030461 0.004885907613093831 0.9999833756740512 -0.0030620715749859477 -0.013454185589335345 0.016589287777894555 0.0029806324177730436 0.9998579455909815 -0.06577237059199946
1561000467697261907 1561000775792043755 0.9999989141276682 -0.0013320522427999705 0.0006303810877027038 -10.07706884186211 0.0013298491426253036 0.999993051896041 0.003482479132684517 0.023572154065900998 -0.0006350155518887006 -0.0034816370394074587 0.9999937374597861 0.24755628830322615
1561000468298639729 1561000776393445830 0.9987850855760195 -0.00792857924246138 0.04863630806409578 -9.728111923134426 0.007584999253191166 0.9999449890205144 0.007244771846045997 -0.03114624077097594 -0.048691073280825614 -0.006867063707887467 0.998790279697798 0.29712082342877055
1561000469297603916 1561000777392535701 0.9988049868415577 -0.016968290421857796 -0.045833125363548326 -9.664910031033212 0.01702850900262802 0.999854577739837 0.0009237174042861805 -0.1532459558135399 0.04581078630168365 -0.0017030833377052038 0.9989486830491217 -0.22650666055270385
1561000469798743332 1561000777893477097 0.9968228031277054 -0.017564721521698454 0.07769028074661573 -9.638874176016385 0.017552417399267897 0.9998455905227294 0.0008412821782869382 -0.21126382805567004 -0.07769306151815866 0.0005250429763495432 0.9969771875633909 0.8283493726037113
1561000470298787023 1561000778394254866 0.9998724408160378 -0.015469351864642215 -0.003975078548604408 -9.850460249255503 0.015460356270309684 0.999877873249153 -0.0022838499836891715 -0.2189665098748084 0.004009922764180801 0.0022221025270856083 0.9999894913346823 0.182080139234794
1561000470898755359 1561000778987039469 0.999796655183684 -0.014111145401743672 -0.014405688424238644 -9.88238709846042 0.01409408009020871 0.9998998472285833 -0.001285464380448337 -0.22209914294044866 0.014422385029399964 0.0010821680615243654 0.9998954063912688 0.1266584393732839
1561000471498985411 1561000779585644286 0.9998871280218732 -0.014757520341546777 -0.0028190086118686807 -9.717904268230663 0.014761566477850813 0.9998900339303424 0.001419930250869331 -0.19934439885451785 0.0027977439670102714 -0.0014613829635585977 0.9999950184818646 0.18029475833266745
1561000474090906742 1561000780187885354 0.9994188556094504 0.017940100358455145 0.02898454504452967 9.494880752867202 -0.01798746744863877 0.9998372679284327 0.0013742911614284517 -0.2005547257992663 -0.028955173408113353 -0.00189485106033092 0.9995789150799342 -0.5125383102819332
1561000472497413659 1561000780687965045 0.9997230170781056 -0.02090874604969759 0.010803400524167107 -9.752781071075297 0.020812925601308423 0.999743710329017 0.008907063796894798 -0.19585628672260263 -0.010986867259179049 -0.00867974632098796 0.9999019705709332 0.18978842319143552
1561000472997483076 1561000781286010407 0.9989762102965172 -0.028848102033577166 -0.03484706975750733 -9.987914251637735 0.02876052163826276 0.9995817925682238 -0.0030120360565105255 -0.28224626429686184 0.03491938797744574 0.0020067324612186763 0.9993881174839601 0.2274922438064063
1561000473398583394 1561000781791358347 0.9994801089562668 -0.03224116044287265 -0.00013919080766852345 -10.214436815188014 0.03224089132001923 0.9994787995377572 -0.0016291720176405489 -0.32328177260467816 0.00019164465776495688 0.0016238373899972829 0.9999986632113405 0.1598063637667859
1561000475890708295 1561000782392405364 0.9999873935116869 0.004991320595994514 0.0005472992036618085 9.114097048235703 -0.004992039555857242 0.9999866681527841 0.0013202491327962127 -0.3829359712166099 -0.0005407021204639721 -0.0013229646283645542 0.9999989787023881 -0.2627496119979956
1561000474489720438 1561000783092139884 0.9994835455940926 -0.031914174997070305 -0.0037586594594697753 -9.99500287782512 0.03191905546611624 0.9994896808571375 0.001245695890287724 -0.457384695648081 0.0037169859869603254 -0.0013650254049219115 0.9999921603296827 0.07713309407153932
1561000474990330336 1561000783693435953 0.9997988581453962 -0.020038743019083143 -0.0008318830326713897 -9.683605322838988 0.020030894330399996 0.9997626999439194 -0.008561954985305485 -0.512159797429757 0.0010032564424726673 0.00854356945667786 0.9999629997642181 0.2648400129625332
1561000477392530807 1561000784194882552 0.9981229022403107 0.038876693021457374 -0.04732097593143134 9.240549340254022 -0.03959912976670645 0.9991115066614606 -0.014425885705407175 -0.47171874650782075 0.04671810082941138 0.01627267637426404 0.9987755599024822 0.09975162086139787
1561000475689885718 1561000784694926468 0.9999650918315718 -0.0012944563893107885 -0.008254665404285152 -10.156201773941172 0.0012451010882150201 0.999981336005851 -0.005981418162172292 -0.4135344942453884 0.008262254024215501 0.005970931468941841 0.9999480402180074 0.10917756924363982
1561000476090585364 1561000785195259162 0.999748246361459 -0.0011603453092697235 0.022407532125534244 -9.774174132665804 0.0011869037246750008 0.9999986088580111 -0.001171981909045517 -0.3177137176187948 -0.0224061410497647 0.0011982824416761665 0.9997482327878636 0.31717896662286965
1561000476489376165 1561000785793414446 0.9995073050181952 -0.01078545610662347 -0.029475772285893372 -10.150184028902016 0.010790291733336888 0.9999417830950865 4.993931767198517e-06 -0.26797028548962243 0.029474002435828966 -0.0003230436533122665 0.9995654950143207 0.3188527980608112
1561000476891652702 1561000786294196118 0.9999220617510524 -0.011635687081553528 0.004525617049792681 -9.806063278962045 0.011639183294744048 0.9999319834116946 -0.0007469689380135273 -0.21838876781832292 -0.004516617735938564 0.0007995852069268445 0.9999894803585351 0.20936516632555274
1561000477392530807 1561000786887006419 0.9984385385318846 -0.011898453921304121 -0.054579406085120616 -9.45802220251741 0.011293570433944067 0.9998714931765736 -0.011377715047772416 -0.18472147262188046 0.05470776947724586 0.010743552817264936 0.9984446083943254 -0.28665792564991954
1561000477793010693 1561000787487171328 0.9986471704499033 -0.011411709192675297 0.0507306795312587 -9.873575654666714 0.011441548870880443 0.9999344989856789 -0.00029782158372190895 -0.13335858300839973 -0.05072395796698713 0.0008778562309925046 0.9987123256757197 0.7506090622756084
1561000480291673932 1561000787987892477 0.9998367688158387 0.017583972692991605 0.004152063130731819 9.880863782313883 -0.017588161761587368 0.9998448413615837 0.0009745606601191258 -0.14258443230698695 -0.004134282254234365 -0.0010474287394161015 0.9999909052602884 -0.21759432022272587
1561000480591910260 1561000788489167337 0.9997618943470044 0.01845675394145282 -0.011640568956774545 9.295911142407615 -0.018421996660459242 0.999825537874427 0.0030860740696488764 -0.12800521218836083 0.01169549702812028 -0.0028708967355196525 0.999927484021319 -0.0921814192589285
1561000478891605016 1561000788991446955 0.9999297079416289 -0.011659608262313893 -0.0021523733303735857 -10.168662424533089 0.011647255620126643 0.9999161206752618 -0.005665072837875907 -0.11982133020128577 0.0022182453208191484 0.0056396053858765345 0.9999816369507989 0.21696595520505166
1561000479391830925 1561000789588922498 0.9999494839622636 -0.00916630922392463 -0.004124111882824088 -9.654037541025653 0.009151509674310507 0.9999516681682286 -0.003593215588701408 -0.09732230637246199 0.004156849082136929 0.0035552922238937623 0.9999850401395619 0.2027465159002785
1561000481791526514 1561000790090475839 0.9983826176812045 0.03133773453398641 0.047435167400543966 9.822835403338555 -0.031649605234233345 0.9994819773840083 0.005837754112412195 -0.08754920920450562 -0.04722765292238742 -0.00732961655457616 0.998857259832763 -0.20355967771546332
1561000480091860345 1561000790591983609 0.9985477458262828 -0.010324888330555167 -0.05287528710297142 -10.026639719331556 0.010574462108872605 0.9999342205043371 0.004442456020624402 -0.07192279078154332 0.05282594113092618 -0.004995132165292103 0.9985912419995961 0.24020054636546675
1561000480591910260 1561000791193346982 0.9998185541402784 -0.011255157928101434 -0.01536815593531859 -9.538931426511448 0.011404309368367114 0.9998883809266462 0.009652326959059336 -0.021980968372534805 0.015257802091695725 -0.009825838789003455 0.9998353126227492 0.04456664446986698
1561000481091941765 1561000791894556975 0.9983699614840685 -0.014004942002857252 0.05532884966989705 -9.801077848906553 0.014760224900587314 0.9998030577929908 -0.013265797702333952 -0.027445084501916062 -0.05513216635668862 0.014060840205752845 0.9983800563941226 0.6266102644765841
1561000481489406930 1561000792395141756 0.999745602582322 -0.015146406796041055 -0.016712763938962313 -9.76339749015546 0.015099050512044835 0.9998816330663889 -0.0029561004935116765 0.0014775657924747602 0.016755560000947543 0.0027030016022701643 0.9998559621222465 0.06359424550122236
1561000483890998758 1561000792986083593 0.999824718834508 0.01845467117342108 0.003155426972064921 9.584723050468346 -0.01844924759214023 0.9998282851893324 -0.001739367313368628 0.06447718398521268 -0.0031869845903374685 0.0016808471815722896 0.9999935089199226 -0.22354290577854632
1561000482390845073 1561000793586764423 0.9998917077658853 -0.014580638335540479 -0.001994423913442449 -10.14790648880971 0.014583762482740088 0.9998924328361282 0.001560970499316711 0.06287210109486902 0.0019714494326153456 -0.0015898876629777147 0.9999967928170393 0.21307695787277176
1561000482791922414 1561000794087216611 0.9998653996273026 -0.014379497054199315 -0.00790017041591451 -10.11084279289 0.014408333170362603 0.999889694607026 0.0036053507360209566 0.08525277867213962 0.007847455854224111 -0.003718693741923144 0.9999622936658563 0.14724714751322807
1561000483291401242 1561000794686918415 0.9998265107525804 -0.018619796536330457 -0.0005015707982790521 -9.807210687780719 0.018621775249548212 0.9998174331613705 0.004281335442778641 0.07523447482105197 0.00042176163323597986 -0.004289932815791524 0.9999907092536261 0.23859619038818985
1561000483689178230 1561000795187532565 0.999766907802375 -0.021521560071414567 -0.0017182885024258072 -9.675589786115971 0.02152531771907461 0.9997658847948718 0.002199158344125969 0.03916259302247876 0.0016705569065506608 -0.0022356324434227117 0.9999961055860176 0.2521395793911179
1561000486193740843 1561000795786182805 0.9999985114594071 -8.639333255873222e-05 0.0017232571392542 9.301737013517396 7.06012106322232e-05 0.9999580248734844 0.009162068903503802 -0.02078165199946758 -0.00172397634698344 -0.009161933601351941 0.9999565424948452 -0.33824974517252604
1561000484594604651 1561000796387566367 0.9997929602107753 -0.02024292581875374 0.0020641383868379116 -9.669243883988413 0.020227782248428753 0.9997701095742507 0.007110894965524234 -0.03645502478016459 -0.0022076091804773632 -0.007067669785509404 0.9999725868770212 0.2098086702219095
1561000485194162528 1561000797286441766 0.9996338094800324 -0.02697872134380229 -0.0020965541009489302 -10.019736592242992 0.026936939530304314 0.9994768319625777 -0.017901498786108593 -0.180477058433003 0.002578416798241526 0.017838468675921128 0.9998375572072297 0.3063204572078844
1561000485594218889 1561000797886562657 0.9996560131233281 -0.02581203555659496 -0.004646961029309388 -10.051302779669134 0.025754962569273888 0.9995968698554057 -0.01194904508073329 -0.23928834073198704 0.004953516875729024 0.011825252458666084 0.9999178096598063 0.2865264057657501
1561000485994245759 1561000798487316760 0.9993565215727221 -0.02556293565392949 0.025161063388172776 -9.996262875910249 0.025265769962823613 0.9996080402213363 0.012058473910416274 -0.2337552979277527 -0.025459451255992787 -0.011415000903003498 0.999610681263526 0.25646859369260866
1561000486495263811 1561000799187145868 0.9995587859445247 -0.025018515858526463 -0.016009600411778346 -9.646346238228421 0.025113803861342147 0.9996678960495455 0.005778794294508348 -0.2887363377100687 0.01585970670353663 -0.006178306573881288 0.9998551386231743 0.30241487235739467
1561000486794858412 1561000799785558425 0.9996738664219299 -0.025308153819825683 0.003414402329177597 -10.124555551026075 0.025310288688800368 0.9996794730425058 -0.0005834928973156543 -0.3407907105351185 -0.0033985407931883985 0.000669722109340652 0.9999940006783969 0.3317149045362824
1561000489897498419 1561000800387514468 0.9998405779140769 -0.017841832247785933 0.0006984114045970639 9.473743161569814 0.017829460143737364 0.999730150724421 0.014890805334775218 0.057950491728152365 -0.0009639021896024829 -0.01487597911322541 0.999888881895385 -0.29476954188424204
1561000487493504000 1561000801086583273 0.9990272398952511 -0.01602550060423669 0.04108232317764784 -9.961723040906868 0.01632476291866427 0.9998425224451849 -0.006959340925130452 -0.2760400087669642 -0.0409643267116464 0.007623230341946151 0.9991315280263314 0.5704087310133061
1561000490798817354 1561000801587553278 0.9784693104819696 -0.20635026815070376 0.004168366474828709 9.53880652460983 0.20634551993475225 0.9784779733051194 0.0015434246267250265 1.120393942441614 -0.00439714086587806 -0.0006500698827659263 0.9999901212318915 -0.2435081179713996
1561000487994022981 1561000802187249486 0.9999634040635907 -0.0007665576710097611 -0.008520734880135123 -10.22214774357579 0.0007204839019105138 0.9999851116568925 -0.0054090079972620875 -0.18884074323565667 0.008524754337083716 0.0054026709972355615 0.9999490685577932 0.1448767272015164
1561000491798239993 1561000802785851772 0.8408045060589484 -0.5413386272833193 -0.0005226872820047545 9.337486406578305 0.5411648066414286 0.8405582291614394 -0.024546189964152247 2.689779671259294 0.013727149876397247 0.02035568716653872 0.9996985602451789 -0.11733699053942534
1561000488494628015 1561000803285901365 0.9976371636973054 0.06841936405421954 0.006235401543829584 -10.178531632377641 -0.06833753134979174 0.9975838486568964 -0.012507865842090146 0.10951018804807873 -0.007076116096605475 0.012052199854128932 0.9999023317602926 0.3214133569971952
1561000488994907826 1561000804286849610 0.9710539635286668 0.2388330590816964 0.0036013615426550697 -9.955839463728225 -0.2388468122454457 0.9710488139265241 0.004049845934646104 0.9175553233490022 -0.002529860761134382 -0.004792792670724768 0.9999853143636478 0.24091950425826336
1561000489295364347 1561000804887640680 0.9178708149570822 0.3968557935991225 0.00431811727965441 -9.863121130299 -0.39685254000817605 0.9176283248259797 0.02159441979145444 1.835818511325379 0.004607443877918895 -0.021534543502991433 0.9997574880424953 0.22572305001328846
1561000489695913521 1561000805585789814 0.7995682913232843 0.6000955868585665 0.023996544402195414 -9.3597851061006 -0.6005481356206137 0.7992729977000714 0.022463569399725814 3.295163836976836 -0.005699501116918385 -0.03237223780403704 0.999459630953947 0.22906588792567814
1561000490098557841 1561000806189118056 0.6485661462326426 0.7610195021698516 0.01453517382424691 -8.62304557642625 -0.761086650168423 0.6481248367929106 0.02610185563501974 4.821563192713088 0.01044341401847614 -0.02799130667423702 0.9995536112957265 0.213230093036039
1561000490498518341 1561000806690037116 0.5140403716867753 0.8576344675870388 0.015020528713411639 -7.825744644471062 -0.8575768086569129 0.5134804368994738 0.029997636163126843 6.017114556546435 0.018014259073410005 -0.028301253121405 0.9994371043451475 0.1886459253160481
1561000491098525953 1561000807190335274 0.45373924478300076 0.8911278711934733 0.0034372846760967845 -6.911755128902261 -0.8911322165303629 0.4537434392372249 -0.0005138198743362223 6.5230919322382706 -0.0020175245813633383 -0.0028299348705196313 0.9999939605133676 0.2260518401340842
1561000491798239993 1561000807788767409 0.47921949839292904 0.8775555124938559 0.015652311384486698 -6.864728321659031 -0.877165379254363 0.4794736006261652 -0.02619090949414552 6.920890882505367 -0.03048884710145674 -0.0011784711415416932 0.9995344123181545 0.19644799848328987
1561000492489563782 1561000808289254085 0.6980599937138817 0.7145224956209059 0.04658163187207435 -7.817341092806836 -0.7153100208246891 0.6988071680232534 0.00034062753859440386 5.914716442104582 -0.032308192211472096 -0.03355808652191059 0.998914428539824 0.3178902654677714
1561000496690257714 1561000808890211024 0.9999228980550977 -0.009037641510201115 -0.00851580771418654 9.95365871841907 0.009093987032763453 0.9999368594367235 0.006601252886100632 -0.5136986178911728 0.008455610264187938 -0.0066781865615905215 0.9999419505547862 -0.16024282280845006
1561000493989779670 1561000809392121611 0.9925062219624798 0.12206552472532865 -0.005604198364005796 -9.764516822047923 -0.12203941521097011 0.9925137101010094 0.004787107320370607 0.6517068113565094 0.006146584477378951 -0.004067300709600237 0.9999728379132143 0.1275118251015169
1561000494790330698 1561000809990641716 0.9987757953583976 0.03826379129090089 0.03134952762410583 -9.52006261074769 -0.038041173708467296 0.9992467572158128 -0.007667287432754521 -0.1878937822742249 -0.03161929330472914 0.0064653282778641815 0.9994790742287615 0.4464680058782459
1561000495389475123 1561000810491823985 0.9997346954041845 0.022156345837862898 -0.006295644861869965 -9.675767400976104 -0.022178717433377335 0.9997478738075558 -0.0035061817253916935 -0.2855478745035443 0.006216373390023838 0.003644880847718383 0.9999740354356682 0.08620341078225334
1561000498591153405 1561000810994960431 0.9995583715795131 0.028266124504027643 -0.009169951517856503 9.839047461809205 -0.028324257547103472 0.9995791056126119 -0.006272802969471745 -0.10157425150682733 0.008988784107005866 0.006529764789891145 0.9999382800613656 -0.1323866641829214
1561000496690257714 1561000811586979354 0.9998042647316201 0.019768581859120622 0.0007971171491145866 -9.790530304216785 -0.01977950442741535 0.9996513255765465 0.017492812171514008 0.08299072834227612 -0.00045103112539334356 -0.017505154793408643 0.9998466713084526 0.17080001415488222
1561000497389380517 1561000812186838973 0.9999555336650262 0.00385933556046503 0.008604430354804559 -9.776002934898443 -0.003935670728821829 0.9999528943852383 0.008872401394422243 0.11945538131811287 -0.008569783463614778 -0.00890587107593523 0.9999236192188753 0.2244851493346747
1561000497990358075 1561000812687018285 0.9999599372442645 -0.007146611114844082 0.005389791835165955 -9.525673020267298 0.007065242598203227 0.9998630162884602 0.014967665334947087 0.09613151609067455 -0.005496021604921878 -0.01492898550215735 0.9998734515619488 0.22647703852965273
1561000498491285298 1561000813187953957 0.9998956560429306 -0.013306961761350237 -0.005621547399312292 -10.020814639057187 0.013447679590016194 0.9995771007722867 0.025783318741420834 0.047109400841788905 0.00527607241468592 -0.02585622517614293 0.9996517487002773 0.18931047386898028
1561000501392837372 1561000813786014644 0.9999639104647596 0.0003009168066142638 0.008490419135955152 10.032998487554162 -0.00046201697928467857 0.9998197801351941 0.0189787721076838 0.007621791888154475 -0.008483177962270296 -0.018982009890420936 0.9997838361326823 -0.22915651131244058
1561000499692769887 1561000814286027535 0.9999715526882911 -0.002296349000493173 -0.0071847474168342754 -9.890491732202909 0.0021533204831941355 0.999800609950153 -0.019852041562669474 0.015288450032002772 0.007228902065488823 0.019836005761675685 0.9997771130858863 0.22588748290952992
1561000502494304903 1561000814786435822 0.9999981856950781 0.0019035327241574223 7.190079170339783e-05 9.900606535882645 -0.0019035104011890594 0.9999981404977978 -0.0003092718810025869 0.01107838888268619 -7.248936714988294e-05 0.0003091344559842674 0.9999999495905894 -0.2882007702903884
1561000503394690668 1561000815587934485 0.9999527161176581 0.0007540937722729408 -0.009695198373724073 9.659971543024755 -0.0005629652841620603 0.9998057508112138 0.019701363275632402 0.025081328339948385 0.009708171764656232 -0.019694973658581708 0.999758900642341 -0.18969631244896215
1561000501493810108 1561000816187840001 0.9997985640748077 -0.001298106767770435 0.02002863432147439 -9.986401304622156 0.00142608498856079 0.9999786511002848 -0.006376803687191699 0.05410876876750795 -0.020019928960145584 0.006404081704588415 0.9997790706860962 0.28793242312619555
1561000504593883384 1561000816688065357 0.9997670976993547 0.007490862744996065 -0.020239499330558425 9.619537653673657 -0.007778314104712548 0.9998694692297609 -0.014161296970406922 -0.05927289889337746 0.020130777121225116 0.01431542795487769 0.9996948636133797 -0.029891892078485062
1561000502494304903 1561000817286113528 0.9990500260707768 -0.007000324347751821 0.04301210140202491 -9.890171824751723 0.007109762015475925 0.9999718646595385 -0.002391897450261361 -0.0031340516946346056 -0.042994147183949505 0.0026954310147961386 0.9990716880982948 0.36937280589261084
1561000503092583464 1561000817888968531 0.9999608595248781 -0.0073220630528305665 0.004966569331336923 -9.861134319123872 0.007246711219190825 0.9998608754744791 0.015023810166276253 -0.011494691402999769 -0.005075883645066467 -0.014987230833513814 0.9998748013212314 0.3043057412075771
1561000506397018847 1561000818390826538 0.9999375992086341 0.008058731420807238 -0.007736571382591264 9.979987506948396 -0.00803219701128836 0.9999617736827547 0.003454704677740487 0.05250297534895141 0.007764116179095463 -0.0033923474358976383 0.9999641045951773 -0.24265299031293958
1561000504295562325 1561000818988563009 0.9988775476829918 0.005752182159631452 0.047016562350149275 -9.554481227052989 -0.005571897467636383 0.9999766174670707 -0.0039646535457119915 0.11942565221531878 -0.047038268393226085 0.0036982319464577656 0.9988862419650429 0.6501679954054225
1561000504795361200 1561000819490195336 0.9999804177725774 0.005290198885936569 0.0033433317414476994 -9.924972639615879 -0.005257996288427501 0.9999403980532832 -0.009568375832540194 0.13578902411696808 -0.0033937510835369603 0.00955060923654101 0.9999486328391054 0.257674547313682
1561000505495491755 1561000820088890132 0.9999900562013325 0.004255043353286179 0.0013349548743842976 -9.656376112174247 -0.0042572710677381154 0.9999895426879383 0.0016703765530615118 0.1713507034464799 -0.001327833389694595 -0.001676043207936901 0.9999977138662184 0.21735682265604359
1561000508889912567 1561000820590596382 0.9999083104668531 -0.006741604122850535 -0.011743995622463269 9.62342840010644 0.006896360096573522 0.9998892631082266 0.013187180832599813 0.17735964404462892 0.011653792376221803 -0.013266962528930512 0.999844076258154 -0.15682046361357402
1561000506595676088 1561000821091555509 0.9991235876967282 0.003534697315108227 0.04170806184553356 -9.88584327983399 -0.003330484009396626 0.999982129536191 -0.004964724013313416 0.20447565324270392 -0.04172486529976386 0.004821464835066299 0.9991175051476986 0.32866569588305916
1561000510392044454 1561000821690743746 0.9991089566635925 -0.006305352789447698 0.041731705462307804 9.866858553437165 0.007737609283928041 0.9993833934458471 -0.034248537300658785 0.05891865660237927 -0.041490024308999916 0.03454092400133507 0.9985416878888862 -0.34064708758331985
1561000508089553405 1561000822291322906 0.9999674078459085 -0.0012316824929540066 -0.007979110488223716 -9.664821506103213 0.0013008632352708232 0.999961561298716 0.008670852315543622 0.19893667698578005 0.007968124044583002 -0.008680949445273001 0.9999305726478971 0.06285976137545904
1561000512992588722 1561000822891498050 0.9999241448820354 -0.010691555927906075 0.006115154436370611 10.178118683591801 0.010822384159626552 0.9997042778672546 -0.021776887174562873 -0.0014884898664706428 -0.0058805172426957715 0.021841415836723492 0.9997441533068433 -0.2963960450650116
1561000514391634777 1561000823391601139 0.9999719883837431 -0.0064713358028441045 0.003760885639440247 10.192872264024945 0.006597869991344779 0.999377125041577 -0.034667420659873494 -0.07159513230643276 -0.0035341985574447424 0.0346912634038909 0.9993918279053552 -0.15519976828132942
1561000515789702308 1561000823892756540 0.9999668751907 -0.000883481404227901 -0.008091228705173212 10.078352034327938 0.0005939181453951105 0.9993616594512272 -0.03572003471629334 -0.1689692254266818 0.008117621732231984 0.03571404596940905 0.9993290805024704 -0.2099974779480972
1561000517192856075 1561000824393345335 0.9997875948436438 -0.002150004133933297 -0.020497382247322542 9.959779399854996 0.0017568066663814117 0.9998144735091228 -0.019181558644167738 -0.05582780894537693 0.02053481987030179 0.019141474444428794 0.999605884901138 -0.15282361965014424
1561000511190515597 1561000824894789665 0.9997802400778937 0.0032524564553311416 0.02070973386604235 -9.636221480687967 -0.004010521280396695 0.999319433089676 0.03666860194216097 0.0753716493153187 -0.020576376475356425 -0.036743600481435226 0.9991128667747261 0.3964919469108641
1561000512289945355 1561000825493384760 0.9983627342845889 0.05383863914815217 0.01931972376862339 -9.504771032116324 -0.05432143019234592 0.9982003636038221 0.02540110869778136 0.2675237375217368 -0.017917394165422214 -0.02640899535940914 0.9994906362495075 0.3878695139347408
1561000520292557386 1561000826085518571 0.9066527779172228 -0.4210427673809191 -0.02652787837739495 9.45133602714107 0.421059018512267 0.907018090692856 -0.005242717365336404 2.7144584432978447 0.026268673824094913 -0.006416478169681827 0.9996343259329559 -0.12284610561933133
1561000514991504097 1561000826586493754 0.9551819164445772 0.29567026060266727 0.014373708374865384 -9.50212469753948 -0.29558543495986167 0.9552848394806929 -0.007754102008077435 1.801446779246078 -0.01602364305909339 0.0031579191744110706 0.9998666263105432 0.2505627122593798
1561000521695205130 1561000827087714495 0.9060158659595431 -0.4230207766232479 -0.013735835418584315 9.663475226731027 0.42293415960830544 0.906117317293795 -0.008837643165375997 2.423249693595198 0.016184785015613164 0.002197690916242509 0.9998666025468818 -0.10477474882091603
1561000522395306000 1561000827687388532 0.9288641496429859 -0.36941839364513634 -0.02722943158898806 9.705369113979177 0.36959153368103714 0.9291932086763676 0.0014419365515961826 2.051167794684431 0.024768725023976992 -0.011403130551074421 0.9996281703085057 -0.1554353396152523
1561000519095040067 1561000828187642360 0.9056549150870611 0.42340076176876 0.02282476094689114 -8.571378369298905 -0.42337814544543473 0.905932838850744 -0.0060528878247033575 4.059797239810513 -0.023240497796586292 -0.004181677351016689 0.9997211575417957 0.2537411450664209
1561000519892949741 1561000828688324923 0.9408625154273978 0.3383518264747661 0.017197923852115722 -9.021087216936841 -0.3385014765053543 0.9409426385623173 0.006610698834834955 3.4379034160259563 -0.013945517822162723 -0.012041281351244187 0.9998302506306244 0.21665572412661738
1561000520695711037 1561000829188781055 0.9670914711322025 0.254232739976883 0.009990014374912157 -9.378298106430591 -0.2541723228724966 0.9671340949421131 -0.006933446914475066 2.641145196850611 -0.0114243927174904 0.004166092217335318 0.9999260607298346 0.24613478057988852
1561000521595317552 1561000829788132938 0.9809143578041897 0.19442373821600187 0.0025362712226839673 -9.47912876468163 -0.19440441085587334 0.9809005041304948 -0.006412958469719819 1.9243553457426135 -0.0037346610796491634 0.0057975007261330406 0.9999762203632429 0.22837132800300278
1561000522296056631 1561000830288638101 0.9849762549406165 0.17261617276434446 -0.005043223507345034 -9.367792207083994 -0.17265286065636268 0.9849496180061004 -0.008077109434520915 1.4459307750955588 0.003573081349493505 0.008826487967032476 0.9999546620721546 0.18110586963903985
1561000525598359645 1561000830788655789 0.9988147753694664 -0.04864573764507952 -0.0016237957422631697 9.368587979133641 0.048670120433283795 0.9985552860021788 0.02277191634741162 -0.09040279691941425 0.0005136931535142736 -0.022823956845606584 0.999739367592011 -0.32566463800766005
1561000526197169377 1561000831390307274 0.9999606843175448 -0.008322118405756312 0.003061399097432 9.777917768582729 0.00831239759460706 0.9999604127657223 0.0031744208357124093 -0.18359843514330185 -0.003087695811172906 -0.003148848464697023 0.9999902753966813 -0.19806420416354184
1561000526598039798 1561000831891499849 0.9992888045112978 0.011037720870375039 -0.03605626015511374 9.480539910498859 -0.011095195318156757 0.9999374743104086 -0.0013943136590647675 -0.20053806874365016 0.03603861566760946 0.001793373278344426 0.9993487889586182 -0.16281823129390444
1561000524495339096 1561000832392775465 0.9995214126661001 0.02526609339876984 0.017848533450532337 -9.585685355085422 -0.02482917795048127 0.9993965570663056 -0.024290608191703363 -0.012159098842966065 -0.018451491654428786 0.02383581860109206 0.9995455948616628 0.21927419357010525
1561000525097917178 1561000832991276498 0.9997841470629021 0.01189765869477938 -0.017032468972424445 -9.669563449530335 -0.01207732980042882 0.9998720929298647 -0.010485031471007504 -0.020068570050137166 0.016905543073375197 0.010688474991264761 0.9997999595497935 -0.06709994127159023
1561000525598359645 1561000833491556474 0.9998786272571011 0.005049114086369687 0.014738968803805387 -9.704152205891905 -0.0051558466892266215 0.9999606975499991 0.007212530779436396 0.013991439437310437 -0.01470197263546336 -0.007287647238301692 0.999865362035493 0.3437794035693651
1561000526197169377 1561000834092988221 0.9999531445914599 0.0015694625459442347 0.009552246278489747 -9.886715821000752 -0.00157167555850876 0.9999987397905699 0.0002241722888449031 0.02048438607226675 -0.00955188241064707 -0.00023917481716496453 0.9999543511270051 0.27029184051687577
1561000528989218984 1561000834593197976 0.9999647442476202 0.008317119902932268 0.0011557587637858978 9.800119216967119 -0.008315265532167776 0.9999641473610643 -0.0016001098698985223 0.08093183513305847 -0.0011690256324300079 0.0015904430158091222 0.9999980519331503 -0.18363112011100202
1561000527398228562 1561000835192899558 0.9999596487839816 0.0054720100738588915 -0.007124458546183271 -9.500382741906314 -0.005427742067773781 0.9999659368158754 0.006218104534288443 0.17456005169532418 0.0071582413950924025 -0.006179183902847364 0.9999552876336264 0.16316377415086564
1561000527996791112 1561000835792996154 0.9999917981981757 0.003117207306024584 0.002585837387100587 -9.771682884911746 -0.0031245393580529783 0.9999910963221992 0.0028362880899017446 0.19735291676019706 -0.0025769730656815897 -0.0028443443779182956 0.9999926344303167 0.19719745541707612
1561000530691036399 1561000836392768815 0.9996770075904114 0.02516685591317785 -0.0035369278374185686 9.572112671672969 -0.025181529177962826 0.999674209616236 -0.004167159274404931 0.04997629137825211 0.003430901243315647 0.004254878565128516 0.9999850623509666 -0.1613217356221495
1561000529188817972 1561000836893064697 0.9999883943444682 -0.004803608529560354 0.00036948812533369867 -9.52909289497763 0.004801256761227104 0.9999697325616038 0.006122245845660517 0.18131347076498 -0.00039888581423833466 -0.0061204007856240856 0.999981190615276 0.20629835670059138
1561000529688941927 1561000837394561238 0.9998480443557269 -0.016202941048082255 0.0064306220093594876 -9.828376241083852 0.016179192984028857 0.9998621584885306 0.0037279668789983998 0.14185872481795364 -0.006490139630270816 -0.0036233581188924793 0.9999723743001773 0.23468851145122382
1561000530390940751 1561000837993215723 0.9994875126735693 -0.03047950228308041 0.009783248447254188 -9.21552979204854 0.030385224127402154 0.999491727990143 0.00964488641778704 0.12625116400712846 -0.01007224723349362 -0.009342677338969272 0.9999056276548364 0.27681695648063154
1561000530989231721 1561000838586182064 0.999037799481432 -0.04372272424217777 -0.0034349078797817315 -9.441918546167823 0.043714322435492274 0.9990409835684037 -0.002484182901425539 0.053138564702789194 0.0035402289906507653 0.002331637948756447 0.999991015081227 0.25062092333017405
