1561000452790271869 1561000455194743354 0.9996968540962661 0.02452053885374334 -0.0022233048260377835 -10.418407270419628 -0.02451660516016443 0.9996978388532508 0.0017796245576783517 0.27558240457069916 0.0022662703828134454 -0.001724577185212935 0.9999959449178197 0.1696974535264426
1561000455292998416 1561000456995571653 0.9992425624532074 -0.007984931447495814 -0.0380859849777744 -10.191230113556566 0.008307568961814622 0.9999308738361379 0.00832056772406299 0.0031369177921593185 0.0380169130768549 -0.008630667360339508 0.9992398240167522 0.24400854534214844
1561000457094012422 1561000458498565290 0.9987363862002377 -0.007813047636096321 0.0496446086331888 -10.372122408003838 0.00826318768833701 0.9999265321321787 -0.00886848732057469 -0.07084690954454734 -0.04957167143574732 0.009267503696463215 0.9987275718464608 0.6552937829324831
1561000458598814326 1561000459792152728 0.9998375913550173 -0.016900742893199382 -0.006257459793128515 -10.335810486625856 0.016873417637067394 0.9998479779560256 -0.00439417278852199 -0.09981228922600555 0.006330773305827734 0.004287874404436841 0.9999707672939487 0.15165759797462874
1561000459892140817 1561000461093293711 0.9997339696478194 -0.0230634347356114 0.00026059625624878097 -10.50096035531109 0.023064200324500683 0.9997279709929897 -0.0034679500613754113 -0.13538482462905985 -0.0001805425266008966 0.0034730379256571854 0.9999939526876989 0.2753902169629087
1561000461193225093 1561000462392919506 0.9999013434304524 -0.010895656183868624 0.008864991951974127 -10.193998096578657 0.010890385308681938 0.9999404914974065 0.0006426287907513008 -0.04945162006727136 -0.008871466271935316 -0.000546022213083757 0.9999604986927948 0.26351717679206266
1561000462493056650 1561000463791544064 0.9997845307780551 -0.020599923223744966 0.0025563998296905207 -10.884484487215456 0.020616231952925064 0.9997661624433329 -0.006526209727018478 -0.10615264999544384 -0.0024213626280818515 0.006577506861539754 0.9999754364015713 0.1823683186266765
1561000463893058887 1561000465094898650 0.9999120151670378 -0.013167216344987642 -0.0016082096648089384 -10.428687173528003 0.013181206271535642 0.9998724168787401 0.009022514411503126 -0.0757512866890017 0.0014892030851679108 -0.009042918710399315 0.999958003065823 0.19773559402461352
1561000465194531600 1561000466396030411 0.9998339361596306 -0.016240673538708804 0.008266838969723946 -10.803971604324282 0.016343487242757245 0.9997879837573908 -0.012525093176771154 -0.11973715325988629 -0.008061670316261774 0.012658122188936924 0.9998873843660482 0.2927275218706069
1561000466494501395 1561000467595788328 0.9999854418380519 0.00530744968498781 -0.0009731853874783817 -10.17560175293317 -0.005307575795713351 0.9999859066495927 -0.00012704868718022792 0.04522845422308947 0.0009724973675209695 0.00013221209279235799 0.9999995183843005 0.19397251769420806
1561000467697261907 1561000468898944599 0.9999886720267837 0.003229205863358525 0.0034968625384428883 -10.897023286395486 -0.003244239816819105 0.9999854830350193 0.004302165413185877 0.0587497384157107 -0.0034829191968345904 -0.004313461339052382 0.9999846315444864 0.28101216865922235
1561000468997657985 1561000470198817494 0.9996812176939629 -0.00984340044902259 0.023250171128988834 -10.453081884514491 0.009762117765332298 0.9999458441122282 0.00360692381789961 -0.019527735050897447 -0.023284416390859018 -0.003378803085782097 0.9997231715045181 0.18911080617419881
1561000470298787023 1561000471498985411 0.9998543510441923 -0.01703306728798571 0.0010729942969161152 -10.828025453760706 0.017032643209852698 0.9998548527397808 0.0004031352102320775 -0.07592415874772929 -0.0010797051838958608 -0.0003848005649838729 0.9999993430824063 0.1999387968432046
1561000471598696815 1561000472697529616 0.9998476706775559 -0.016689217906601828 -0.005109348914678189 -10.169834684559756 0.016697591306975613 0.9998593043821453 0.0016005889521826103 -0.09110696484505529 0.005081917473873872 -0.0016856589555739139 0.9999856662316113 0.1813257958223944
1561000472798595924 1561000473898847645 0.9997025009487365 -0.022921082214771914 -0.00833868016880966 -10.409354208670447 0.022965410742912144 0.9997224243866777 0.005259666133847497 -0.09078277760539469 0.008215808314671273 -0.00544960260329311 0.999951399981627 0.2998105171844712
1561000473997542451 1561000475090858918 0.9995573759864932 -0.01775929005701253 0.023867545488981096 -10.61274437170885 0.0176775063178749 0.9998371394952595 0.0036332156999950346 -0.08862018969042286 -0.02392818173993168 -0.0032096888653064047 0.9997085275299069 0.4608786965893633
1561000475190018826 1561000476290277608 0.9996824527544075 -0.024975535763612118 0.0033490697604002147 -10.614169715904195 0.025006349766360802 0.9996421687508604 -0.009498259127192096 -0.1503193528933489 -0.003110647248061009 0.00957899099098868 0.9999492821165006 0.30718148968920805
1561000476390512842 1561000477591553503 0.9995072742877174 -0.02775309100040826 -0.014662011658636271 -10.948761949756644 0.027856763537132914 0.9995880101963506 0.006914520731437251 -0.13881903168057377 0.014464071736247874 -0.007319549961038053 0.9998685987754513 0.3797233252412046
1561000477689822191 1561000478791349264 0.9984805677563141 -0.01817996482901036 0.05201965678327901 -10.00521843464209 0.0184248532788173 0.9998212919293007 -0.00423190104861845 -0.10050223423677249 -0.051933424638552515 0.005183925505559418 0.9986370944050055 0.6204256039802653
1561000478891605016 1561000479989963630 0.999885827912828 -0.015095992770321405 -0.0006649371127020654 -10.319700042316867 0.015093510129816945 0.9998796324656727 -0.00359256625206763 -0.06409605408065511 0.00071909043002948 0.003582119846234187 0.9999933256409113 0.22336566339291294
1561000480091860345 1561000481189704452 0.9976962547320966 -0.023340082585792815 -0.06369791078557119 -10.50973286910337 0.023506961493677536 0.9997219213256412 0.001871572149465713 -0.11648875496729992 0.06363651510644636 -0.0033646048600466773 0.9979674711027691 0.24069993691566635
1561000481291525971 1561000482390845073 0.9986654783248394 -0.022546845419746376 0.04646398781690698 -10.735691267113719 0.022510473911790528 0.9997457542051075 0.0013059529653978413 -0.13957848575506152 -0.04648161966302608 -0.00025828375726895424 0.9989191120020806 0.6773282419268517
1561000482489697419 1561000483590919988 0.999839966069274 -0.017558435921191006 -0.0034268905131955127 -11.037663866119992 0.017562722221262934 0.9998450134107931 0.0012247227276423643 -0.10503561784200774 0.003404855175588663 -0.0012847122566158919 0.9999933782159064 0.2615496540219439
1561000483689178230 1561000484794259055 0.9999117239519174 -0.0129103009856595 -0.003141406050318548 -10.666879198129966 0.01291822039512311 0.9999133962422784 0.002513880877792459 -0.057927552990966094 0.003108679033975771 -0.002554240338031946 0.9999919059527229 0.27114152456418844
1561000484893277409 1561000485994245759 0.999812006949142 -0.01217430412911867 0.015090960185067183 -10.138475382099625 0.012267742471337228 0.9999060524029431 -0.00611464329448812 -0.06678617822398003 -0.015015100898512407 0.006298625797236345 0.9998674282414053 0.3002227348572334
1561000486094496404 1561000487393486022 0.9996696262648054 -0.025598725137399397 -0.0023116217083244284 -10.576801129548462 0.02561901866604308 0.9996292289189138 0.00922337105260833 -0.10317361739060824 0.002074658085428838 -0.00927954537275708 0.9999547918938702 0.3414489090977969
1561000487493504000 1561000488894700525 0.9988270664202833 -0.02539502473428364 0.0412260124799544 -10.232322823288394 0.02570841230676399 0.9996443461645558 -0.007089338327170376 -0.16938319339316266 -0.04103131636832665 0.008140878330786822 0.9991246955095725 0.5884158475622471
1561000488994907826 1561000490798817354 0.9767829243770352 0.21419528383612246 -0.0039368804671957415 -10.433507584825263 -0.21420339503204644 0.9767874860174357 -0.0017642892324306481 0.8532269383246545 0.0034675931413939856 0.002566620757809181 0.99999069408455 0.247081934887766
1561000490897881144 1561000493389511102 0.31196763452294063 0.9500539145487986 0.008588041726181758 -7.375562992801883 -0.9500721687578364 0.31188867093736966 0.009398462253320507 6.8810719957226745 0.006250532934572767 -0.011091275465497328 0.9999189539390722 0.23566499174758257
1561000493490318893 1561000495389475123 0.9480899598525363 0.3157500098025821 0.0377804094271529 -9.892048353467981 -0.3167445136622112 0.9482079507048663 0.023970717239521957 3.0765766067355846 -0.02825493039635745 -0.03469313375521747 0.9989985212093954 0.3413919083236883
1561000495490320832 1561000496991275775 0.999914192667324 -0.012052136178300229 -0.005133548090767477 -10.163768744379047 0.012069209404381146 0.999921692857942 0.0033079202638681563 -0.06618308579953135 0.0050932785918009135 -0.0033695942869483306 0.9999813519998966 0.1343492716998463
1561000497092228756 1561000498389798205 0.9999574838758765 0.002450824727058837 0.008889538727561824 -10.189692454478804 -0.002532667085326711 0.9999544068825028 0.009207049131308282 0.06411223892067858 -0.008866568562103709 -0.00922917192540354 0.9999180998199392 0.22197362460925696
1561000498491285298 1561000499692769887 0.999941920277037 -0.009615724703871691 -0.004867639170355994 -10.41760826379962 0.009742515643221535 0.9995951818874838 0.02673117536291344 0.016412994347255353 0.004608629038554228 -0.02677704587441627 0.9996308070245921 0.19409419033618966
1561000499792570887 1561000500992265481 0.999957068666343 -0.004551763546017432 -0.008071076312948313 -10.810542660337804 0.004361564823022028 0.9997160005647795 -0.023428507572324953 -0.015808265340722848 0.008175425158539048 0.023392299232718593 0.999692934235354 0.22429953831783422
1561000501094114581 1561000502294137343 0.999985618487664 0.000705635367132592 -0.0053164740734856575 -10.215736431230988 -0.0006684581666400854 0.9999753366855993 0.0069913649745867385 0.05205093761816624 0.005321276306004678 -0.006987710587673022 0.9999614272156814 0.2668587335080005
1561000502393945567 1561000503795441896 0.9988864847739269 -0.0060000126464970155 0.046795196166232435 -10.22277371084325 0.0065385336958259065 0.9999140558335139 -0.011363473222732276 -0.018792308375087042 -0.04672299340905766 0.011656791789213292 0.9988398675924385 0.46435769191528536
1561000503894068897 1561000505395457766 0.9995881613097806 -0.0026535014054551447 -0.028573881423893926 -10.69250058492081 0.002691305525677088 0.9999955532601305 0.0012846534695375401 0.036329204350043776 0.028570345533489236 -0.0013610254445014236 0.9995908577842452 -0.1368575315168758
1561000505495491755 1561000506997077867 0.9999952154147308 0.00016506223908475007 -0.0030889969422373256 -10.68343818141974 -0.00016961486410420904 0.9999988998428531 -0.0014736159219796647 0.02953012848642162 0.0030887503055117295 0.0014741328111351868 0.999994143259855 0.2502481282901911
1561000507097158626 1561000508690562955 0.999446685920214 0.009367660589107337 0.03191502683985521 -10.622902720683651 -0.008871801500508938 0.9998382777007457 -0.015643196046078806 0.0448331128060506 -0.03205640561942254 0.015351396662447109 0.9993681611294599 0.30721812680000876
1561000508790282838 1561000510490613082 0.9995641747032368 0.0019679367512491774 -0.029454844674230093 -10.488113809403469 -0.001035238057072777 0.9994985660830344 0.03164719071475035 0.09984516122645781 0.02950235468577317 -0.031602905292293065 0.9990649966068714 0.06968795836226864
1561000510589673585 1561000513492032447 0.9999949034319325 -0.0016718398376284833 0.0027199378158497714 -10.311873973738647 0.001583454156895929 0.999480856358105 0.03217934813835471 0.06680114112567104 -0.0027723244935915817 -0.03217487723727501 0.9994784097176301 0.22988276246194528
1561000513591634621 1561000517694055772 0.9993587420819999 0.028849822827964104 0.021208308445002558 -9.927616397755997 -0.029039803004889925 0.9995403505005875 0.00870503088005018 0.0541316988657323 -0.020947421458041154 -0.009315333809381033 0.9997371805081062 0.32716781535270784
1561000517793711980 1561000520394090065 0.8337950902165648 0.5515156600218546 0.024823865158554195 -9.448186252559259 -0.5512473136409518 0.8341642690548269 -0.017215441785365514 3.7283372819505987 -0.030201767073924014 0.0006700618537090627 0.9995435979899692 0.4194650400655573
1561000520494014471 1561000522395306000 0.9398310664019761 0.34131538812406287 0.014878590506386707 -9.805607374749618 -0.3412579641300485 0.9399484361831767 -0.006319749570054359 2.481211028274653 -0.016142135656438236 0.0008620594724827921 0.9998693356183731 0.27740886929872627
1561000522493961658 1561000524096738874 0.9731488540572422 0.23017412809494417 0.0010856347548976937 -10.430555222589645 -0.23017647061054736 0.9731435964574612 0.003214506358806401 1.6977486470740515 -0.00031658231142642023 -0.0033780807556873338 0.9999942441564631 0.215834768531441
1561000524196661591 1561000525598359645 0.9994817255637274 0.030529561131616922 -0.010209121474075978 -10.0266022535095 -0.030833326264911923 0.9990420263949906 -0.031053751593562887 0.2716704525539275 0.009251283997532866 0.03135243840125045 0.9994655763710468 0.31226578166295405
1561000525697935709 1561000526996861177 0.9999103839618749 -0.009117263850171252 -0.009803037544353362 -10.228796704922598 0.009164161593310832 0.9999467274882481 0.0047497713463272116 -0.007026878234595029 0.009759210393328848 -0.004839182310798929 0.9999406683034071 0.10666673323372315
1561000527097368232 1561000528296730604 0.9999982355840717 -0.0014981452686733422 -0.001133309094250047 -10.273077728773716 0.0014989481695885888 0.9999986259868685 0.0007079398054541992 0.019859956627338724 0.0011322469403988729 -0.0007096373279459914 0.9999991072154741 0.22941341235798166
1561000528397976669 1561000529489218626 0.9999980047879623 -0.0019968431305907677 5.511451914605621e-05 -10.094682624508877 0.001996864120554153 0.9999979327469444 -0.00038345211357042563 0.03857415771303064 -5.434871149131132e-05 0.0003835614047080232 0.9999999249634325 0.2529530944202256
1561000529589970135 1561000530691036399 0.9997026767474634 -0.023668626370873542 0.005861248133825661 -10.442449338168867 0.023644421772350235 0.9997117553751452 0.00416503106906911 -0.09892660540626627 -0.005958139224752401 -0.004025206885495831 0.9999741488091227 0.2613600199160028
1561000530789175737 1561000531891096648 0.999076505283914 -0.042879998607992124 -0.0027280595793222387 -10.652295685261906 0.04289302599818615 0.9990676011104022 0.0049108789675270095 -0.22522086737800245 0.0025149374563091815 -0.005023358527210116 0.9999842203548596 0.25625049522610843
1561000531989277636 1561000533089458925 0.998935860766169 -0.04580785468169791 0.0053653075235997475 -10.782905267371891 0.04583386327414315 0.9989374032428908 -0.004829221440938838 -0.272325333814789 -0.005138390091231113 0.005069995248394444 0.9999739457083219 0.2861796623662314
1561000533189775811 1561000534289080089 0.9978281117094377 -0.06562810264881085 0.005657881679858611 -10.956842844930282 0.06562558194051284 0.9978441189917255 0.0006302290092211854 -0.40123214669640406 -0.005687044694307267 -0.0002575584444245574 0.9999837954618567 0.2508819034030459
1561000534391014332 1561000535390963004 0.9985122890488369 -0.05439532270928443 -0.0037891273135672223 -10.118117980809304 0.05438693508460787 0.9985173263014474 -0.0022826230339048365 -0.3366945845047346 0.003907673290713235 0.0020731481293902653 0.9999902160252904 0.19214006842358863
1561000535489432355 1561000536491059311 0.9988985019262698 -0.04625864318258272 0.007868975813977438 -10.12244489299593 0.04622764970569736 0.9989226145151482 0.004076102663020812 -0.24836054188713316 -0.00804905287231853 -0.0037078485863176153 0.9999607315323609 0.29567380431925755
1561000536589661760 1561000537690526449 0.9981070486229979 -0.0612472706764902 -0.0055759594481490145 -10.942192767117595 0.06112575778346065 0.9979329067622631 -0.01983822916542268 -0.41803994750227175 0.006779470811516884 0.019459841615568862 0.9997876541245233 0.20379408637954122
1561000537789438203 1561000538890926045 0.9988565253264745 -0.04756804391566592 -0.004787798111423995 -10.870606983233865 0.04755306048362047 0.9988635996360804 -0.0031962103638094527 -0.2916846359107368 0.00493439473085768 0.00296488112503147 0.9999834304770066 0.2785773278203828
1561000538989030536 1561000540091224628 0.9981360360217864 -0.061026869487057586 -0.0004180853143663713 -10.63528297901166 0.06102773928089583 0.9981328253222966 0.0025452018382441126 -0.36115827005237433 0.000261978975654064 -0.002565972475262594 0.9999966735706084 0.2968453610151699
1561000540189301305 1561000541490763628 0.9984193941561986 -0.055518951260925896 -0.008738387932719829 -10.849457611838744 0.055473093444290376 0.99844554880548 -0.005405735310832568 -0.39425351284350124 0.009024925290411547 0.004912445563665447 0.9999472079075435 0.2764418860014639
1561000541589960723 1561000542992678677 0.9982526280352352 -0.055189005757241415 0.021115498200993517 -10.398615423782104 0.05504728037298651 0.9984575309343653 0.007235733825328519 -0.30310754874133916 -0.021482261153956572 -0.006060739557212442 0.9997508589102303 0.21578326375615042
1561000543092681886 1561000544392565828 0.9979705402226362 -0.06365573055188214 -0.0016579552640379476 -10.462980071947042 0.06359960031678202 0.9977006002053158 -0.02342227976737952 -0.4892012453995991 0.003145105291827356 0.02326929990056149 0.9997242859883161 0.21658834188753906
1561000544492531139 1561000545691145791 0.9998926402052309 -0.014353443811412434 -0.002947323220987757 -10.438195037730498 0.014386468851975469 0.9998302885549019 0.011507545446068329 -0.06974152467255706 0.002781650119538026 -0.011548711572065698 0.9999294423526335 0.23252492503399488
1561000545793059487 1561000546890928643 0.999774642073851 -0.020971586592371295 -0.0032950905765829915 -10.269120536490853 0.020978957064054653 0.9997774562929564 0.002218388805677873 -0.11892110910601003 0.0032478341419772063 -0.0022870164379054318 0.9999921105334819 0.17584231688729687
1561000546993952718 1561000548096854676 0.9984589070412312 -0.05487514583674293 -0.0082782437406437 -10.999973505701 0.05487489978010176 0.9984932044385707 -0.0002570294127166255 -0.30003371429639236 0.008279874646225944 -0.0001976344891244831 0.9999657017200395 0.24096929048646046
1561000548195357782 1561000549195947370 0.9980481579568189 -0.062088246639835004 0.0067025389365112905 -10.490006333399968 0.062159692965416374 0.998005191132999 -0.011036803977318833 -0.4048721190907846 -0.006003912844950127 0.011431889641675845 0.9999166289895248 0.2852913615516392
1561000549296628673 1561000550296714203 0.9987122057539141 -0.050474311585592214 0.005125811947556448 -10.85017015223188 0.05049745692959678 0.9987140918227126 -0.004491062055069484 -0.32515950818515515 -0.004892537358539888 0.004744118959247845 0.9999767779371262 0.27738648198641536
1561000550395317777 1561000551395389086 0.9985265650335335 -0.054197609522636914 -0.002705188416194406 -10.746809334607068 0.054207580613134486 0.9985226100136941 0.0037597201388012425 -0.33344846494157127 0.00249742395392067 -0.0039008221548288338 0.9999892731725318 0.26910632964770165
1561000551497058112 1561000552495916016 0.9979624500003289 -0.060481284322051396 0.020321482133580912 -10.746051321288995 0.06021284102520967 0.9980932853321497 0.01357230822504761 -0.34989771335810765 -0.02110360549818979 -0.01232103979532206 0.9997013703168325 0.43441312067682336
1561000552595663493 1561000553589989034 0.9974181137204693 -0.07133578719088317 -0.008265100615453361 -10.85341721129308 0.07138688377381613 0.9974302856725514 0.006061191981655337 -0.43304889352039094 0.007811481766657474 -0.00663556245025471 0.9999474736522868 0.27059270915699973
1561000553689998717 1561000554690302199 0.99607707367938 -0.08844757457106464 -0.0027367577224327085 -11.129647593720472 0.08841041605560511 0.9960168439390371 -0.011577777101417693 -0.5776614131284394 0.003749883092867986 0.011290400446008549 0.9999292301130946 0.289995312968555
1561000554790269525 1561000555689058426 0.9977133853836505 -0.06724737820143575 0.006766886384114763 -10.265905228271931 0.06727032217725674 0.9977295841853918 -0.003221893143367022 -0.4033451180982385 -0.0065348588715166064 0.0036697365426095066 0.9999719139322087 0.37586600606623516
1561000555789971172 1561000556689069639 0.9992488527998902 -0.03835456528266963 0.005536921535239155 -10.537227620021808 0.038479188549150035 0.9989590523917451 -0.0244982385734057 -0.29485410671188783 -0.00459153859933599 0.02469289303783053 0.9996845396457504 0.28322674385059854
1561000556790139319 1561000557690945222 0.9999131918528239 0.006665828921135168 0.011365539296542684 -10.273724699156745 -0.006757718306229955 0.9999446367833458 0.008065767882203867 0.06486344576927186 -0.011311145034908073 -0.008141872820802962 0.9999028792362673 0.28595242069910637
1561000557790779027 1561000558790532107 0.9968485332889666 0.07920014311857025 0.004509879115959506 -10.471580988613058 -0.07909666596834203 0.9966711470391066 -0.019757077022054932 0.4009755240507833 -0.006059629719262351 0.01933809684951994 0.9997946383622567 0.3320417083153299
1561000558888877118 1561000559992026989 0.9909274608693773 0.1342248052961861 0.0068168129047763 -10.023329551699957 -0.13430460067317113 0.9908542918738567 0.01304018838773803 0.8381269130810374 -0.005004151576228873 -0.013837410103359152 0.9998917364138167 0.2972023989205979
1561000560090474223 1561000561392443110 0.9633890424164062 0.2680942141383433 0.002654297940666701 -10.559414531433948 -0.26809624334757826 0.9633920364301486 0.00043410355804018717 1.6925179277073152 -0.002440748846103364 -0.001129817917707414 0.9999963831217411 0.2711781601180396
1561000561492274203 1561000562890161907 0.9481470769457578 0.3176439392094533 -0.010929243465827116 -10.418256794139367 -0.3175592619447038 0.9481974890118868 0.008811185204713435 2.1500813649681243 0.013161900788626923 -0.004883617007654211 0.9999014524704881 0.13371221090848237
1561000562992276036 1561000564494007208 0.9346222670572061 0.35561386199654177 -0.004472032731914909 -10.437075201058237 -0.3555853485946356 0.9346239529158141 0.0060931519638944475 2.4905450160495786 0.006346478211083973 -0.004104606184114429 0.9999714368032727 0.12818682232848502
1561000564592149129 1561000565896362662 0.978349934174783 0.20682419762848633 -0.00742681462970177 -10.022110669247422 -0.2067282263590696 0.9783253344897349 0.011957437935597892 1.6700745930019592 0.009738928413518541 -0.010163226401294792 0.99990092614343 0.15102222192768633
1561000565996351812 1561000567196173553 0.9998514278378355 0.010500020906750002 0.013670106495552501 -10.327744992994296 -0.010667118139532084 0.9998685731316722 0.012208564790178416 0.20518581765260546 -0.013540119690727544 -0.012352571578278555 0.9998320254593612 0.23753244303409374
1561000567294797825 1561000568396389908 0.999991613092524 -0.004057183414290601 -0.0005594706093457496 -10.276682806942935 0.004054100492897221 0.9999771713440813 -0.0054056507371694415 -0.04856505864437645 0.000581389553898299 0.005403337250402834 0.9999852328573472 0.16303126910591764
1561000568496124156 1561000569595351203 0.9989538963656132 0.045562994451062114 -0.003889276618047265 -10.894829538658444 -0.04560974020820851 0.9988757548412579 -0.012921996302808441 0.2932919387411972 0.003296139271797111 0.013085867451659381 0.999908943623839 0.16858733931558265
1561000569695713135 1561000570697748970 0.9998004545736998 0.01996362946700855 -0.0007103046770834797 -10.555446089371992 -0.019950238318973437 0.9996809643684058 0.01549056068949624 0.2783352389806481 0.001019325878423536 -0.01547329887137299 0.9998797617697825 0.19829827365230207
1561000570796444167 1561000571788486419 0.9998196863414701 -0.01897519359002189 0.0007326883845998494 -11.0399087901944 0.018976627267920102 0.9998179231368158 -0.0020020469309433627 -0.03260536590018938 -0.0006945657509061987 0.0020155898889149724 0.9999977274853301 0.23435779380627458
1561000571889663698 1561000572889366016 0.9997984703413116 -0.02004067125621199 0.0011790669102885348 -10.886897248352621 0.020022601466172265 0.9997051598129257 0.013736406878823387 -0.033356381587308796 -0.0014540060884800793 -0.013710030598586376 0.9999049559469622 0.24753423987887208
1561000572989392895 1561000573988830815 0.9998880900539818 -0.014817051474463059 0.0020645468773480865 -10.636947439103228 0.014824921927395901 0.999882690720813 -0.003850517726011391 -0.05679306300069274 -0.0020072513674922747 0.0038806935610527457 0.9999904555341725 0.2345536077228805
1561000574089592996 1561000575089606562 0.9999793172260497 -0.001999308507623272 -0.006112927745686629 -10.161272199923696 0.001990242961436426 0.9999969112944996 -0.0014887358451690642 0.0126664489433332 0.006115885306893914 0.0014765388425623715 0.9999802076941167 0.2534259164080564
1561000575189703149 1561000576489072627 0.9999992419693386 -0.00034808299649338883 0.0011810584144434058 -10.90555452627386 0.0003490200127669909 0.9999996244643995 -0.0007932566332177773 0.024891176360187044 -0.0011807818517679744 0.0007936682449281151 0.9999989879219631 0.32661766840965245
1561000576590285464 1561000577988828071 0.9999854360782479 -0.005273115893179128 0.001149730483541742 -10.18173064596571 0.0052991851969643 0.9996981123620892 -0.023991723071475304 -0.047616511871984915 -0.0010228722578890898 0.023997466292656432 0.9997114960546842 0.2597623263543067
1561000578088748691 1561000579690396488 0.9999808296830683 0.003624382577236672 -0.005020370235304254 -10.692803349153596 -0.0035246861596486224 0.9997991934471029 0.019726869239716678 0.0765910505395841 0.005090859833238965 -0.019708795839896463 0.9997928017907997 0.25856055537030176
1561000579791058428 1561000582191843207 0.9757489731345208 -0.21868393474703915 0.009553957844777161 -10.404634671986386 0.21873693654758575 0.9757715852147956 -0.004895516029737332 -0.6270280060298802 -0.008251909883272379 0.006866598209850977 0.999942376245913 0.3292556519455087
1561000582293147335 1561000584791982482 0.5008049716576743 -0.8655564941119827 0.002517114128976625 -7.8371965428382655 0.8653924078309557 0.5006485477669427 -0.021142660367123426 -6.595471737123413 0.01703997745033186 0.012766640882785372 0.9997733003281656 0.05008122815398018
1561000584893540879 1561000586793363101 0.967005849032202 -0.25453227187628535 -0.010630640197911894 -10.423900954466117 0.2544169496175523 0.9670310081275121 -0.011092568106144621 -2.063666784769426 0.013103575268626967 0.008021963187795387 0.9998819652447982 0.1209530119304721
1561000586894802025 1561000588397337566 0.9999612050722485 -0.0011280146944449513 0.00873589911269372 -10.431354191329673 0.0011660133831240596 0.9999898769664338 -0.004345845998829807 -0.010516404780085146 -0.008730908500747253 0.004355863577327375 0.9999523977116381 0.2578310378737872
1561000588496234299 1561000589789561905 0.9999928187402496 -0.002556983871172808 -0.002797195277646617 -10.442599203009559 0.002562084440361578 0.9999950591053571 0.0018213973201966136 0.04523819397215134 0.0027925241734287156 -0.0018285508907668502 0.9999944290896748 0.1878034780516223
1561000589890639655 1561000591091417785 0.9999817976401746 -0.006032542473399912 0.00011322386661418464 -10.727247862425328 0.006032009838240094 0.9999728674541266 0.004228381828459171 0.01632793864383429 -0.0001387286875363568 -0.004227621894454326 0.9999910539437219 0.20568374544646809
1561000591191116878 1561000592291026443 0.9999892341521188 -0.00437769165276002 -0.0015386343475723076 -10.656222016039216 0.004378093498964047 0.999990382846298 0.0002578996424338524 0.017174442236290565 0.0015374905451774246 -0.0002646331509600129 0.999998783045322 0.2515161892244797
1561000592392240712 1561000593490419517 0.9999815610836328 -0.002280976011714078 0.005628022848239935 -10.673113085292414 0.0023111568226519908 0.999982953972986 -0.005361932263316964 0.015243167989068775 -0.005615696473941194 0.005374840638500212 0.9999697870642064 0.2969266969301182
1561000593592355810 1561000594690784398 0.9999950317931758 -0.0028151102837322894 -0.001418288780721318 -10.833509315119253 0.0028060188030348573 0.9999757623009197 -0.006371896827195699 0.03531937898157774 0.0014361919969501753 0.006367885425307848 0.9999786934669015 0.22810037757453624
1561000594790734101 1561000595792217709 0.9998813813567823 -0.008703255282575682 0.012707342898338558 -10.181835075910868 0.008690601402075013 0.9999616840317019 0.0010506739530625035 -0.020291506363885138 -0.012716000287823066 -0.000940114871534992 0.999918706456037 0.2394351871414186
1561000595892065587 1561000596892164844 0.9998180961897463 -0.017181064552119964 -0.008281639473517273 -10.54625435606511 0.017204343320278006 0.99984821832719 0.002747886254450565 -0.06981517469989107 0.008233170861304814 -0.0028898665722276898 0.9999619310597635 0.17972492052311137
1561000596990465141 1561000597992306612 0.9999881553823808 -0.003115872526757772 -0.003739041768751982 -10.528579247850908 0.003091554602673378 0.9999741475527071 -0.006492034841320652 -0.0007390345343880206 0.003759173458376614 0.006480398493860982 0.9999719361313512 0.24236562442832382
1561000598093209784 1561000599193372130 0.9999806849883004 -0.0013874820759389947 -0.006058427504157139 -11.047251465359306 0.0013769137768750892 0.999997523916161 -0.0017482190948525586 0.0064160911703956 0.006060838125641708 0.001739843395683757 0.9999801193954722 0.2954608737821775
1561000599294608291 1561000600394577832 0.9999647531433833 0.008197816863295989 0.001813358640518534 -10.183127863523541 -0.0082164159416936 0.999911129300953 0.01049876226876543 0.0979767605914474 -0.0017271305556975638 -0.01051329152923913 0.999943242249913 0.30578078876732523
1561000600493902605 1561000601693601727 0.9999086496146561 0.01350203743602228 -0.0006224233858737033 -10.33808024665398 -0.013511078296224268 0.9997455912553687 -0.018061105412700066 0.08206467344769672 0.00037840331450347104 0.01806786513486136 0.9998366911953201 0.29362519935743725
1561000601794752418 1561000603194755568 0.9985258263933434 0.05402543520447417 -0.0052370198074601125 -10.480801285781112 -0.054129854573388286 0.9982820932350353 -0.022423674323150237 0.17095921588168214 0.004016574331513415 0.02267409705487413 0.9997348410720677 0.26543932221701294
1561000603294425677 1561000605094662215 0.8283810599048687 0.5601353935791502 -0.005758511164598568 -9.76417105531889 -0.5588735660775298 0.8271252521731689 0.059364588411512584 3.5653562553205043 0.038015217093707705 -0.04595822099928831 0.9982197579651136 0.15353877220021303
1561000605193653005 1561000606795615827 0.8997250269214222 0.43564487690346265 0.026616107135088433 -9.277809398122914 -0.4357876899083884 0.9000493641598231 -0.0004810403539696823 3.4047923950672723 -0.024165373069136308 -0.011166167797328212 0.9996456129254871 0.3508940261915345
1561000606894442455 1561000608396018493 0.9991011093987794 0.042187094571754735 -0.004149969846582122 -10.63697601899135 -0.04209245460522809 0.9988987040538988 0.0207268980976581 0.4960138563001552 0.0050198071118387 -0.020533584466385306 0.9997765617604403 0.18615298356640453
1561000608495993102 1561000609894307641 0.9999672186466324 0.00212700364639792 -0.007812649205617814 -10.824359008239776 -0.002178912873879873 0.9999755693635609 -0.006641762922532318 0.0677246242256782 0.007798331283670637 0.006658568278488141 0.999947423366686 0.19358424803949908
1561000609994590895 1561000611194505558 0.9999927877697705 0.0014430910408912148 0.0035131035700554443 -10.049262062675348 -0.001488990069282874 0.9999131124360021 0.013097728318913418 0.09028793688945878 -0.0034938971106509517 -0.01310286483140921 0.9999080495806609 0.2786942195744093
1561000611295738860 1561000612396880202 0.9999936732757471 -0.0030551931136570255 -0.0018218681395206205 -10.00208815015847 0.003036591737270327 0.9999441111617886 -0.010126878269350038 0.02564958492586802 0.0018527058861784503 0.010121281929644833 0.9999470621652964 0.21556548530712405
1561000612497487221 1561000613589390971 0.999935990848181 -0.008200798051148813 0.007794941808537579 -10.762570972834686 0.00828414690463244 0.9999082098827646 -0.010721227500177313 0.013358002942708024 -0.007706303688325778 0.01078511568655345 0.9999121432221405 0.2729956436432909
1561000613688098779 1561000614688157004 0.9999005794037413 -0.00437194873057684 0.013405870817017123 -10.43744623661045 0.00433174988557992 0.9999860390149475 0.003026172189691152 0.062404308342249054 -0.01341891392751821 -0.0029678004464699028 0.9999055579951132 0.3045481230170283
1561000614789418236 1561000615788393845 0.9999557881465228 -0.002181746957962659 -0.00914667876798154 -11.00522083138238 0.0022887297537546674 0.9999289070135267 0.011702249136397487 0.09495873574280271 0.009120497156816962 -0.011722666034117589 0.9998896917323795 0.17234043930629633
1561000615888084431 1561000616888927426 0.9999649862021384 0.005661502375009085 -0.006162285340352904 -10.831777621055407 -0.005691641309596326 0.9999718736755685 -0.00488437068357148 0.09060601589821524 0.006134459141690871 0.004919273181008294 0.9999690841033135 0.2632082078167048
1561000616989599470 1561000617988661667 0.9979702359792356 0.06338370406225112 0.006157447433947698 -10.409315922361452 -0.06326165681179956 0.9978287349513687 -0.018324259406184696 0.3639922504168347 -0.007305537418906871 0.017897535157331914 0.9998131362201234 0.2899582226074352
1561000618089234626 1561000619089042224 0.9907817417052963 0.1354080651534274 -0.004024449630142233 -10.129147860805485 -0.13545338083180397 0.9906729012265252 -0.014818380365476613 0.8409105543709434 0.0019803849769363378 0.015226906016148881 0.9998821027543827 0.27589325114826224
1561000619189354132 1561000620188662610 0.9957861708290032 0.09170452931146736 -0.0004257810298324189 -10.184864432889825 -0.09169291358166609 0.9957155518252476 0.011956147049157989 0.7407247921347773 0.001520389630599465 -0.011866724784775816 0.9999284320681587 0.2375743354112955
1561000620289382746 1561000621288985025 0.9999706439670357 -0.007649831068350659 0.0004373657256472271 -10.278512024732924 0.007651774922297974 0.9999600039295097 -0.004630429984271785 0.006851772612920366 -0.00040192622558236826 0.004633640677307818 0.9999891838561978 0.24433581799037585
1561000621388111508 1561000622388411651 0.9999835757765227 -0.0020338878714258515 0.005358309185607275 -10.32937420595563 0.0020124251428053188 0.9999899435701961 0.004007855229711714 0.032722511546736874 -0.005366406828288336 -0.003997006207674025 0.9999776125589735 0.2547799516608724
1561000622489401755 1561000623591126790 0.9999119884250386 0.010962007791848302 0.0074732716446247495 -11.105477560055608 -0.010985659092379587 0.9999347535804773 0.0031311142220298467 0.07364462975877484 -0.00743846074190753 -0.0032129374623290023 0.999967172628525 0.34264645212241907
1561000623688517993 1561000624789952155 0.9921684871495667 0.12484921133428604 -0.00379045334435077 -10.583751624801208 -0.12478531290878332 0.9920852254224581 0.013983246430384918 0.7752840043419739 0.005506250049310222 -0.013400743549633424 0.9998950451336025 0.23604417934499425
1561000624889183995 1561000625990035027 0.99029377484661 0.13838341906573712 0.012971847506646445 -10.151386356584776 -0.13862669801893507 0.9901379733860828 0.02023443241797474 1.034645457858281 -0.010043808860450441 -0.02183627684812596 0.9997111077291274 0.30107224005440647
1561000626089098204 1561000627291584681 0.9914613430650778 0.13032287116925154 0.00451159149309593 -10.40107651860107 -0.1302996426904158 0.9914614970505318 -0.005109107659304431 0.808480169631159 -0.005138902835098326 0.004477623982243175 0.9999767710107763 0.23706008846446677
1561000627389930939 1561000628692939181 0.9829569929727257 0.18363145844154813 0.008662415174049065 -10.52727715807866 -0.18367569630451155 0.9829760599430695 0.004615643602429799 1.2814461150414618 -0.0076673693710168364 -0.006128054294850681 0.9999518280384786 0.326937161752454
1561000628792975902 1561000630094347606 0.9928304183016381 0.11953136235857471 -0.0001179309244392018 -10.326858215384318 -0.11952887105211513 0.9928023152304092 -0.00751078279249309 0.8523586728876248 -0.000780692004745273 0.007471029771905072 0.9999717867190874 0.2367687252515276
1561000630195721221 1561000631494274210 0.9851520208718416 0.17168022408694 0.001181706221698634 -10.630711321580206 -0.17168019563537845 0.9850576437270747 0.013687547679026586 1.2284258691803465 0.0011858325064113097 -0.01368719081209806 0.9999056228509513 0.23019735370131944
1561000631593245621 1561000632794433482 0.9900620741639924 0.1406135023934556 0.0022208662148729317 -10.403683729132869 -0.14063015447023705 0.9898763489105475 0.019182635929562455 1.1311728810461534 0.0004989546829972961 -0.01930432107520975 0.9998135297304502 0.20439936020951058
1561000632893425805 1561000633994599260 0.9966800073551132 0.08104622590974848 0.007776387619275874 -9.959884886260905 -0.08096073506626615 0.9966594005252339 -0.010742379728228819 0.516799898781689 -0.008621039157141273 0.01007713304872519 0.9999120606700272 0.23472744879089893
1561000634092911255 1561000635188533328 0.9935551382594447 0.11272135811150417 -0.011919843277629221 -10.100848573979512 -0.11288080062265234 0.9935144283562664 -0.013674995382657849 0.7029462342318245 0.010301072228368681 0.014932383380589522 0.9998354423791609 0.19722127064768466
1561000635289187118 1561000636389464734 0.989136335155391 0.14686428585739927 0.006339717262606076 -10.289862043531024 -0.1469005217998777 0.989134926803941 0.005686235265316701 0.9978298420669909 -0.00543573088904733 -0.006555769685106796 0.9999637366992585 0.2811906605026546
1561000636489388871 1561000637588603006 0.9939161713115129 0.11013918493193171 -6.593940061262975e-05 -10.479163835988057 -0.1101332506950715 0.9938684885171019 0.009802786546499097 0.8565634212878769 0.0011452060127136 -0.009735885951941888 0.9999519493595312 0.28193416525827547
1561000637689291815 1561000638788984551 0.9982080999420301 0.05802690070666735 -0.014610544292075924 -10.112463821789309 -0.05800799250004025 0.9983146456094453 0.0017149833280266549 0.4309049736511157 0.014685435514395122 -0.0008643819055852406 0.9998917895590984 0.23076486727703188
1561000638888089311 1561000640189109779 0.9958046937924536 0.09054225110629455 0.0132330112042855 -10.219468879592402 -0.09056142346258843 0.9958905042685762 0.0008556214863479939 0.5446250691604851 -0.013101160305757536 -0.0020504322235716413 0.9999120737976733 0.3967436811316475
1561000640289062683 1561000641790093836 0.941835185185737 0.323102174608619 -0.09247415157402342 -10.6485569451479 -0.323787361943961 0.9460967991945495 0.007911434711954187 2.3120108209622687 0.0900457005721217 0.022490694009140676 0.995683654827914 -0.39912182531411355
1561000641888144600 1561000643189149957 0.9926514762225113 0.11542663903069511 0.03632819504673204 -10.599771867883025 -0.11581592542435927 0.9932317702757489 0.008793289089097262 0.9845891418785887 -0.03506733767160845 -0.012936054923477606 0.9993012260132867 0.46471711780456826
1561000643289222839 1561000644489415393 0.9978629097594317 0.05905582840741667 0.02796466444592609 -10.046413153526306 -0.060064038187819836 0.9975195998003266 0.03670094454901548 0.44350320817175426 -0.02572789620297365 -0.03830218199178957 0.9989349419314812 0.4634698769381215
1561000644588053762 1561000645890777090 0.9916704039707904 0.1278967733720617 -0.015238938592727144 -10.661787773639404 -0.12762370723376645 0.9916643704547192 0.01771907792635725 0.9081739288875518 0.01737812533986402 -0.015626635327708967 0.9997268672132467 0.2072098335064596
1561000645990211960 1561000647291295655 0.9795145878888557 0.19453610212919323 0.05202765688851039 -10.414341191355204 -0.19366135561351008 0.9808348929523006 -0.021405422424974792 1.1758299619072758 -0.055194668717784647 0.010891176962763248 0.9984162112112913 0.36726444487739324
