1566535941855397730 1566536275742877130 0.9999431158280752 0.0075096379163604845 0.007574328116419947 -9.568466333698687 -0.0074950142472430415 0.9999699965560879 -0.0019572299441926277 -0.4061661151615472 -0.007588798948691992 0.001900348911642416 0.9999693989340681 0.1186724109394726
1566535946855789011 1566536276342506509 0.9999212461116518 -0.010366716458318341 0.007073384225678546 10.007690234809354 0.01033994774243954 0.9999392807065577 0.003810561735613367 -0.3248557797849059 -0.00711245774784604 -0.003737123215804118 0.9999677229065242 -0.27211666277715657
1566535944248010187 1566536276844246180 0.9993634313819058 0.03566964699601321 0.0006389833924825438 -9.611160954693927 -0.03567056151357916 0.9993625040676697 0.0014820610331140592 -0.21491814775758053 -0.000585711449291387 -0.0015039104959778012 0.999998697596817 0.18988480503686506
1566535948547607997 1566536277444174068 0.9998225716721401 -0.002493746031167086 -0.018671004408955007 9.868964175590834 0.002537839114212113 0.9999940459407273 0.002338259123628588 -0.06493475822788503 0.018665062216278384 -0.0023852282555130496 0.9998229473955085 -0.11301698249420679
1566535949347780823 1566536277945526812 0.999944902828746 -0.0077486842795240485 -0.007081609898339576 9.723073639867337 0.007729006822920164 0.9999662055405988 -0.002801826237887706 0.06218166112933097 0.00710308104608457 0.0027469380539660087 0.999970999864993 -0.1207328751138243
1566535950248493889 1566536278447187679 0.9999010152514393 -0.013488612981102877 0.004002126808539848 10.164768830197948 0.013522608161927494 0.9998716464436042 -0.00859242146682089 0.17876681588842075 -0.0038857132735946776 0.00864569014078852 0.9999550756280831 -0.2642445861233377
1566535947755935754 1566536279047005123 0.9992154050618121 0.03558572140608549 0.017384784128082666 -9.789029400374305 -0.03562884686737032 0.9993627195750522 0.00217715283436454 0.34032131153066514 -0.01729622959124369 -0.0027948444627928755 0.9998465028625005 0.2951062042849349
1566535948648638379 1566536279548819909 0.999717796690174 0.020197217033488056 -0.012505974773911976 -9.534382398464075 -0.02016888651733923 0.9997937369846304 0.0023873631866704868 0.317008019744306 0.01255161334626323 -0.0021344578788734326 0.9999189472612158 0.18656302193505467
1566535952849954147 1566536280140842613 0.999560850069023 -0.028142613972292323 -0.0092790240928421 10.041538241156994 0.028136469155163376 0.9996037773196903 -0.0007921311125553352 -0.04245417664351429 0.009297640173162107 0.0005307042730534894 0.999956635179849 -0.15936129907963245
1566535950648195734 1566536280740697397 0.9999251575744359 -0.010983855828315223 -0.00538833563263072 -9.760080086120972 0.011002314328606978 0.9999336649639448 0.0034080421349628976 -0.03547112111208889 0.005350544753724881 -0.0034670712311613066 0.999979675337414 0.2003998771866813
1566535951748707835 1566536281440833930 0.9998034336115812 -0.019616806690140397 0.002876635844799981 -9.682934748107389 0.01963242838127834 0.9997921000534487 -0.005506761895478472 -0.3011657406354158 -0.0027680127087693135 0.005562154798382901 0.9999807000835833 0.24162751666235227
1566535955352616579 1566536282040708583 0.9999940116974175 -0.0032494974808761753 -0.0011905189783679541 10.059164261581078 0.003242074966931054 0.9999756204559197 -0.006184451771229302 -0.44408815607887225 0.0012105863145101352 0.0061805549850835135 0.9999801674137696 -0.22010867729497996
1566535955948120285 1566536282541021240 0.9999652606979912 0.008326414570859579 0.0003849903942590413 9.958726365273463 -0.008325652219944118 0.9999634571430113 -0.0019411063118677013 -0.49300139059560155 -0.0004011387814889721 0.0019378335830586132 0.9999980419424281 -0.24137412918940077
1566535956648315241 1566536283140943476 0.999797880807597 0.019760739808230326 -0.00370279554762203 9.742284423362289 -0.01976992377847575 0.9998015287974477 -0.0024603105663848516 -0.46124382143050685 0.003653443092387364 0.0025330172761437748 0.9999901180396978 -0.17471317222676835
1566535954852660203 1566536283740816203 0.9999965347083535 -0.0006161330776807594 -0.002559482627034237 -9.677604068172462 0.0006070274742470723 0.9999934901463383 -0.00355685009506314 -0.4167339357614496 0.0025616574581738922 0.0035552840932656254 0.9999903988869543 0.2007859786841594
1566535958048090380 1566536284240958261 0.9998347870853334 0.018170046042947443 -0.0004979566484002579 9.978787420220732 -0.018162537275980422 0.9997591715351465 0.012317514808669461 -0.22471846652957142 0.000721646537474025 -0.012306435639958186 0.9999240125470146 -0.20801562415204694
1566535956047964913 1566536284744066196 0.9999586491775145 0.009090868575207828 0.00023673535491040428 -9.60532455625382 -0.009089965023560962 0.9999523025340271 -0.0035728409948529794 -0.2012473468745155 -0.00026920429115739127 0.003570541338843023 0.9999935893612542 0.24831311160066602
1566535956748306317 1566536285343955215 0.9999571449230742 0.008936829808460594 0.0024168968259737924 -9.713737593324122 -0.008910254004689006 0.9999020683650593 -0.010791712230044897 -0.09402681284100073 -0.002513103830856933 0.010769714585764412 0.9999388469085921 0.2307653958518991
1566535957348060094 1566536285844124620 0.9998434567766127 0.0013642300920587065 0.017640884820771637 -9.737255170413873 -0.0013508406682584946 0.9999987904758346 -0.0007708932301615142 -0.06677770140422411 -0.01764191515943709 0.0007469425274101987 0.9998440902992711 0.3208223760391746
1566535957948166609 1566536286344164275 0.9997919585446535 -0.0033355909758161885 0.02012246163580167 -9.865425927172893 0.0032879304139684256 0.9999917119745049 0.0024011447053553566 -0.07158272178316567 -0.02013030409693673 -0.0023344839141000127 0.9997946394344325 0.21701357636008164
1566535958748393258 1566536286944006245 0.999925919040001 -0.005992856540609521 0.010594437337063396 -9.706886181380526 0.006023716214712981 0.9999777004284649 -0.002883312117872465 -0.0852850158602526 -0.010576921809765326 0.0029469164033158715 0.9999397203875571 0.279560907028956
1566535962052914728 1566536287444575438 0.9999266725748477 0.011887499736876403 0.0023101565734686153 9.642423932317794 -0.011900064838722621 0.9999140454718746 0.005503646510101295 -0.23457595738169063 -0.0022445334086093186 -0.005530733954885573 0.9999821863671896 -0.19764232469821497
1566535962855737393 1566536288044170532 0.9998356571467428 0.017067080205215208 -0.006113384594716425 10.063372588902304 -0.017063510073427855 0.9998542056438852 0.0006356730368880216 -0.30266716536151783 0.006123342380450991 -0.00053125276895259 0.9999811110458963 -0.20045177772304335
1566535963547914234 1566536288643986798 0.9997299655642664 0.015026562489469307 -0.017725641670437133 9.717889793504446 -0.01505013074390799 0.9998860239313939 -0.0011969591728893181 -0.35790531117903157 0.017705635189677698 0.0014634091773544618 0.9998421720032239 -0.06869692952393852
1566535964147869905 1566536289145684922 0.9989478853454827 0.01318145708187773 0.04392461215537562 9.66410209880435 -0.013158493719181675 0.9999130936606133 -0.0008118923044876627 -0.3768752586721224 -0.043931496751689725 0.00023305636753249534 0.9990345185617502 -0.6446881265895325
1566535962052914728 1566536289647133833 0.9994879190287563 -0.03199758371486798 -0.00023313510133464237 -9.856261332326977 0.03199796053987609 0.9994862259396979 0.0018478847663660452 -0.4661117764571357 0.00017388747506015821 -0.0018543983475129355 0.9999982654834567 0.2314169417496216
1566535965447982229 1566536290247223152 0.9989657404109048 0.008191279639414661 -0.04472529958724008 9.821721257742475 -0.00823075548367425 0.9999658827685373 -0.0006985435658691752 -0.27316604067995387 0.044718051718153386 0.0010659440953244496 0.9989990788853231 -0.15879976733676282
1566535966148318161 1566536290847018910 0.9999850043583193 0.005071493542989419 -0.0020666426252394093 10.07051489204946 -0.005052055819080888 0.9999439492797113 0.009304570430567675 -0.1898781265029553 0.002113714857291034 -0.009293990108662682 0.999954575947017 -0.21708121954530948
1566535964147869905 1566536291348438381 0.9984075973571936 0.007275247093837382 0.05594050696186676 -9.650479656900712 -0.007652467625116303 0.999949385127389 0.006531992238898756 -0.14460926518238465 -0.05589015368267953 -0.0069496735956532055 0.9984127366766931 0.6652531438920333
1566535967250049716 1566536291848575077 0.9999346618661675 -0.00847671763725629 -0.007669240947138501 9.87109076236149 0.00845014902362608 0.9999582062008395 -0.003490105024137154 -0.04337691748289968 0.007698505055236657 0.0034250707582868193 0.999964500325001 -0.18292925879926705
1566535967949937742 1566536292448291132 0.9997737705333058 -0.0212698530406442 -3.3245340002221924e-05 10.068449913215812 0.02126977759818022 0.9997726088324834 -0.0015255127706485473 0.08666865302355882 6.568521274891255e-05 0.001524460533720075 0.9999988358520928 -0.22321585067757507
1566535966148318161 1566536292948448133 0.9995699794987852 0.029188079803767933 0.0028128423657682645 -9.290347159256951 -0.02919937198685526 0.9995653591265744 0.004060727735613178 0.14192320747668247 -0.0026930949442969285 -0.004141114770015032 0.9999877991296203 0.24092356063952483
1566535966748968878 1566536293540573936 0.9994466842056923 0.03320067860344383 -0.0020100672920442446 -9.944846252991622 -0.033196326657884974 0.9994465136843789 0.002161060056366813 0.2645258423413132 0.002080703407678766 -0.002093137457274009 0.9999956447149785 0.22025373764318587
1566535969750659125 1566536294040811694 0.9986467320762539 -0.002942198422575442 0.05192348198907658 9.770099959197301 0.0030164502348233404 0.999994536930505 -0.0013517163650547035 -0.06485065791283656 -0.05191922130972881 0.001506511730094647 0.9986501513948783 -0.7852537171464244
1566535970451855095 1566536294640606734 0.9994130271501267 0.009227456595696421 0.03299174453411398 10.047860272226242 -0.008991993531557807 0.9999330829987848 -0.0072782949150703635 -0.1426528862262593 -0.033056696975924456 0.006977361200115992 0.9994291226573969 -0.20706298416924357
1566535970954835091 1566536295140668178 0.9975278983235562 0.013183917423743677 -0.06902373785562212 9.685644534154978 -0.01338761925121604 0.9999072829366367 -0.0024894138005684325 -0.11276353748350748 0.06898451795136562 0.003407323238245191 0.997611911732908 -0.14993138241817822
1566535971454472057 1566536295640904526 0.9999391784808515 0.00912815276101824 0.006190005347918478 9.559177793243848 -0.009174363592106488 0.9999299487095495 0.007478551089331743 -0.07934177854949 -0.006121306373281094 -0.007534885592192649 0.9999528764433873 -0.18781049008266518
1566535971955273736 1566536296141075728 0.9999409154542329 0.008477143136472682 0.006804678155599815 9.446338488430642 -0.008533434565325836 0.9999292547194233 0.008286498101667945 -0.09161974824985192 -0.006733950926226378 -0.008344075773470142 0.9999425134998566 -0.2119902834676452
1566535970250388237 1566536296740274484 0.9999579864080367 -0.008844356491295962 -0.0024088953974100743 -9.689870515413546 0.008828238168460407 0.9999391066651079 -0.006621568744057711 -0.0812972026302349 0.0024673122262400845 0.006600024245879176 0.9999751757170439 0.16521850706777635
1566535970752694755 1566536297240524007 0.9998993326082275 -0.013162788224346876 -0.005297702878375708 -10.169123809086495 0.013117334095494551 0.9998776211011239 -0.008525160842173717 -0.11202169532142875 0.005409269438075027 0.008454810897872894 0.9999496267196859 0.1674624520358853
1566535971354328354 1566536297740875395 0.9999169063215845 -0.012883279599921664 0.00044895324742468137 -9.595542217470943 0.012885142436304385 0.9999071781901717 -0.004428104354326588 -0.13263010133596012 -0.000391863068277205 0.00443352123338756 0.9999900951173541 0.21561227625459145
1566535974355837612 1566536298340813999 0.9999808383426864 0.005777601782204853 0.0022231205784889814 9.725124237561673 -0.0057901262223727466 0.9999671670921662 0.005669142439658687 -0.146316103054783 -0.002190293539512847 -0.005681905958251402 0.9999814591075655 -0.26084225338595873
1566535974953262184 1566536298841341209 0.9999910497355091 0.0036700316861556525 -0.0021050691927884282 9.810112454373268 -0.0036643454818168896 0.9999896446818671 0.0026987221473169275 -0.16166917779751494 0.0021149517899199813 -0.002690984292254482 0.9999941427740819 -0.22693392814086508
1566535975655184393 1566536299440634964 0.9988297816978188 0.0024545341553133 -0.048301578189347265 9.64392214701174 -0.002148101649515124 0.9999772443190621 0.006395037401321649 -0.1648685874140138 0.04831617589177096 -0.0062837971117286765 0.9988123252348579 0.1501409522076642
1566535973655770534 1566536299942310032 0.9999604677387918 -0.006877139428462195 0.005636303124570007 -10.0173366655411 0.006902049693984946 0.9999664467997121 -0.004412140613843148 -0.183410302456903 -0.005605771102383009 0.004450868236203971 0.9999743822230138 0.26003535915690706
1566535974355837612 1566536300542330797 0.9988602592229765 0.0020483793254002644 0.04768633648282416 -9.558966273886503 -0.0017273927638843001 0.9999755815368729 -0.006771443290207202 -0.15170143247959073 -0.047699042540213836 0.006681352567593557 0.9988394069461912 0.3326687413322326
1566535977455513077 1566536301042438224 0.9981148057685965 0.023594940169496443 -0.05665786180160939 9.754028053432727 -0.0232799024943578 0.9997096737389203 0.006214046401874104 -0.17287952012894522 0.056788032589494206 -0.0048833422191632845 0.9983743147354087 -0.1400157406351628
1566535975455582657 1566536301542456333 0.9998863413586409 -0.005539618644448498 -0.014022018033122152 -10.055095221664832 0.005523231024281894 0.9999840182115356 -0.001207162196604112 -0.09996958808428534 0.014028481154407186 0.001129578147165385 0.9999009579801978 -0.006189649398943086
1566535976150978222 1566536302043862030 0.9983225462495326 -0.011416010123971209 0.05676062334671903 -9.221325443668636 0.011678440105583724 0.9999225852888304 -0.0042938870507574734 -0.12574626943004727 -0.05670721018141397 0.00494955979393019 0.998378582588434 0.6439743857193723
1566535979153827175 1566536302645235465 0.999357073443034 0.035392148399528096 0.005730234816538475 9.811174270852991 -0.035446675927393236 0.99932438115039 0.009711560332950514 -0.10620158838233422 -0.00538265037738889 -0.009908434289432461 0.9999364229814071 -0.22639819565335695
1566535977355372332 1566536303145353000 0.9996291036337631 -0.02720884628771393 -0.001154925130666679 -10.01131965851799 0.02721515179960454 0.9996124865197873 0.005849128674570509 -0.1719084696648793 0.0009953295385865442 -0.005878390716747792 0.9999822267629046 0.204041752973896
1566535977947779026 1566536303645614623 0.9997516509509208 -0.021773853915962964 -0.004747178800624783 -9.823194043069188 0.021728858181074756 0.9997203418816605 -0.009332456812853765 -0.14548396623988863 0.0049490547648540755 0.00922698833115969 0.9999451832692022 0.18830180413739414
1566535980747747388 1566536304146154255 0.9999979862613473 0.0019992937343183696 -0.00017406269405282381 9.763345257838777 -0.0019987295551699225 0.9999929360465744 0.0031832274698693616 0.07758463250142889 0.00018042567121748744 -0.003182873155430064 0.9999949183696194 -0.19117842350535877
1566535979153827175 1566536304646639248 0.9999938623484822 -0.0027599716148248004 0.0021581987990322727 -9.214245402731851 0.002765290683395626 0.999993137217179 -0.0024654991334586945 0.053216014769533825 -0.0021513792801579 0.002471452048116209 0.9999946317315799 0.23167137013310557
1566535979647331507 1566536305148103407 0.9999982411131383 -0.0016919563484249628 0.0008093542758128428 -9.715649578869197 0.001691897731249565 0.9999985660679235 7.310381049934308e-05 0.09776409027840244 -0.0008094768037101019 -7.173433725472168e-05 0.9999996698006991 0.21411664161047197
1566535982547521896 1566536305740239239 0.9989945385332899 -0.007676460500276943 -0.04416994379496848 9.868042974763828 0.007992911663864096 0.9999436092814225 0.006992254313547795 0.03969493249197125 0.044113777256052214 -0.007338270330221144 0.9989995617840752 0.14170339089112363
1566535980847866635 1566536306240260888 0.9999731442684322 -0.005800980740077256 0.004478768174626915 -9.552664136799748 0.00579879393835188 0.9999830613047556 0.000501091247528944 0.032756090560060354 -0.004481599130813586 -0.0004751063366144793 0.9999898447200392 0.2413726065334504
1566535981347849317 1566536306740362625 0.9992784369105597 -0.010039400747344043 0.03663080613679216 -9.862368572909666 0.010342698220814713 0.9999137074841385 -0.008099764122832592 -0.056777832683219676 -0.03654632839438445 0.008472781005466713 0.99929604115244 0.3064842543964961
1566535984249416910 1566536307340104117 0.9994241452086838 -0.00042711715073801254 -0.033929272683678895 9.516404666825418 0.00013189492129925338 0.999962120623263 -0.008702868628591957 -0.12223803047164254 0.033931704608428315 0.008693381941243887 0.9993863439795465 -0.15491740568604226
1566535984752077654 1566536307840277667 0.9998887609059117 0.0010100779140015078 -0.01488104689349885 9.238632171973217 -0.0010538033284301501 0.9999951499989361 -0.0029307809788609186 -0.14580222755445066 0.014878014403268063 0.002946136658186808 0.9998849758678318 -0.13321908231121857
1566535983147871179 1566536308340481372 0.9996238071372814 -0.009487136328428571 0.025733994028330612 -9.802790892966282 0.009238558244883144 0.9999096791649542 0.009761278286786324 -0.14138827027754883 -0.025824276290346785 -0.009519861160858989 0.9996211677418455 0.41285210291290375
1566535983849290855 1566536308939173114 0.9999881048966863 -0.003181950164247957 0.0036966550138879204 -9.519193166409682 0.003178215929004183 0.9999944337329273 0.0010156016324427974 -0.1276555161462279 -0.0036998660310999915 -0.0010038407839071941 0.9999926516205205 0.20461255422263777
1566535984350825242 1566536309440194162 0.9999923669713421 -0.0024789448245161614 0.0030200714587010273 -9.89732326448561 0.0024651451332925686 0.9999865440561315 0.0045645116003452625 -0.09171946461013321 -0.0030313459931971556 -0.004557031844838652 0.9999850220889529 0.26555410599757484
1566535987247421146 1566536310040536489 0.9990554521046313 0.026335722308723115 0.03456346843851593 9.914184000242328 -0.026414342648877945 0.999649423710161 0.0018199391164399087 -0.10740399778199929 -0.03450342189479669 -0.0027311913952458807 0.9994008477438597 -0.628557921111728
1566535987946752754 1566536310640523439 0.9992152374403949 0.03312110091596543 0.021723304100945254 10.164609739824792 -0.033272639426018755 0.99942417665844 0.006651809996748695 -0.11549868797481999 -0.02149048004521176 -0.007369381569802027 0.9997418924315996 -0.2841432022548236
1566535988447594437 1566536311145042623 0.9985926373162101 0.03858383620566934 -0.036387254382735996 9.651642128770824 -0.0386343902638111 0.9992531771121662 -0.0006869644708877631 -0.07084585018436867 0.036333573823713786 0.0020917970491774493 0.9993375284648854 -0.18851800778359648
1566535989048015285 1566536311646393424 0.9989902604958851 0.04379403272734447 0.010027069953176548 10.029744099115964 -0.043799798401923294 0.9990402649048452 0.00035603202616658235 0.033036547982243036 -0.010001854544034955 -0.0007948561690764031 0.9999496642878362 -0.2134534615972172
1566535987247421146 1566536312147591463 0.9992789142544705 -0.006370036913632907 0.037430925130655074 -9.383138617807887 0.006324749513969903 0.999979116520851 0.0013281813813400456 0.07765840631280976 -0.03743860400713709 -0.0010904824231506964 0.9992983347219688 0.5274183867929386
1566535990249282963 1566536312740078080 0.9997474878707867 0.02211501139058901 0.00398582077527523 9.47016836788533 -0.022147032635626125 0.9997212826718694 0.008177158330288373 0.33105125590494106 -0.003803871908340998 -0.008263367601417345 0.9999586228011682 -0.21674730915258147
1566535988447594437 1566536313240129422 0.9999141149926492 -0.012755664901016898 -0.0030092609400412464 -9.771037074806125 0.01273977051049157 0.9999050992791101 -0.00524315582179934 0.28936301180228785 0.003075855297695474 0.0052043682195405 0.9999817266658606 0.23297549209147742
1566535991450657880 1566536313740416037 0.9997894831557764 0.0034535931298888944 -0.020225282831335366 9.607411402838212 -0.0033777776653418383 0.9999871453100813 0.0037815119526703874 0.2604151035367454 0.020238082645296227 -0.0037123993720848286 0.9997882966417165 -0.12151602222008638
1566535992052266130 1566536314241555975 0.9999379452790625 0.0038634281525347174 -0.010448900133675249 9.965649936984068 -0.003877410099071741 0.9999916139854951 -0.0013181993821338594 0.17849407515395949 0.010443719740443563 0.0013586322525414713 0.999944539880284 -0.09276855242446012
1566535992547541190 1566536314741725950 0.9989851094345216 0.00028935206196152054 0.04504073049450505 9.785102412075515 -8.380947985641321e-05 0.999989575433741 -0.004565303913332337 0.15014310439475437 -0.04504158194452637 0.004556895789266987 0.9989747196985074 -0.17037701735435878
1566535990649381394 1566536315245146538 0.9987597947074452 -0.029089161620081492 -0.04040659787951459 -9.803553113275564 0.029022268236809926 0.9995762526352772 -0.002241230470166961 0.10092376605219074 0.04045467120551983 0.0010657597620798288 0.9991808063277606 0.19295560339994597
1566535991249000359 1566536315746430483 0.9982556306563123 -0.02945895838672024 -0.05116508217279899 -9.53723635600407 0.0298963346511124 0.9995225395166798 0.007803984402821552 0.07140788688093247 0.050910755616162116 -0.00932001979076043 0.9986597179188234 -0.24877704862507127
1566535994250463993 1566536316346254360 0.9988568357172702 -0.047801759543970174 0.00011629871324626458 9.833027304060522 0.0478010567179781 0.9988506973028529 0.003513328087768101 0.013664989760484633 -0.00028410831527196173 -0.00350375257519654 0.9999938214810961 -0.22182241226217514
1566535992447570523 1566536316848137244 0.9991233179772221 -0.04175365943614944 0.003037663229281005 -9.588298492339252 0.04175426956169375 0.9991279007293891 -0.00013768609416810437 -0.17472651157704355 -0.003029265187109378 0.00026440079655723275 0.9999953768116442 0.2688984269541169
1566535993047669072 1566536317440046162 0.9987710583272263 -0.049536322296247 0.0015892832621677917 -9.873627771683902 0.049540015321047556 0.9987693154244652 -0.0023751733707665663 -0.4439572150797196 -0.0014696700021672438 0.002450987538388462 0.9999959163567517 0.23104158009172104
1566535996146966889 1566536318039812481 0.9984282540023006 -0.05602713647200323 -0.0014076891267215971 9.795077158605249 0.05602743992645804 0.9984292136317916 0.0001770363968463191 -1.0017743327510638 0.0013955591054641103 -0.000255627358580147 0.9999989935342205 -0.10601208729515563
1566535994250463993 1566536318539841998 0.9967310372846732 -0.08028113144854138 -0.009065276982671316 -9.613097354055052 0.08030845597028186 0.9967664273974206 0.0026909316340151352 -1.239206477696117 0.008819932715156006 -0.003410153476255102 0.9999552888205467 0.32974545316799525
1566535997347091427 1566536319139485054 0.9992893378087627 -0.03629404324726231 0.010176530179977961 9.853876509764028 0.036232567916354014 0.9993243895659092 0.006161610253727871 -1.6736460436621339 -0.01039328455902707 -0.005788509609383994 0.9999292338923744 -0.19519970960435956
1566535995546924187 1566536319639769059 0.9953641960731592 -0.07955038870287899 0.05405416573090483 -9.351973294018483 0.07989027584213622 0.9967950120368452 -0.004153047596110147 -1.9563662953182068 -0.0535505462298066 0.008452197092414824 0.9985293683026114 0.5895304267135504
1566535996247184697 1566536320241321247 0.9955948013178618 -0.09320699607871506 0.010170912979429094 -9.300212561498835 0.09323523933878708 0.9956413632426659 -0.0023379362113966815 -2.330981570329612 -0.009908669652973373 0.0032759246438106037 0.9999455418088744 0.27579273544276245
1566535997046743081 1566536320939842895 0.9951238604566868 -0.09851283924470627 -0.004870611228176524 -9.025430742351876 0.09850818474829369 0.9951355327021014 -0.0011870515226802437 -2.8030740862665646 0.004963858114964798 0.0007014682231077562 0.999987433948529 0.18204230211937447
1566535997547152963 1566536321439903339 0.9957684317908215 -0.09170583699280942 -0.005938830717921698 -9.253250679198489 0.09171160185815072 0.9957853608067699 0.0007051861793104489 -3.0777705646159434 0.00584913100040611 -0.0012468618141980082 0.999982116341169 0.16179910874705794
1566535998046992558 1566536321942035386 0.9972724588938991 -0.07380485354240082 -0.0006973702754932992 -9.400442236228526 0.07380582190798027 0.9972715278996002 0.0014833385598638643 -3.243879857637241 0.0005859899349885119 -0.0015307626793244957 0.9999986566898078 0.2212707937904454
1566535998547117829 1566536322444992121 0.9989286759560594 -0.0462714817126343 0.00067106840093196 -9.450175447231933 0.04627297407173147 0.9989259217312986 -0.0024113821441104524 -3.2398072022744713 -0.000558769396162034 0.002439851103157426 0.9999968674467815 0.22622816121531442
1566535999146712740 1566536323044576710 0.9998904724898721 -0.014725858264192105 -0.001480581766917221 -9.373736277150961 0.01472332029140886 0.999890142631161 -0.0017107041361052186 -3.1522002088035097 0.001505610700740243 0.0016887176873686947 0.9999974406812239 0.19476433670477414
1566535999748622232 1566536323639644782 0.9997872456547505 0.02047341736073077 -0.002510499486672228 -9.108124598038403 -0.020468470438324376 0.9997885371007031 0.0019806059575469266 -2.901426647957583 0.002550518381568061 -0.0019287984904947486 0.9999948872831191 0.23520829123163878
1566536000148449596 1566536324140075585 0.9989256982423704 0.04563821722932066 -0.008037569229892386 -9.429712064248726 -0.045681585443535344 0.9989420060397849 -0.005297293702491103 -2.6277291563671517 0.007787306489470489 0.005658771716089967 0.9999536670067849 0.24209625746299676
1566536000652976365 1566536324840149039 0.9977411787761297 0.06665318224235593 0.008360231539209076 -9.853728799173515 -0.06662260342112176 0.9977706842675825 -0.0038846273442698204 -2.213601032998656 -0.008600516717833413 0.0033188722752325673 0.9999575071966905 0.2755822607524213
1566536001147045774 1566536325440010063 0.9971202037683238 0.06519051092502351 0.03874914866606516 -9.588778096876005 -0.06545972529202682 0.9978388255213939 0.005718622805170935 -1.8719534793722892 -0.038292605052444126 -0.008238662963747097 0.9992326059686368 0.2805219895936443
1566536001546943208 1566536325940091810 0.9977301032441633 0.05601721125916827 -0.03737262531760483 -9.785476309498316 -0.05552693570983093 0.9983586003716826 0.014030840123473177 -1.6288489661430352 0.03809725043963966 -0.011923804201676916 0.9992028935117738 0.3488115151869991
1566536002047091571 1566536326540024430 0.9984842483119567 0.053647683135563194 0.01229357421982962 -9.988808656496579 -0.05369073373179719 0.9985524888257133 0.003198776536345432 -1.3682211136356976 -0.012104172183730827 -0.0038539790054599485 0.999919314675732 0.31824276780579985
1566536005946431284 1566536327139871240 0.9999492648329535 0.009282390342247936 0.0039121591945228155 9.866956082739087 -0.009340437932438024 0.9998425073069868 0.015090288311083375 -0.4500543201195705 -0.0037714691115545295 -0.015126063982923363 0.9998784817212187 -0.2750746075628372
1566536003051806844 1566536327639877902 0.996922848536624 0.06381062518158082 0.045530629026736685 -9.948100192755764 -0.06367701487962289 0.9979609462141951 -0.0043803661159462 -0.8119883094766795 -0.045717303525631504 0.001467632523927954 0.9989533393573171 0.6290607956720735
1566536007246536594 1566536328144766280 0.9220733186042038 -0.3869010080236791 0.009402399081488424 9.697719424804957 0.3870135339946171 0.9218692120902169 -0.0194339986926234 2.0805962716427877 -0.001148748548902054 0.021558427364811943 0.9997669301323976 -0.23612364308223402
1566536007946029694 1566536328644799114 0.7758566714354878 -0.630896118639857 0.0040636036001915135 9.481051966352831 0.6307036845093956 0.7754234579882132 -0.030517587517512608 3.226945298282907 0.01610241395949726 0.026240203634604713 0.9995259696365635 -0.12372079260904813
1566536004451200244 1566536329345872693 0.9758864819563059 0.2179377764467828 -0.012194258172691354 -10.063112435373151 -0.21803852829466214 0.9759102748616687 -0.007637774448375369 0.521012393002496 0.010235942264764429 0.010112418942019334 0.9998964768760316 0.23711056488159254
1566536004851633970 1566536329846473386 0.941945677850525 0.3357597105969963 0.0019382256160057 -9.828748533441454 -0.33576284385685556 0.9419009780469391 0.0092660800442338 1.3229285337699175 0.0012855597506294671 -0.00937892819314905 0.9999551905171009 0.24349488964738691
1566536005246395615 1566536330347753698 0.8799933313574755 0.4749702894319716 0.00386793527467345 -9.481146655008665 -0.4749152683177198 0.8796924774051776 0.024426074499862435 2.3815439039935855 0.008199066110666531 -0.023331724189927208 0.9996941562104195 0.1696149405298849
1566536005746387582 1566536331048047624 0.7413209052741926 0.67097254715003 0.015464681518216287 -9.059636685475398 -0.6710896569506036 0.7407457636918657 0.03056772655114635 4.013690863122127 0.00905470802314607 -0.03303868253398003 0.9994130566082549 0.18357696903662513
1566536006347530411 1566536331739940123 0.5746947669667536 0.8183145300756544 0.009341021791120839 -8.142124439326237 -0.8181049107038961 0.5741833825219042 0.03190295155458567 5.298897975886268 0.020743189321180522 -0.02597639510752163 0.9994473207698492 0.19334283714020187
1566536006746379040 1566536332243482961 0.469197749925541 0.8830765266596038 0.005414750929834397 -7.7883504506088626 -0.8830228754416658 0.4690742649231306 0.015489849372108613 6.015430191842092 0.011138802069848384 -0.012049151407941489 0.9998653634559113 0.20187470943010638
1566536011446144882 1566536332744602044 0.9684453399228532 -0.248590917885675 -0.017781426446842243 10.054756473998559 0.24840116322276523 0.9685801674325714 -0.012219712185088499 -0.0803672267676221 0.020260446473462524 0.0074171963076922415 0.9997672226611812 -0.12830514267770135
1566536007946029694 1566536333346083003 0.5520716360349409 0.8325436446467177 0.04569451218772154 -7.5214335943845185 -0.8323614230717233 0.5535072511114214 -0.028358144316919874 5.997237792207751 -0.04890163665692928 -0.02237862206318287 0.9985528665057465 0.27762520470839364
1566536012246285013 1566536333846292532 0.9988534561989855 -0.04188988992796519 -0.023173479694869412 9.906320576544859 0.042129787292899686 0.999062475011109 0.009962532174916744 -0.22549613913774388 0.022734424602364914 -0.010927403465790088 0.999681818275946 -0.16373935633683137
1566536009246090277 1566536334446300490 0.9149851678904706 0.40199215626037116 0.03470517030051548 -9.297891240147804 -0.40281494532192824 0.9150388880986194 0.021070194411633797 3.1832336141994544 -0.023286527558698797 -0.03325867664820323 0.9991754590970946 0.36259412882903647
1566536009845895056 1566536334946346097 0.9836296557826032 0.18002712648874478 -0.00793309480650752 -9.750635152565712 -0.1799484886761069 0.9836280668397535 0.009714296077424375 1.205081906742663 0.009552051517261032 -0.008127721285851442 0.999921346136048 0.10102996337010078
1566536010546511290 1566536335546401500 0.9974388189764525 0.07043549008944286 0.012435599491877482 -9.726594496690502 -0.07035917462131358 0.9975007280509163 -0.006471791444725267 0.38849948678221413 -0.012860363349063172 0.005580257499119172 0.9999017310620005 0.2809532653114978
1566536013946225219 1566536336046406067 0.999991069232299 0.004168071773370757 0.0006990231377281182 9.577229393862476 -0.004158208704405801 0.999899373362173 -0.013562907148454529 -0.2919215092104824 -0.0007554839678303021 0.013559879337185488 0.9999077752054649 -0.1705034937394309
1566536011746379366 1566536336646395388 0.9999913636307455 -0.004004011917843442 -0.0011138009199743704 -9.677635392515715 0.004015612578606616 0.9999355877478597 0.010615800062396607 -0.1908405425757888 0.001071223387581483 -0.010620180973411643 0.9999430304955125 0.19261841493936446
1566536012246285013 1566536337146657195 0.999923245031419 -0.01197399343101125 -0.0031823775947246785 -9.827909461008728 0.012030960037119025 0.9997559405978316 0.018528767901282682 -0.25668679084735296 0.0029597375604167755 -0.01856563278394971 0.999823262998472 0.1900860711827134
1566536012846142602 1566536337748051566 0.9999333460248929 -0.010955464284226692 0.0036443531361453514 -9.911155575999489 0.01091255975724921 0.9998732686416051 0.01159149237594029 -0.27567870910251413 -0.0037708814630473034 -0.01155095053552106 0.9999261752723176 0.18869687596773288
1566536013453860383 1566536338347343103 0.9999557008877763 -0.006096203504698493 0.007171650080545596 -9.922450934762663 0.006036485854604074 0.9999471737486827 0.008319287864087591 -0.26136060826875757 -0.007221987300989607 -0.00827562776275524 0.9999396766228337 0.22282762798460254
1566536016446309711 1566536338939754415 0.9999995975554247 -0.0006279293061097296 -0.000640775921006089 9.971037633741695 0.0006231850120176556 0.9999725915765793 -0.0073775155752927035 -0.19757551304216497 0.0006453909165844513 0.007377113284301741 0.9999725804591689 -0.17678930218525002
1566536014546089700 1566536339440013747 0.9999888672092063 0.00017057761268366537 -0.004715544605934407 -9.687208258927646 -4.80324417349876e-05 0.9996625812608843 0.02597539835521069 -0.1939267388500778 0.004718384314259332 -0.025974882677413033 0.9996514604197656 0.1900843464181826
1566536017345992056 1566536339940082346 0.9999980248400925 -0.00043440575295845656 0.0019394864201651193 9.978914041540241 0.0003930829208916962 0.9997739916593383 0.02125584830998337 -0.1648830971048195 -0.0019482817428474566 -0.021255043947296378 0.9997721877033113 -0.267909554874081
1566536015546291213 1566536340539862765 0.9999458422673081 0.007889153697440681 -0.006787767399461972 -9.944445423609157 -0.007933781120574215 0.9999469235197964 -0.006573070852494407 -0.03327248336931356 0.006735551162440407 0.006626567530724891 0.9999553594802639 0.24442144230697604
1566536018348446735 1566536341040167119 0.9999958357238321 0.0028743325144574452 0.00025835556502634574 9.705643002362836 -0.002872868870845784 0.9999807618632022 -0.0054975019729196295 -0.2831513653070668 -0.00027415224341575587 0.005496736858142963 0.9999848552475518 -0.2535218061423042
1566536016546247031 1566536341640165714 0.9998113705359944 -0.01601709751536264 -0.01098525985704404 -9.601250091002811 0.01586178083749323 0.9997750117087618 -0.014082963871670266 -0.26551491812261807 0.011208356507837814 0.013906061625448307 0.9998404843746193 0.13626039048580413
1566536019546153363 1566536342140493658 0.9998850849967563 -0.011331530559656423 -0.010070412911324936 9.88306774266369 0.011518337850963109 0.9997589791158733 0.018689878820817216 -0.26325030589435217 0.009856200798487164 -0.018803725491543247 0.9997746122069021 -0.19017497148590545
1566536020045702521 1566536342640513181 0.9995229479021784 -0.011224152411298467 -0.028773164921381406 9.771759789978615 0.011639504437675896 0.9998298759103884 0.014308779593838847 -0.2945225368442689 0.028607665989912982 -0.014636858941304582 0.9994835485424215 -0.12773495188254488
1566536017947526087 1566536343539829562 0.9999311659253329 0.00774082012547428 0.008817205623208792 -9.98037231869181 -0.007545698057806561 0.9997305487767436 -0.021952045084270906 -0.3087944765876795 -0.008984756648751502 0.02188400206421399 0.9997201431408803 0.37298153363820563
1566536021445751799 1566536344140282469 0.9997403453839631 0.020495376059068402 0.009958984474289083 9.685728883791757 -0.02036845764315979 0.999712096494171 -0.012682667561282647 -0.3785078444212141 -0.010216053288845176 0.012476525294673154 0.9998699758327438 -0.29680901921987024
1566536021946087748 1566536344740095667 0.9997358378481109 0.022895134317210804 0.0020167664057642695 9.533588326936973 -0.022887910223517383 0.9997317873853873 -0.0035350893650465754 -0.2978063366404743 -0.002097161829409488 0.0034879959597958698 0.9999917178639298 -0.17264965710936975
1566536022446196026 1566536345240335581 0.9997062946129007 0.022892311459720382 -0.00795402963169351 9.957303193882595 -0.022822873976705536 0.9997015499989466 0.008713630308188053 -0.2096360498530087 0.008151130890501443 -0.008529537252134237 0.9999304006077012 -0.13001531673254604
1566536022945640160 1566536345840001406 0.999894577233841 0.014304515840923465 -0.0024930392941959726 9.716279054420498 -0.014283730615553072 0.9998646472544471 0.008164692917946227 -0.0843409100049583 0.002609493833663756 -0.008128222271741682 0.9999635606084056 -0.2394402762443295
1566536023545476422 1566536346440105216 0.9999990297518756 0.000534483727149734 0.0012863990256294581 9.97192279614064 -0.0005360994069808038 0.999999067588022 0.001255954029271902 -0.015300678470910427 -0.0012857265391846113 -0.0012566424484396562 0.9999983838772107 -0.2321151975993416
1566536021546017738 1566536347443144230 0.9999952092821043 0.0029769744037868775 0.0008479600472846012 -9.546016359458513 -0.0029711345108938626 0.9999724185487222 -0.006806945095958087 -0.03904585195715099 -0.000868200760634657 0.006804393082444029 0.9999764729543484 0.2590774261751303
1566536022046262497 1566536348042433586 0.9999680090639552 0.007608217273306956 -0.0024689833126970654 -9.99860178288531 -0.007607750364309104 0.9999710409573589 0.00019844660847680694 0.0041098134123322095 0.002470421638218731 -0.00017965685128747843 0.9999969323654732 0.22877917079667057
1566536022546754205 1566536348545964825 0.9999469100898931 0.00791969864007935 -0.006592069108824315 -9.721902875199127 -0.007912083974609279 0.9999680022748294 0.0011804040321875303 0.024653496448829464 0.006601206621817661 -0.0011281843602879984 0.9999775753841718 0.1854572689836261
1566536026046439931 1566536349046063703 0.9999495596355482 0.006439319512061689 0.007708005507407289 9.644159040035436 -0.00646941780881472 0.9999715213792973 0.0038862660218291086 -0.1340810811833816 -0.0076827610854180795 -0.003935936305254345 0.999962741099647 -0.17127602119792026
1566536026645816837 1566536349646272984 0.9991367851526117 0.009367776167027476 -0.04047133954544688 9.876629297128972 -0.010235454805474572 0.9997210405835942 -0.021285593235557735 -0.165551981671663 0.040260651011173355 0.021681461762275738 0.9989539499876967 -0.2622980902857071
1566536027147200586 1566536350246313007 0.9998833071155695 0.007249417508975896 0.013446861991774507 9.5847553407654 -0.00678063145316451 0.9993787222195202 -0.034586017579114295 -0.18137756241958525 -0.013689236236605609 0.0344908034215941 0.9993112574621604 -0.23903147608820186
1566536024545466669 1566536350746811438 0.9999617643438745 -0.005437232752542269 -0.006848821087511194 -9.877942197461898 0.0054063457875173845 0.9999751688867582 -0.004520291487477191 -0.09232689748556015 0.006873228900586087 0.004483091556130493 0.9999663297404543 0.042673553516440074
1566536028148682612 1566536351247541984 0.9998469210349872 -0.0025472194379027764 0.01731029086983067 10.108890788937426 0.0027771088991983906 0.9999081001564415 -0.013269472774049083 -0.10627375833566947 -0.017274899797826527 0.013315514059712973 0.9997621091651296 -0.41510353862891836
1566536025546438998 1566536351839719586 0.9996798600641564 0.0002560649832369201 -0.025300431080022175 -10.131220624002346 0.0007016901418669405 0.9992835962127846 0.03783915922684766 -0.01036999353251136 0.025291995039051714 -0.0378447984639139 0.9989635059481273 0.00887661906590025
1566536029051716085 1566536352344587397 0.9996267601693862 -0.01920557906556057 0.019429001158453533 9.785229803191724 0.019726720057635393 0.9994408640818252 -0.02699658717585688 -0.04598250193551839 -0.01889965261654494 0.027369781441085088 0.9994466960247799 -0.11996431766423661
1566536029551760464 1566536352944671899 0.9985398392579844 -0.03917954966339707 -0.03719075560970012 9.788929350899565 0.03802584631669381 0.9987883840613916 -0.03123777962566978 -0.021772352211171613 0.03836957683565322 0.029777957488975756 0.9988198280076604 -0.0512095695630765
