1567410209745237630 1567410555042908962 0.9999674014793628 0.008070685691227087 0.0002449715906244544 9.992654043432017 -0.00807051147574811 0.9999671850666556 -0.0007040130581776722 -0.5960563922528298 -0.000250645420013146 0.0007020130623601927 0.9999997221772275 -0.20159203703098053
1567410210845219225 1567410555643056776 0.9998522950510585 0.012910328663295063 -0.011345108855340137 10.120308367179806 -0.012904059599516383 0.9999165434469245 0.0006256093091188441 -0.593751483628115 0.011352238853456365 -0.00047911894269532306 0.9999354464754507 -0.16433466967900137
1567410211545271477 1567410556144299789 0.999901627434907 0.014004562281869496 -0.0007795436636944629 9.862427134603166 -0.014004186958181706 0.9999018190093708 0.00048486018095397223 -0.566016106693816 0.000786257381927446 -0.0004738956088057331 0.9999995786110553 -0.18253403899355453
1567410212250027794 1567410556647302648 0.9998653781780734 0.015997788706427426 -0.003646406082938727 9.913042818742339 -0.015984886393491132 0.9998659652792803 0.0035404636867790384 -0.4798088316298025 0.0037025569279016297 -0.0034816996761267115 0.9999870843363738 -0.20425048188846492
1567410209153095564 1567410557242684662 0.9999259093161873 0.00944442409264994 -0.007679761179553687 -9.667212722590913 -0.009470770393433255 0.99994936582325 -0.00340151405216858 -0.40080276134588694 0.0076472469799026485 0.0034739952864743595 0.999964724863027 0.16913035806047286
1567410210644643930 1567410557944188342 0.9998164701762805 0.019033012158610824 -0.0021841273820160222 -9.874453500433459 -0.019033333406330268 0.9998188417133806 -0.00012638972837914584 -0.204944284557314 0.002181326132004693 0.00016793775675835645 0.9999976068037476 0.19962497544104119
1567410214553371874 1567410558546074834 0.9999773432128573 -0.0015949284368956397 -0.00653982142277178 9.776338325721413 0.0016246713159047393 0.9999883508347507 0.004545177435339167 -0.11130723343030097 0.006532496006569123 -0.004555699516498137 0.9999682855460221 -0.1808071093275357
1567410212550255791 1567410559146928017 0.9999069128347432 0.013621656114785958 0.0007849522204240091 -9.893837534300356 -0.013623213461234721 0.9999051713575368 0.0020140375975312374 0.01172583135713335 -0.0007574432569147111 -0.002024543688136164 0.9999976637485574 0.22647277139208663
1567410213751354056 1567410560044637331 0.9999686638119553 4.045757911164299e-05 -0.007916423266197013 -9.849146670196719 -5.683028401183396e-05 0.9999978601107553 -0.0020679807131554232 -0.06898530469778658 0.007916322660434615 0.0020683658031054914 0.9999665262889801 0.20969998427222591
1567410214752707683 1567410560841033704 0.9999245337201974 -0.008940991686082492 -0.008425291218861663 -9.682313152805982 0.00895891545604109 0.9999576797024828 0.0020920415576943133 -0.18144206226851387 0.008406229731856342 -0.0021673651508229827 0.9999623182050451 0.21685541296198277
1567410217747126024 1567410561341136085 0.9999447262738855 0.00370862238718088 0.00983821716776577 9.65189465912859 -0.0036705272046234525 0.9999857075831141 -0.003887397527707428 -0.23572845212428242 -0.00985249344536367 0.0038510712130019925 0.9999440472463598 -0.29533148636973927
1567410218446742756 1567410561940983678 0.999958760369937 0.008907555737990321 -0.0017700311290094277 9.447618727178488 -0.008900682444504395 0.9999529619022491 0.003853807850285069 -0.1496951065346232 0.001804275878342277 -0.003837894435678605 0.9999910075370023 -0.2217517807835324
1567410216745031438 1567410562640697845 0.9998816544769354 0.014833355955937093 0.004080268564301863 -9.74301632171488 -0.014835877322752175 0.9998897692081291 0.0005883680668254227 -0.022489714250703535 -0.004071091320098627 -0.0006488327999625309 0.9999915025796321 0.314073647448505
1567410219952789876 1567410563142883959 0.9999739368863783 0.001741813639584557 0.007006542171796137 9.737006754875374 -0.0017814191924506622 0.9999824496675693 0.005650389589198814 0.010249218359219008 -0.006996577278996394 -0.005662723911150435 0.9999594899116082 -0.2935950406096243
1567410217847036327 1567410563644541975 0.9999265498191224 0.011839957707232387 0.002590437863455459 -9.879601383904564 -0.011819964818208972 0.9999012461407722 -0.007601736500738204 0.07392507532027161 -0.0026801862863896227 0.0075705592674076 0.9999677510969323 0.3286196924597451
1567410221252896352 1567410564247282639 0.9990548811451035 -0.008729455930318748 -0.04258099410895317 9.81777035882043 0.008281291733784793 0.9999085673671946 -0.010690047376318948 -0.006731658902216383 0.04267041911401872 0.010327318376453056 0.9990358260982385 0.04772645323595528
1567410219246863779 1567410564840782167 0.9999159092111481 -0.0037899244069482902 0.012402055452285796 -9.607654902194993 0.0038039541915109547 0.999992151266423 -0.0011078529048720264 0.012780556691950908 -0.01239775943309326 0.0011549365954684897 0.9999224778364104 0.24995355139485992
1567410220552542740 1567410566044188469 0.999942280608428 0.0037959821878474917 -0.010051167636210456 -9.780399505510658 -0.0038279500000124693 0.999987670464663 -0.0031631815394705435 -0.012748299557503796 0.01003903632920312 0.0032014743297100376 0.9999444826147615 0.1572251556428742
1567410223744869711 1567410566644281083 0.999547728410471 -0.02922093731016117 -0.007104607813982631 9.645620799389226 0.029223971141182442 0.9995728361744766 0.0003235627592330837 -0.06807473843980878 0.00709211817542642 -0.0005310412747148908 0.9999747096076743 -0.17133849220858102
1567410224245544728 1567410567147373337 0.9996416180654091 -0.026758698519990375 -0.0007794132992632683 9.61034923224021 0.02676168283456525 0.9996333932183915 0.004109926343081707 -0.07236823432180976 0.0006691512811081944 -0.0041293118312397846 0.9999912504719041 -0.24456605902296857
1567410222344223117 1567410567649090988 0.999759615188827 0.019923923570415787 0.009151453821998569 -9.715883666086729 -0.019947091941590344 0.9997980415030417 0.002447392440504506 0.018475629447982526 -0.009100843948208238 -0.002629349015321414 0.9999551295749204 0.26419579847812347
1567410223044837151 1567410568241008970 0.9996894781153544 0.024883322058427786 -0.0013295220167991683 -9.515140442554685 -0.024888974253919227 0.9996804553103481 -0.004418849520085999 0.01156042945494365 0.0012191415193629441 0.004450567809851172 0.9999893530133859 0.2620109760878279
1567410223544868878 1567410568741151637 0.9995827515808147 0.02876149530056825 -0.002664419301168041 -9.973086231374106 -0.028778604245744105 0.9995638729383282 -0.006622375268393691 0.03560208312429118 0.0024727878606467164 0.006696290361394647 0.9999745221832393 0.20584762331373624
1567410224245544728 1567410569341097409 0.9994209620695822 0.03058553807715878 0.014908569228728649 -9.653980349958804 -0.03060464569105949 0.9995310111948679 0.0010551406989131697 0.07932686658357271 -0.014869305230636419 -0.0015108012114325028 0.9998883043828769 0.26927510587337944
1567410227144833412 1567410569941010751 0.9999432436047078 -0.00953859461189088 0.004746028037233234 9.890562831194046 0.009549950964888117 0.9999515755225011 -0.0023759306893192584 -0.02270496232690698 -0.004723135173633797 0.0024211201750915286 0.9999859149864254 -0.22218048131741336
1567410225546424677 1567410570541484155 0.9998660057299218 0.016084498664838767 -0.0030429407512659293 -9.731526805888311 -0.01608303027525014 0.9998705314601098 0.0005064137175602248 0.07881595592610864 0.0030506921969339507 -0.00045740615279542154 0.9999952420170516 0.20187220277109613
1567410226251159138 1567410571141277845 0.9999118399235499 0.008623499615451051 0.010096912156550791 -9.367033705959315 -0.008689249244878234 0.9999412113784092 0.0064861956991130185 0.06940732033248184 -0.010040384866885408 -0.0065733584619357965 0.9999279882222939 0.2933367641291107
1567410228944562131 1567410571643412268 0.9999720866897581 -0.0037881033896477396 -0.006440195186867486 9.871894376939334 0.0038121507906280776 0.9999857928999506 0.003725789125996843 -0.09207732852566265 0.006425990015953358 -0.0037502361220623504 0.9999723208076087 -0.22294205234637066
1567410227444794899 1567410572242854776 0.9999756072745721 -0.005464906929090432 0.004349672185007579 -9.39874762682192 0.005482355090610845 0.9999769331381022 -0.0040096102532380575 -0.08408571896502871 -0.004327659704863424 0.004033358895362195 0.9999825015356599 0.26197923510796445
1567410227944879151 1567410572744338041 0.9999531600269927 -0.007274150061137953 0.006384707740439735 -9.761760482248137 0.007292758373531458 0.9999692137061507 -0.002896086189148544 -0.12709382864612226 -0.006363444613420919 0.002942512667386413 0.9999754237939388 0.2823664774163012
1567410230752532158 1567410573245274397 0.9999884179562991 -0.0025045161748782187 0.004109909000825361 9.921689192703234 0.002504464145349448 0.9999968636662291 1.7806073895400275e-05 -0.1707873310068879 -0.004109940706378539 -7.512747931371043e-06 0.9999915541298139 -0.2874413443037053
1567410231344666658 1567410573747419121 0.999980027682494 -0.006240132645451179 -0.0010024872498597915 10.014434947488027 0.0062398288874244145 0.9999804853061649 -0.0003058468757340916 -0.2067702316400276 0.0010043762117026283 0.0002995854183620181 0.9999994507383557 -0.22996417533244645
1567410231944266001 1567410574248709076 0.9999568697488813 -0.00865883623918803 -0.003359047039006271 10.03651627846744 0.008664151286517487 0.9999612314749945 0.001570996343467876 -0.259056796560278 0.0033453138136368627 -0.001600031877725924 0.999993124363109 -0.2649192151378302
1567410232644456097 1567410574840975051 0.9999773995207883 -0.004637282454959081 -0.004867859804340749 9.863393166631209 0.004673891636883964 0.9999606783092907 0.007536350057980317 -0.3047600584509397 0.004832720207965173 -0.007558931582086987 0.999959752874451 -0.20314000612855387
1567410233244273739 1567410575342438772 0.9996615777943788 0.0021485652456446477 -0.025925152825677276 9.888860403556972 -0.002289551954533156 0.9999827460566402 -0.005409763477003827 -0.34133948674998293 0.02591308228476557 0.005467289677239602 0.9996492489418969 -0.08926665032436676
1567410233845068738 1567410575844168364 0.9998816594899791 0.0036608485842047093 -0.014942061544732358 10.034656505134306 -0.0037260526771726726 0.9999836477470468 -0.004338291133572452 -0.28495668263529306 0.01492593538140847 0.004393452646408296 0.9998789496868293 -0.09491906803381282
1567410231944266001 1567410576345224392 0.9994856037603075 0.004754813654182836 0.0317162359527095 -9.557653609200377 -0.0046222722699978055 0.9999802816599049 -0.004250986996861173 -0.25523376249388535 -0.031735823212198915 0.004102199227181647 0.9994878736065518 0.32835032672939585
1567410234946487562 1567410576848436601 0.9995719142855712 0.006015439841138773 -0.02863219612589741 9.93507923694302 -0.006317924900906195 0.9999250631983578 -0.010485790991193449 -0.22419799444058963 0.02856697387580186 0.010662198238737026 0.9995350146604665 -0.21558847304234433
1567410233144143313 1567410577440712100 0.9990941914185005 0.01042541902424135 -0.04125660325314116 -10.09140109624551 -0.010439227810748953 0.9999455026627723 -0.00011927792309765608 -0.103598434265465 0.04125311135579239 0.0005498569601886948 0.9991485767696416 -0.01647119491779133
1567410233944864670 1567410578140224495 0.9998428133056624 0.0027773229077124625 -0.017511001070182997 -10.008236505988384 -0.002623835805411721 0.999957994466665 0.00878207195753412 -0.08143173939117698 0.0175346561608689 -0.008734745541076925 0.9998081016143331 0.014306004676728039
1567410234546057608 1567410578640866318 0.9999971590597244 -0.00039241320189973704 -0.0023511453271272335 -9.602275355905137 0.00039895754878220926 0.9999960460557222 0.0027836497268296095 -0.09216945915446074 0.002350043689927682 -0.0027845798258234705 0.9999933616828894 0.2537046722390177
1567410235046860746 1567410579141236782 0.9999819691794746 0.0005332926030433109 -0.005981380688460249 -9.855608719574342 -0.0005580460330150813 0.9999912847644685 -0.004137508880191351 -0.10041055825957738 0.005979122056438355 0.004140772163276701 0.9999735517029101 0.2121343232097249
1567410235550699441 1567410579642452657 0.9999987492618528 0.0015172689666208931 0.00044650824141681685 -9.993018907684883 -0.0015162875503414164 0.9999964520047718 -0.002190171212028043 -0.09382382151543026 -0.0004498297360189741 0.002189491437809838 0.9999975018871093 0.28422989838529333
1567410238646245341 1567410580242293154 0.999663595336908 -0.001190343524748125 -0.025909057111016067 9.347270502511314 0.0011668017005844532 0.9999988926459383 -0.0009237319390847612 -0.12559088793136106 0.02591012797884897 0.0008931904594554089 0.9996638772502127 -0.026803035613860826
1567410239349584677 1567410580842059576 0.9999259480166517 -0.0021453597034138314 -0.011978978034523665 9.802444404261045 0.002177892087628498 0.9999939741743525 0.002703405453796315 -0.13575051681896647 0.011973106074168158 -0.0027292941827397753 0.9999245949991473 -0.13389870699969886
1567410237344468680 1567410581342152261 0.999572430742345 -0.003248743756490709 0.029058585028338652 -9.640816804578364 0.003278278700967715 0.9999941571313209 -0.0009688095701428667 -0.10433966446432229 -0.029055267828799136 0.0010636574773331556 0.9995772406593628 0.3045235874594614
1567410240444571733 1567410581842509353 0.9999793202370247 -0.003453496300693025 -0.005425169269337313 10.037688555332414 0.003500795746913814 0.9999557355083277 0.008733352915094098 -0.17897498141569765 0.005394768524992477 -0.008752164720930058 0.9999471466458952 -0.25283413800617927
1567410238545666210 1567410582442305662 0.9998645303952958 -0.00957024750723071 -0.013391460713700057 -9.909465112191862 0.009483577577405188 0.9999337693468736 -0.006520634638334432 -0.18520092654000544 0.013452977875903825 0.0063927523339845915 0.9998890688990804 0.1108921874041893
1567410241744834150 1567410583041865739 0.999988651956006 -0.004152326420447458 -0.0023354109945288707 9.911088125397395 0.00414252025029679 0.9999826491656193 -0.004188185012455225 -0.2719282997756163 0.0023527611844807385 0.00417846299740984 0.9999885024148043 -0.26039764343914595
1567410239852283582 1567410583542447426 0.9999620847836451 -0.007971474656384836 0.0035049375100139426 -9.372718601560127 0.007964371403446253 0.999966211276847 0.0020359500945782054 -0.2522799345273476 -0.003521048607231049 -0.0020079582770141614 0.9999917851263956 0.2442111399203302
1567410240444571733 1567410584142200312 0.9999814906493194 -0.005175551397705077 0.003198753898141746 -9.736574549846743 0.005174756878268043 0.9999865779310474 0.0002566106194131259 -0.26603343074062025 -0.0032000390656961976 -0.0002400530959808539 0.9999948510489941 0.2835601346593267
1567410241043949793 1567410584743958245 0.9999920222090404 -0.0017866767965079764 -0.0035725767031315426 -9.95839173310077 0.0017875905620926061 0.9999983703564636 0.00025259533446099334 -0.262823882966925 0.0035721195748820494 -0.00025897962370504914 0.999993586425086 0.25308203032614185
1567410244344296831 1567410585343661700 0.9999010447782315 0.008971512646352132 -0.010835710048294906 9.534265968910736 -0.009024687619185044 0.9999474249983639 -0.0048684959200734216 -0.21846882020461073 0.01079146258810562 0.004965803055297865 0.999929440078263 -0.2060452147017831
1567410242247792602 1567410585846894248 0.9981030502852057 0.0038697085744600532 0.061443684516167475 -9.486044814445295 -0.004608720504184598 0.9999186868792734 0.011890303820678887 -0.17651374257751398 -0.061392676327782635 -0.012150925280919631 0.9980397258166317 0.37731355369813613
1567410242747692875 1567410586347283901 0.9987828530006503 0.0020712269155683744 -0.04928004231887918 -9.872473678805253 -0.0018022725107281908 0.9999832426075584 0.005501483243482451 -0.13437474578899314 0.049290611334039766 -0.005405971064061748 0.9987698489197461 0.3053246400624089
1567410246145998177 1567410586940258000 0.9998135042007024 0.01846189438020732 -0.005667033951359506 9.728305181941511 -0.018434939254066217 0.9998186720365857 0.004772427233683649 -0.23168230239921564 0.005754114407160098 -0.004667065769408125 0.9999725539556058 -0.25269187179028535
1567410244144488209 1567410587540284400 0.9988450271177415 -0.01066774566014457 0.046848810066980856 -9.747930541352611 0.010999677292412005 0.9999161545321406 -0.0068330816716715495 -0.18554474348567118 -0.046771988429233274 0.007340511439909136 0.99887862024882 0.6480807999158845
1567410244744396385 1567410588040464054 0.9998523029592138 -0.01672755126659487 0.003944780828231439 -9.759853063502446 0.016754965737773023 0.9998349674309358 -0.0070220385585820335 -0.2305997644732877 -0.003826668300932106 0.007087096091886772 0.9999675643133158 0.2854706822451963
1567410245446097995 1567410588639882287 0.9997915462152498 -0.02040647294410788 0.0006633087519697244 -9.828331327135166 0.020410340168519243 0.9997707627357987 -0.006468384101778992 -0.269073443749245 -0.0005311597917210142 0.006480574099896377 0.9999788597908525 0.2524231495205224
1567410246145998177 1567410589240458785 0.9998013729821407 -0.019929680916410075 0.00014967162478828538 -9.797044733092145 0.019929974608971085 0.9997986880517954 -0.0023193710353461186 -0.23662700548695761 -0.00010341716944060395 0.0023218932972759333 0.9999972990545564 0.2506554940773384
1567410249444127736 1567410589840711665 0.9996118129753954 0.02761452464008954 0.0036961316193585966 10.064190140794391 -0.027615946613579405 0.9996185511405634 0.00033422788925558565 -0.24068951130528543 -0.0036854921898848134 -0.0004361703198031351 0.9999931134276762 -0.2444464107878258
1567410247348992980 1567410590343836336 0.9997688228548959 -0.021380860076045123 0.0022714906454887724 -9.848907607810364 0.021387048051716567 0.9997675278998948 -0.0027357508236261823 -0.2327585680546917 -0.0022124698817251724 0.002783698860144952 0.9999936779788606 0.2727580058806022
1567410247948912388 1567410590940912074 0.9996820864825123 -0.025161930207431224 -0.0016134541231449828 -10.015078381238316 0.025157247333209978 0.9996794157858979 -0.002859818277446856 -0.27507003745600006 0.0016848954231259727 0.0028183190381219515 0.9999946090880787 0.24734162610032479
1567410251244394457 1567410591540479920 0.9999278159565844 -0.005735062427246826 -0.010558027053648123 9.83238647726996 0.005751392997200577 0.999982309889764 0.001517032013176373 -0.10769847813904455 0.010549140007685958 -0.0015776458705321383 0.9999431117211715 -0.12349131079722782
1567410251744283457 1567410592042373553 0.999504476179465 -0.011674225617058163 0.02923208089512624 9.711946538476699 0.011491096198209896 0.9999133342410096 0.006424851374527626 -0.1543686486205927 -0.02930455263915101 -0.0060857590539884175 0.9995520030150301 -0.11137465716770066
1567410252245054982 1567410592545116860 0.9981907872361492 -0.004543789285006862 -0.05995420131915675 9.471388947918275 0.005008004922825286 0.999958618219488 0.007594849259316513 -0.21074599597616864 0.059917210912870944 -0.00788135949644738 0.9981722356431832 -0.24977296475876817
1567410252850632585 1567410593046964031 0.9998058039286718 0.006942368995789452 0.018443371255619168 10.145123898952685 -0.0068861166167290015 0.9999714487531383 -0.0031117642087628615 -0.2878303815305046 -0.018464447689738605 0.002984156711106675 0.9998250641888539 -0.2669067208442756
1567410253451261533 1567410593640125014 0.9998599557865505 0.01517021855829757 -0.007066348662256163 9.931131012222904 -0.01523829864532269 0.9998370101929845 -0.009682319079157483 -0.3257278496583057 0.006918314022869389 0.009788642257645221 0.9999281571262216 -0.12616146286079757
1567410253950851764 1567410594143629541 0.9997794976166612 0.020640611087219353 -0.0038628123595403417 9.73941953882115 -0.02063754680578503 0.9997866774089608 0.0008314670127673236 -0.3013033353846175 0.0038791503216414882 -0.0007515647014373261 0.9999921936411745 -0.23231497928780143
1567410251944383947 1567410594644010070 0.9999018357022503 -0.010887215525753545 -0.008819722068810352 -9.953608572214884 0.010968628836098487 0.999897190665407 0.009235652704880372 -0.282634342597351 0.008718264777534072 -0.009331486351328602 0.9999184542860229 0.09716570431916711
1567410252644611797 1567410595243545437 0.9999319456962709 -0.009759195427197588 0.0063923454767766535 -9.923012109566988 0.009777956875703653 0.9999479593896465 -0.0029103387813674314 -0.26143120307994117 -0.0063636102502898 0.002972644798694686 0.9999753336195331 0.28580116841750025
1567410253250618123 1567410595745018358 0.9999639796432886 -0.007047111983700477 0.00473049983085457 -9.768088858025099 0.007102786331829569 0.9999044709855548 -0.011857458809795647 -0.2332952910889119 -0.004646487090793245 0.01189063142944103 0.9999185082005093 0.24556052862835956
1567410256244197868 1567410596248108928 0.999971302797439 0.007574920229484864 0.0001190173007150486 10.01252932614576 -0.007574637144618557 0.9999688434743906 -0.002221925429871388 -0.12441146869314698 -0.0001358445004365011 0.0022209601539605133 0.999997524438078 -0.23154469043836381
1567410254551117106 1567410596840224233 0.9999712078320905 -0.007394098471102873 0.0017061109705069383 -9.583777979322996 0.007391028188103687 0.9999710678733237 0.0017989215140193679 -0.12231360054282887 -0.00171936301190461 -0.0017862598048940036 0.9999969265286529 0.20577207572568137
1567410255252423078 1567410597440123158 0.9999480016015975 -0.008716723572705266 0.005292714155956394 -9.365031634896624 0.008717212298139015 0.9999620019833103 -6.927684956192117e-05 -0.13269763824388606 -0.005291909176168034 0.00011541096020749265 0.9999859910906679 0.2791470533829355
1567410255844297346 1567410598040542575 0.9999660938382811 -0.007461845708321544 -0.0034831067226953837 -9.872636362166565 0.007457165640141701 0.9999712773127802 -0.0013547066338243016 -0.13940655676087946 0.00349311529039212 0.0013286865971487418 0.9999930163443655 0.24614450379347827
1567410259349314255 1567410599245060934 0.9970227524339684 0.0061956982391956775 -0.07685860037969945 9.559568104121688 -0.006476847797245233 0.9999732132740428 -0.0034092780754372636 -0.22397848907253967 0.07683541873126473 0.003896929267154053 0.997036174053224 -0.11433005455396895
1567410257743710493 1567410599840232679 0.9983409980753422 -0.010587764882225788 -0.05659638501463969 -10.007682127843903 0.010538444092550373 0.9999437847514486 -0.0011698431773273692 -0.23505479625568637 0.05660558945929934 0.0005714645659273033 0.9983964546562784 -0.27665343865530917
1567410258849554500 1567410600839809101 0.9998763103872981 -0.007959632300351235 0.013564961479318316 -9.58874471807932 0.008007375294078854 0.9999619235751058 -0.0034689106187613095 -0.23923663668390738 -0.01353683372107313 0.003577101287964971 0.9999019744350898 0.366981908554252
1567410260049209213 1567410602040263468 0.9999160859073781 -0.012453715834364944 -0.003567366758906603 -9.735730166492232 0.012462457498625646 0.9999193664655784 0.0024387948199336325 -0.24331804593545378 0.003536707051850491 -0.0024830483272940867 0.9999906630435292 0.2350666532715218
1567410260548565672 1567410602540505052 0.9998421640948043 -0.016357554244064865 0.006933780886515095 -9.790750443177547 0.01636312527686866 0.999865835693603 -0.0007474917536483716 -0.26582059343173137 -0.006920623483704717 0.0008608320978991567 0.9999756816736664 0.3233970750450552
1567410261152591121 1567410603140258061 0.9995575762542636 -0.017841109106049767 0.023798037284004335 -9.909299868601643 0.017673359172350224 0.9998175955919807 0.007240712688372765 -0.24217520082380697 -0.023922878762180463 -0.006816917964625989 0.9996905648755507 0.3214083959972132
1567410264049161676 1567410603640654398 0.9996605117745676 0.02022540723665074 -0.016425410214699447 10.003219443781633 -0.020345686266885727 0.999767159021624 -0.007188935398047812 -0.22554005259211227 0.016276186560091586 0.007520681082159965 0.9998392496332229 -0.25201855635001247
1567410264552782796 1567410604143558270 0.999636118845685 0.020913800083787466 -0.017036515641207516 9.870771106010483 -0.020977488685127985 0.999773580640882 -0.003568251809096284 -0.21987729519102986 0.016958032539270505 0.003924336703606479 0.9998485008809266 -0.06279472611320383
1567410262747555730 1567410604648245569 0.9995499258891017 -0.01249885403359608 0.02727130915347877 -9.683913773791325 0.012425987767496023 0.9999187620449947 0.002839742665868975 -0.17495583187087527 -0.027304587217166464 -0.0024995916172687815 0.9996240351045259 0.5018785478489011
1567410263447825821 1567410605339653318 0.9996763131047515 -0.014304469387054375 0.021039276908881552 -9.91689631475505 0.014249974841253185 0.9998947158295278 0.0027377861878545686 -0.17490122974094696 -0.02107622438477738 -0.0024370908357138877 0.9997749013422703 0.3100726674424451
1567410263949079018 1567410605839782112 0.9999052143494787 -0.01376429712888508 0.000326253386911804 -10.016099590277076 0.013766512170749954 0.9998715345217905 -0.008209603869758868 -0.17677376509236406 -0.0002132120476401663 0.008213317088337191 0.9999662474119009 0.2999186433436844
1567410264452692800 1567410606340488918 0.9997998650939078 -0.01752125665100893 -0.009655844012031204 -10.053271621089188 0.01745279171735884 0.9998222675708113 -0.007129749703458333 -0.15961862216180378 0.009779050029830923 0.006959801357273472 0.9999279630781375 0.16504879418236074
1567410267544899220 1567410606840853406 0.999586884609191 0.020494921619687165 -0.02014989590802689 9.862649109731356 -0.020455845223631225 0.9997884595046435 0.0021435105607206014 -0.11547644991807499 0.020189564469997992 -0.0017304418915506667 0.9997946724489881 -0.046718109124403925
1567410265644702594 1567410607440356595 0.9994841216920568 -0.026038788235214327 -0.018800850850638033 -9.600305778440896 0.02621234720432662 0.999615478718434 0.00904475320621377 -0.11125586091450633 0.018558107109997862 -0.009532901644467627 0.9997823365346746 0.36064083684864123
1567410268752568527 1567410607942208672 0.9996838327713978 0.011386213647913812 0.02241848867023696 9.639180845237512 -0.011305023070952436 0.999929083176106 -0.0037450062714819037 -0.15620559867081468 -0.022459540263743395 0.0034903806915948378 0.9997416597770591 -0.18188572147835302
1567410269446375969 1567410608542275598 0.9999324898551615 0.01158669286303634 -0.0008742314138536294 9.733119343319592 -0.011585693483273861 0.9999322341153082 0.0011396857854965381 -0.19788994334788493 0.0008873773599455774 -0.001129480267949587 0.9999989684173469 -0.2342766918053703
1567410267544899220 1567410609143224994 0.99946777803806 -0.02823581907325129 -0.01633704945645289 -9.988002072488724 0.028268430421491988 0.9995988033950389 0.001768641489913211 -0.24147995731827665 0.01628055604656112 -0.002229522925921679 0.9998649772456015 0.06008251695676399
1567410268146520681 1567410609643830931 0.9996224914531336 -0.026349818074272186 -0.007782137783726018 -9.653163588718101 0.026326876386903314 0.9996487778155255 -0.003035883996129233 -0.2682511846795245 0.00785939951528668 0.0028298585445155236 0.9999651102612976 0.18991934659914653
1567410268652490611 1567410610144078014 0.9996665181007469 -0.025817177663421977 0.0005708991461346178 -9.959094647820438 0.0258184795460697 0.9996637555349436 -0.002404575579253098 -0.3034591306363092 -0.0005086278295216016 0.002418513444749448 0.9999969460405681 0.2640735006272672
1567410271949254770 1567410610743725268 0.9996529210514812 0.019709467081297963 0.01748068478708675 9.790144790689729 -0.019529910747773285 0.999755351539678 -0.010383624317309494 -0.2925928095063291 -0.017681063866134727 0.010038624166197996 0.999793281636471 -0.22311537455445635
1567410272551989722 1567410611343584863 0.9979132931612014 0.019187907481975658 -0.0616513060578458 9.39216941833659 -0.018698232741955513 0.9997889570540607 0.008509844011113134 -0.21934311370957096 0.06180158108416527 -0.0073393159919027395 0.9980614705599463 -0.10808225222194918
1567410270544897098 1567410611943625636 0.9998416712636977 -0.014326672376374791 -0.010553618490434803 -9.959176945765122 0.014430747012628871 0.9998473315356654 0.009852266829547129 -0.24964161958994877 0.010410857086675046 -0.01000300353109356 0.9998957715557625 0.12179306388802287
1567410271146402580 1567410612443773378 0.9990187762647725 -0.012143041295870124 0.04259144536783097 -9.566787848256668 0.012757386137258828 0.9998180418887536 -0.014182108894234787 -0.24267017514263128 -0.042411481574911515 0.014711548587074052 0.9989919101618399 0.5593370188759406
1567410271748979385 1567410613043513920 0.9998905681746066 -0.013790422428214698 -0.005354990636645715 -10.002874569933962 0.01375760399226312 0.999886644040258 -0.006117793909133006 -0.21188186380747714 0.005438750578878484 0.006043452587216984 0.9999669477902645 0.21093482543584258
1567410274944353068 1567410613648066356 0.9999220418144883 0.012118623537177348 -0.003008198317275423 9.722954317218953 -0.012134266324279629 0.9999126605927958 -0.005237438975286077 -0.26082428326060464 0.002944465031777324 0.0052735329535842125 0.9999817598215827 -0.21792412641590145
1567410273152452971 1567410614340660857 0.9997655755945759 -0.021353770213464227 -0.0035791554468364004 -9.57940841636763 0.02135374004514495 0.99977198180891 -4.664733853198216e-05 -0.26819989242024894 0.0035793354308336256 -2.9791951735819576e-05 0.9999935937146384 0.21675818691850457
1567410273644151986 1567410614848464090 0.99975556974706 -0.022036462720618682 -0.0017874760141757472 -9.534230017207676 0.02204040052815158 0.9997546292490408 0.002214055031692753 -0.3092453464961374 0.001738247478676598 -0.0022529105369483377 0.9999959514367158 0.21379180260923464
1567410274344170864 1567410615648251852 0.9999202504635153 -0.012620448981744995 0.00046581164954740155 -9.990790063942848 0.0126205649270178 0.999920327037582 -0.00024681569606282354 -0.2666451428921142 -0.00046265961205331827 0.00025267481879229166 0.9999998610507546 0.25474937795353925
1567410274944353068 1567410616240819340 0.9999310161177258 -0.01035278223935951 -0.005548234464921227 -9.624046855717706 0.01036093768270282 0.9999452825825519 0.001443194803166081 -0.2317604534166856 0.005532989798333967 -0.0015005801575261252 0.9999835670065217 0.22338221922528534
1567410275446336802 1567410616845262964 0.9998501103137545 -0.015135735225025888 -0.008406332421332182 -9.925067545621628 0.015186633204109422 0.9998665283829061 0.006024250281288368 -0.23964013434735335 0.008314028957363478 -0.006151011195378115 0.9999465195618134 0.21132351425713036
1567410278444335367 1567410617346461430 0.9994895092122007 0.03191317033174351 0.0015068291667521333 9.509006005562238 -0.031908601855350265 0.9994863950013256 -0.002964343924513773 -0.2614485722574722 -0.001600656864344748 0.002914749842302508 0.9999944710501996 -0.19549368026027036
1567410276347407716 1567410617846587543 0.999895410578654 -0.014319094260194247 -0.0020325952176459133 -9.719687090905628 0.014300490962178006 0.9998582256973029 -0.00888957050081534 -0.2678269690212599 0.0021595976458101004 0.008859573636240996 0.9999584211821001 0.2975939263533928
1567410276847373815 1567410618440368687 0.9999101514517539 -0.01339795404658296 -0.00042877861056174493 -9.917946491893936 0.013392278389921021 0.9998469198724809 -0.011259826865311448 -0.24610730157656668 0.0005795716159914461 0.011253072863694383 0.9999365142087154 0.3097571167791055
1567410277343745268 1567410618940690451 0.9994725510427612 -0.01298235214112194 0.02976706644868996 -9.477431226574225 0.012555620933704697 0.9998163541558929 0.014478064283275829 -0.15947573415757507 -0.02994955917949256 -0.014096683840728551 0.9994520035547749 0.19116356588089636
1567410277743336546 1567410619442174816 0.9993963655793094 -0.017021650911275426 -0.030284779463182695 -9.909641476929881 0.017305131815183884 0.9998086320398826 0.009123141531803085 -0.12078934647956083 0.03012369299634525 -0.009641716590153976 0.9994996750482054 0.34223084136813803
1567410281351939575 1567410620145249241 0.999975552159193 -0.006877635604225841 -0.0012622251824406226 9.749922584303997 0.006886171137586355 0.9999525714529055 0.0068873428685097765 0.12813194897527366 0.0012147966824035317 -0.0068958663864681306 0.9999754853474189 -0.27447287021369604
1567410278844559349 1567410620645331378 0.9994603378372301 -0.010000826244322738 -0.03128924039861314 -9.880824269004444 0.009869159481026662 0.999941794802587 -0.004359667203269183 -0.020612977165359713 0.03133101947638186 0.004048515952303176 0.9995008638001059 -0.11859193237267976
1567410282647409238 1567410621146500691 0.9768639834236249 -0.21382775063060616 0.003801440511999053 9.83569245382737 0.21380645093620154 0.9768614853617062 0.005332912431559749 1.3026752429375916 -0.004853805494615418 -0.004396757576827374 0.9999785543175603 -0.27543090387511004
1567410279743825058 1567410621646776272 0.9999222911569317 0.011506517359822721 -0.004797051773602988 -9.798967361673787 -0.01153805464557211 0.9999116573522308 -0.006599301941426839 0.06752394559030969 0.004720693006996464 0.006654137762809739 0.9999667182002466 0.2365308736569783
1567410284151827507 1567410622146779379 0.7814102881653343 -0.6239470264544389 0.009384547301241344 9.396137455416715 0.6237936796739337 0.7806387093883339 -0.03853116405440605 3.1884503668368267 0.016715464344139938 0.035962669300214245 0.9992133304097705 -0.18220691915644194
1567410284851644825 1567410622646975268 0.6051866248241959 -0.7955650972961181 0.028728471907345725 8.892449138162098 0.7960823105440809 0.6047256753756438 -0.02366035461028196 4.215799366519192 0.0014505077409107962 0.03718915844314066 0.9993071912688384 -0.34333837160060243
1567410280948114412 1567410623248324711 0.9310732468053284 0.3648300659185199 -0.0012775309304651431 -9.897781464226354 -0.36478277180160157 0.9309988327222439 0.01321752119647598 1.7719325902868515 0.006011528934419437 -0.01184045910124373 0.9999118286369834 0.24322262367595202
1567410281443819964 1567410623848199614 0.8148504416913166 0.5793966820992432 0.01783935110511205 -9.233789444932393 -0.5796699825086971 0.8145270464738078 0.02298699504151983 3.2439124454664654 -0.0012120453081673247 -0.02907189940580573 0.9995765881667721 0.21861901666785866
1567410281843782859 1567410624348437951 0.6754081449774157 0.7373971997924966 0.008319100694886639 -8.676315720648414 -0.737301594496502 0.6750128505819283 0.027276552242129406 4.634829084427767 0.014498153369006813 -0.024556491758351402 0.9995933084317152 0.19931782932083192
1567410282446657250 1567410624948471512 0.5018042292917324 0.8649293539917114 0.009472490085684232 -7.582184173771882 -0.8646987834462943 0.5013304649094561 0.03104478797141577 6.14444950488662 0.022102700546420342 -0.023769256554818746 0.9994731077279768 0.18135188593041943
1567410287845794426 1567410625548158849 0.9395790181067273 -0.3418210485310007 -0.018698650079326275 9.985648215793972 0.34153767557233633 0.9397182155802304 -0.016783666803389746 0.6846540452843827 0.02330847267123336 0.009383287690926069 0.9996842846688506 -0.14428189313286693
1567410288347226659 1567410626148339169 0.9861445597585128 -0.16408554220779872 0.02438938492607393 9.866030013997895 0.16425716593829348 0.9864038717152583 -0.005194738018765742 0.23230655040513243 -0.023205402315396136 0.009128893883511907 0.9996890379512329 -0.18512007626642654
1567410285043864365 1567410626748274247 0.817131784629993 0.5762153203048096 0.016478810437491387 -8.329675265715672 -0.5763936096083488 0.8163136117856985 0.03744988672947913 5.304348962787056 0.008127321211045388 -0.040099773807566914 0.9991626267983263 0.3619167257367888
1567410285743808096 1567410627248321752 0.9581564833534559 0.28436856469567257 0.032721137215189204 -9.471714605277175 -0.2850456979060123 0.9583405891358545 0.018228146368152526 2.763644238525577 -0.026174482096225263 -0.02679243601594271 0.999298284727505 0.35419305916632116
1567410286443646096 1567410627748660262 0.9957491083083467 0.08952132642401664 -0.02167130403153207 -9.682028377726967 -0.08940613507955536 0.9959757733709572 0.006229114565263504 0.937548302171039 0.02214173239109178 -0.004265087738318428 0.9997457440336099 -0.007712991398409924
1567410290351690393 1567410628348186690 0.9999939635640845 0.0031026179766853353 0.0015641601854009736 9.683537614016743 -0.003077919930495243 0.9998743144777849 -0.015552545016280053 0.043203871111492216 -0.0016122171988617385 0.015547636774529857 0.999877828410272 -0.23844892095708858
1567410290950997684 1567410628940139457 0.9999826088556798 0.0034580417336460526 -0.004777440063499934 9.933123106833712 -0.0035005056322330984 0.9999541884847917 -0.00890883786169594 0.08086591288020106 0.004746414068607914 0.008925406382661105 0.9999489030317521 -0.1673458262058955
1567410288547664718 1567410629440272383 0.9999970644024205 0.001996473499811206 -0.0013730550308005372 -9.633799969676593 -0.001973689693741622 0.9998635734138446 0.016399363070024674 0.15013133412127774 0.0014056086033733433 -0.016396604943530544 0.999864578635923 0.19505490330460865
1567410289247076981 1567410630039370618 0.999991651819321 0.0036567602083834995 0.0018232927493550919 -9.719399041790725 -0.0036834774245836496 0.9998826235793904 0.014871820939749616 0.20073483524232305 -0.001768696054739559 -0.014878412844782014 0.9998877459722623 0.19817524005047776
1567410289851920838 1567410630540131455 0.9999521721799816 -5.5548749720044636e-05 0.009780095442928976 -9.650478287526923 -1.7559598202388028e-05 0.9999720618397048 0.0074749736934408536 0.1956720456109257 -0.009780237430497378 -0.007474787916290516 0.9999242343804953 0.25786218551498236
1567410290451029007 1567410631041702459 0.9999235121061061 -0.004424148300703602 0.011549755374381424 -9.536618262084378 0.004277317859943354 0.9999101173834897 0.012706758282960147 0.16825996480715188 -0.011604933835213242 -0.012656384394839853 0.9998525598530711 0.3036155765905564
1567410293450009415 1567410631543685113 0.99998268752973 0.005644249640020865 -0.0016634562883388036 9.39866751861085 -0.005637629474721745 0.9999762756405282 0.003957940121233635 0.13062838279757394 0.0016857564260083554 -0.003948493649311842 0.9999907837691185 -0.22791509784230826
1567410294043824812 1567410632044778717 0.9999762334362867 0.00034137093240673854 0.006885929746873327 10.09228591402318 -0.0005185219060085317 0.9996685069914344 0.025741158959126553 0.20337110295846014 -0.006874859825869633 -0.02574411768564876 0.9996449253144689 -0.2964596659719427
1567410294543569206 1567410632546114621 0.9999464343836032 -0.0034256330802175682 0.009766954567454357 9.825282397085608 0.0032600289664401084 0.9998515090257852 0.016921350714289705 0.1885154658071433 -0.009823470601624425 -0.01688860375690426 0.9998091190264715 -0.25511300251171065
1567410292643998661 1567410633048337635 0.9999789422097873 -0.00016915090793251348 -0.006487412810577145 -9.767922765753456 4.1400500698998914e-05 0.9998061889502672 -0.01968712327254183 0.1962574999157441 0.006489485573066382 0.019686440123091346 0.999785142244215 0.23764029963513764
1567410295844013978 1567410633639987223 0.9999202176211199 0.0017245671737858876 -0.01251336328100793 10.025656742512941 -0.0016725793494275015 0.9999899323196072 0.0041638609186209034 0.11913100895593458 0.012520418158322215 -0.004142599122875674 0.9999130352193911 -0.1619142821154544
1567410293951506601 1567410634340264091 0.9999799566483962 -0.0031126699994221156 0.005513400670081895 -9.820118206248011 0.0030745438256300256 0.9999713976650682 0.006910212155466217 0.1896586857289209 -0.0055347521840153685 -0.006893122459665728 0.9999609249270794 0.2711655831566775
1567410297644016488 1567410635040354802 0.9995150226698278 0.004534419970805441 0.030808415942160463 9.778284243584665 -0.004659712351337236 0.9999811583780052 0.003996244459193512 0.12244693480711426 -0.03078971481094912 -0.004137864727515741 0.9995173192783453 -0.48995199517336524
1567410298347190482 1567410635641714062 0.9999830760267433 0.000946250732470205 -0.005740406749607435 9.825711157560512 -0.000999266773229697 0.9999568131953254 -0.009239762451806105 0.1306787086852053 0.005731415707794446 0.009245342276043171 0.9999408355098759 -0.13173873893241875
