1565943700427982707 1565943704027745490 0.9995430886608112 -0.030188218422168282 0.001511746968057425 -10.077571882335988 0.030191468453900607 0.9995417667340579 -0.002175267054473139 -0.18845670274085907 -0.0014453867983392583 0.0022199150111865615 0.9999964914110197 0.2475929647646341
1565943704127842152 1565943706027884131 0.99904627179426 -0.04362651889637609 0.0018093266647471592 -10.490205513661575 0.043626193185383244 0.9990479003816267 0.00021911463310010423 -0.28501013732131153 -0.00181716321420125 -0.0001399716226824198 0.9999983391615236 0.2620036705608249
1565943706127856937 1565943707627799880 0.9999831968455033 -0.00567519716903458 0.0011824397428282247 -10.515676973136888 0.0056830814708418555 0.9999609021235565 -0.006774718388792292 -0.06624674562748713 -0.001143945649323901 0.006781324453545712 0.9999763522338997 0.24755913276753547
1565943707727675164 1565943709027963119 0.9993658366470507 0.035062715141668865 0.006207298094863107 -10.499529754784895 -0.03507479128484083 0.9993829827292016 0.0018473894046498829 0.2611135641868573 -0.006138693596282532 -0.002063937543110711 0.9999790280814669 0.24836023580979488
1565943709127891959 1565943710327946269 0.999527159819684 0.03073382464583044 -0.0009427647822284257 -10.770071612025669 -0.03072911428157955 0.9995168900989764 0.0046591782906211686 0.28767773775364297 0.0010855036918057462 -0.004628004917183956 0.9999887015622915 0.23630132759882952
1565943710427880000 1565943711527644026 0.9999612962795106 -0.007356978927418209 0.004825018555669292 -10.687766237271637 0.007398004514125388 0.9999361611585215 -0.008540675427925245 -0.02639905317349614 -0.0047618769629255205 0.008576040381066359 0.9999518868721512 0.27479088985749184
1565943711628143193 1565943712628105600 0.9999668195858624 -0.0005459199375662045 0.008127834813921524 -10.333267427125497 0.00046984691756953766 0.9999560975512387 0.009358536957237942 0.06205605811516917 -0.00813258699398114 -0.009354407598971904 0.9999231750926022 0.2460236715323253
1565943712727862630 1565943713727958192 0.9999631673225674 0.0006918202745659207 -0.008554845582062917 -10.831700333367333 -0.0007064898212977276 0.9999982851996279 -0.0017118615426373381 0.04700184789009775 0.008553646611688193 0.0017178424015201904 0.9999619413493368 0.26029660510473307
1565943713827964959 1565943714832421046 0.9999314072962182 0.009612604267067336 0.006691677055949522 -10.683435627153896 -0.009585579027717235 0.9999458188856103 -0.0040590599776965134 0.09718677726734073 -0.006730332630691224 0.003994637956550035 0.9999693722761159 0.3394005326621234
1565943714932362200 1565943715933911658 0.9998476266282285 -0.017448766721010926 -0.0005138733521008057 -10.308087548268615 0.017450553156878684 0.9998408606024646 0.003705626026979715 -0.035217158731208426 0.00044913297050543576 -0.003714028762493572 0.9999930021104892 0.27455043792650324
1565943716033768904 1565943717034375891 0.9986755176372619 -0.05135156241973153 0.0031980476866453863 -10.147679345718947 0.05135867848750117 0.9986778837360445 -0.0021841887545935215 -0.2859178984869229 -0.00308165799061796 0.0023455433380376663 0.9999925008771257 0.29442959259847107
1565943717134397154 1565943718134304229 0.9998235832611997 -0.01820565066037881 0.004621324353164571 -10.202791985077946 0.018230817530603176 0.9998188779322629 -0.005463389281737386 -0.11293383792069268 -0.004521022772657037 0.0055466759694497774 0.9999743970416392 0.2771526503706507
1565943718234354404 1565943719234162375 0.9998344360860405 0.017890399383544208 0.003321750503762219 -10.145092740732562 -0.01785951318325162 0.9997990391881824 -0.009105988537506856 0.12134234257614575 -0.003483992733802229 0.00904515606749083 0.9999530223697289 0.2664628603283409
1565943719334111210 1565943720433784515 0.9998044769423488 0.01977327398479288 -0.00015975594688449966 -10.81694151868665 -0.019772209801008873 0.9997916460466205 0.005071904472907061 0.1792479738763732 0.0002600108178695998 -0.005067754070537266 0.9999871250486468 0.275648083080436
1565943720533954202 1565943721634346203 0.999858305049218 0.016360963600955958 0.0039608956257678055 -10.40197068173453 -0.016352070463462213 0.99986372527495 -0.002267304757501743 0.14762565512440398 -0.003997451146415188 0.0022022146474951947 0.9999895852632644 0.3098540598446446
1565943721734245545 1565943722934364378 0.9999772566196992 0.00656846847993086 -0.001530184685987342 -10.967886507506018 -0.006576226528536445 0.999965261742738 -0.0051213818865698205 0.07994589142376748 0.001496491894542626 0.005131328250159787 0.9999857148891745 0.29464688463259264
1565943723034646448 1565943724234501795 0.9999617911287942 -0.002431510487418117 0.008396668342013879 -10.451980079134467 0.0024807300475207196 0.9999797742801007 -0.0058563648406739915 0.02036690739868559 -0.008382258700823583 0.005876970943039511 0.999947598102828 0.3502911499902929
1565943724334098777 1565943725634307908 0.999989162930534 -0.004211644024418673 -0.0019839546629521125 -10.701602066821847 0.004218794842192328 0.9999845701380565 0.0036140359557640294 0.0112580098030735 0.0019687030178685005 -0.0036223666879043937 0.9999915012978918 0.2667857580192821
1565943725734246054 1565943727135511085 0.9999957435022058 -0.002695309140164572 0.0011172672527761103 -10.582112251904501 0.00270225045473963 0.9999767641098749 -0.00625852081823112 -0.007318138438510768 -0.0011003726437113298 0.006261513314793312 0.9999797911113338 0.3123903044234909
1565943727235432075 1565943728827428690 0.9999600733533094 0.00760041623670268 -0.00469950766358625 -10.312344503184711 -0.007578406899044666 0.9999603153473937 0.004683532772399867 0.0826716011222494 0.004734917963785993 -0.004647730993341546 0.9999779893320191 0.29148116163213134
1565943728927708192 1565943731627294727 0.9999951253132955 0.0007050962868261118 0.003041741092559524 -10.304637899235237 -0.0007177632562975922 0.9999910674995804 0.00416530154539723 0.006027285490922437 -0.003038776983552597 -0.004167464490848421 0.999986698948623 0.343883857875615
1565943731727406751 1565943791526663747 0.999958591843075 0.0006189944843470716 0.009079176451448647 -10.210839843616116 -0.0006299002509214941 0.9999990835620577 0.0011983742025553246 0.028946642259658813 -0.00907842634392468 -0.0012040435556137418 0.9999580653478658 0.30552951661359745
1565943791626566901 1565943793526051645 0.9999451221740568 -0.010240223890371722 -0.00221143731366854 -10.227408806517815 0.010231908263810851 0.9999406606514883 -0.0037394156175255245 -0.04336234600033649 0.0022495985415620905 0.0037165831828016166 0.9999905631134022 0.1747423316021306
1565943793626784745 1565943795026889838 0.9999588927538317 -0.008662337529290631 0.0026789384185392055 -10.02671043897917 0.008663516268355424 0.9999623791387096 -0.0004287109996776367 -0.03199702311009661 -0.002675123995186538 0.0004519024031202508 0.9999963197411434 0.2742518560705603
1565943795126874091 1565943796334425926 0.9999365578191964 -0.0019461966739727661 -0.011094712938981711 -10.121058659140802 0.001839427726788165 0.9999519819466169 -0.009625502931097178 0.015278746499576197 0.011112913314254052 0.009604484345599296 0.9998921227003098 0.16025855662324073
1565943796434364564 1565943797534587653 0.9999667237271719 0.002335806024529043 0.007816357754845796 -10.471271576692617 -0.002335798466621889 0.9999972719680793 -1.0095804952464256e-05 0.0764572017835467 -0.007816360013413348 -8.161967455968892e-06 0.99996945175817 0.2907096279349734
1565943797634611602 1565943798634561349 0.9999888807444333 -0.0019406141631506963 0.004297953486824197 -10.359857880078637 0.0019035328575484416 0.999961078270832 0.008615016315309662 0.061964475357645266 -0.0043145046257197575 -0.008606739227059977 0.9999536534708594 0.25825753805141216
1565943798734542729 1565943799735080429 0.9999856026207885 -0.004233516434953457 0.003297254877984448 -11.034386363917138 0.004211208443476738 0.9999683954058882 0.006743434794528466 0.03988529771940061 -0.0033256991116123 -0.006729452279157913 0.9999718267018587 0.2635395347929456
1565943799834615951 1565943800734544287 0.9999895225809913 -0.0013361368289147876 -0.004378294944700572 -10.354417217852903 0.0013442711256265955 0.9999973751116604 0.0018554527582228693 0.03532374968117032 0.004375804313400984 -0.001861318933340438 0.9999886938503093 0.23165204453086435
1565943800834570920 1565943801734583745 0.9999984022782018 -0.001339635431403919 0.0011835615599417335 -10.731018119011976 0.0013398347511216944 0.9999990883711193 -0.00016762988136329247 0.037110584824786366 -0.0011833359180442456 0.00016921539044582035 0.9999992855408802 0.24770776451487758
1565943801834432535 1565943802734769913 0.9999980915653016 -0.0018477815497763004 -0.0006344833431793725 -11.075584407197548 0.001847116408081785 0.9999977456480152 -0.0010473107800370812 0.05201294097724724 0.0006364171143668078 0.0010461368167189772 0.9999992502852315 0.2579385316975558
1565943802834504213 1565943803634545727 0.9999883426981029 -0.0036746542962347727 0.00313231283768337 -10.147441182288276 0.0037104059635143074 0.9999271557572181 -0.0114854719916653 0.018659252425868876 -0.0030898795277281795 0.011496960254283263 0.9999291337636982 0.2430585375269793
1565943803734565592 1565943804534699722 0.9999743949777863 -0.006093980527635538 0.0037513717681793746 -10.437803335616415 0.00609563044857575 0.9999813296464665 -0.0004285416259340789 0.004371859955366372 -0.0037486902044184846 0.0004513976290903205 0.9999928717555634 0.2590307220157438
1565943804634593931 1565943805434319932 0.9999995409340361 -0.00033445011057779635 -0.0008979280843231654 -10.661445261590407 0.0003384952517143432 0.9999897788929826 0.004508606273887452 0.06505807023644201 0.0008964110026372877 -0.004508908148532626 0.999989433041484 0.2511167378467468
1565943805533825312 1565943806334181157 0.9999966089995652 -0.0011190096678159224 0.002351554112129352 -10.848044165798251 0.0011130395826981511 0.9999961584212061 0.0025385597729083807 0.04738562212948758 -0.0023543857513769802 -0.0025359337918432804 0.9999940129358525 0.26187822673290084
1565943806434321771 1565943807234363396 0.9999852786635091 -0.004636668015345939 0.002818468731655958 -10.990250775197142 0.004625675116673051 0.9999817182445507 0.003894394228331003 0.039893415268584 -0.002836474218257252 -0.003881299576963823 0.999988444897047 0.28707293181111254
1565943807334388181 1565943808134190976 0.9999831626397616 -0.005155819671568315 0.002663073505902794 -11.186834207248838 0.0051894124985651675 0.9999050538383718 -0.012765316541686904 -0.016016220937732056 -0.0025970049871553297 0.012778921394390083 0.9999149737518188 0.282301413376335
1565943808234385377 1565943809033338913 0.9999741612545912 -0.006835382694330599 0.002225840651822649 -11.34004172533144 0.0068417326834429165 0.9999725113361685 -0.002857842880934851 0.022978511033065467 -0.0022062450166656154 0.0028729976445961937 0.9999934391622148 0.2865101079593756
1565943809134201901 1565943809934014559 0.9999821935409808 -0.004435608012495631 0.003992240292238569 -11.499692209534032 0.004450281671803973 0.999983347494031 -0.0036741975590093255 0.003998848821443716 -0.003975876511301184 0.003691898728362586 0.999985281036558 0.2952729545491471
1565943810033403710 1565943810734402644 0.9999949787742765 0.0029472685115769066 -0.0011644889670753334 -10.203029308807919 -0.0029416429874516694 0.9999841367711437 0.004803430297326867 0.051330245658514836 0.0011786274933836922 -0.004799980667415779 0.9999877854368175 0.2187733272353465
1565943810834359795 1565943811533947354 0.9999911157232505 0.0010052781625033804 0.004093640236900293 -10.27571846375261 -0.0010112149580510674 0.9999984397360153 0.0014484370364861653 0.0615148179523955 -0.0040921777676180575 -0.001452563718410969 0.9999905720254415 0.2834372789528518
1565943811634442295 1565943812334129030 0.9999931075892505 -0.0036588119408640873 0.0006307687271225768 -10.37433148257354 0.003658462241279027 0.9999931539755823 0.000554667470853671 0.04379774911965401 -0.0006327938328297961 -0.0005523560042863204 0.9999996472373492 0.2395169025273017
1565943812434149553 1565943813134628609 0.9999885180855426 -0.004118492435615382 -0.002449840226997033 -10.474880929028352 0.004119327073099954 0.9999914591743064 0.00033574232329943707 0.03545374923634991 0.002448436551119977 -0.0003458301615064824 0.9999969427753079 0.24031890640934825
1565943813234614386 1565943813933888970 0.9999465640599454 -0.00970426512043087 0.0035631816108897133 -10.563885827825205 0.009710166176718915 0.9999515061394942 -0.0016425718219179335 -0.007569525275636866 -0.0035470688660175975 0.001677083135109016 0.9999923028177028 0.2945176938418374
1565943814033724257 1565943814734479123 0.9999913360033231 -0.003487646544348701 0.0022724963985714386 -10.471294521054842 0.0034882203366076838 0.9999938852448187 -0.0002485796825930799 0.028173099795338323 -0.00227161554474106 0.0002565044970520729 0.9999973869807239 0.3087646476817307
1565943814834517237 1565943815533984245 0.9999733205153624 0.006921258922300962 0.0023354726319411248 -10.306828392492548 -0.006932795573806047 0.9999636252568218 0.004968350709609525 0.10660304226517045 -0.0023010004380454936 -0.004984409510897933 0.9999849304158664 0.26597126326773546
1565943815634294810 1565943816333980479 0.9999545690198063 -0.009170062415357592 0.00260189387039122 -10.250067201918998 0.00915540153060248 0.999942453860539 0.005591743035843161 0.023266423763747216 -0.0026530207740926787 -0.005567667614352352 0.9999809810981994 0.27906133578245623
1565943816433941196 1565943817134156025 0.9999067227327205 -0.013651426888218248 0.00042939240298923666 -10.28685604119593 0.013652845227756285 0.999900688647628 -0.0034946615280039375 -0.04255592276739139 -0.0003816426431002673 0.003500197983546642 0.9999938014622816 0.26622740865249084
1565943817234126952 1565943817934097292 0.9999914954997731 0.0026501321214529726 0.0031600202324734545 -10.299050734458536 -0.00264981383496075 0.9999964837345672 -0.00010490542722991357 0.06305486168100792 -0.0031602871342456323 9.65310697311384e-05 0.9999950016210025 0.2812321831032956
1565943818034087825 1565943818726486614 0.9999938274965682 -0.00347186384357529 0.000539564844566596 -10.333000500403791 0.0034751551351679373 0.9999745946182695 -0.006223617502486168 0.029083354976915235 -0.0005179435841323279 0.0062254541587265875 0.9999804875371202 0.2645316101836785
1565943818826469097 1565943819527059515 0.9999813947095716 -0.006094961733281353 -0.00024834687789019444 -10.373080421775542 0.0060928792488771115 0.9999520590735373 -0.007665270840349433 0.00274805914699286 0.000295054504358374 0.007663615078220956 0.9999705905409391 0.26485990924084934
1565943819626648706 1565943820328361473 0.9999937351032374 -0.0016613369243917455 0.00312565415603869 -10.319022783670647 0.0016580913182166622 0.9999980838557206 0.0010406815414100584 0.04068046685471512 -0.0031273770895056826 -0.0010354924016277361 0.9999945736192937 0.2716583503702701
1565943820428048731 1565943821127885709 0.9999515158300015 -0.00959579557006865 0.002210587402198407 -10.340986168093874 0.009598011810868274 0.9999534438441149 -0.0009941396204097657 -0.001069762889364621 -0.002200944925180354 0.0010153086643710759 0.9999970624905736 0.27290809185970555
1565943821227888656 1565943821927993397 0.9999985502686715 -0.0013291669193329749 0.0010643194348648529 -10.307562854134598 0.001329333612436986 0.9999991042790068 -0.0001559273320021288 0.039727881794047126 -0.0010641112280798226 0.00015734194154888278 0.9999994214552418 0.2829612832804401
1565943822028481304 1565943822728135492 0.9999813074575206 0.0037925404679509944 0.0047959745988174 -10.272257174164436 -0.0038164330293200843 0.9999803045986773 0.004982494724247488 0.08709492989476426 -0.004776983827299476 -0.005000705104619548 0.9999760864010605 0.2912304486702693
1565943822828024922 1565943823527956867 0.9999712533049837 0.00450766190812011 0.006097011381965297 -10.143155824263392 -0.004497137799864039 0.9999883762362066 -0.0017387190940047871 0.07595949523324545 -0.006104778069574058 0.001711250011225317 0.9999799014520893 0.288668434412022
1565943823627856632 1565943824326860235 0.9999631019071125 0.008549060233848433 -0.0008416611150814071 -10.094450519744358 -0.008554825945972282 0.9999381770262843 -0.007103314605528083 0.09577640059271947 0.0007808824166657452 0.0071102527711109425 0.9999744169368479 0.258330995034646
1565943824427562873 1565943825127775313 0.9998805536792301 0.01433610691297746 0.005775327930544125 -10.073544724116461 -0.014280786912111954 0.9998528113465027 -0.009508668028250811 0.11206805500782945 -0.005910795149255557 0.009425056025315768 0.9999381134948445 0.2798446262048738
1565943825227635395 1565943826027956324 0.9997343145956968 0.023048264034581042 -0.00027882768015408756 -11.471694555277367 -0.02304810125355575 0.9997341926942854 0.0005735734604853405 0.20801641953430644 0.00029197343828003857 -0.0005669946217838451 0.9999997966342918 0.30703044638790045
1565943826127822862 1565943826927969317 0.9999678767887945 0.007552594925572921 0.002683971014094853 -11.429536573633667 -0.007586619308113078 0.9998879940590694 0.012901261334262408 0.13217917472515492 -0.0025862323925086883 -0.012921209170637441 0.9999131731083418 0.2860708955220021
1565943827028008488 1565943827827927574 0.9999923560057257 0.0030686442447966063 0.002423087415290586 -11.441770312691316 -0.0030890995760000403 0.9999592411579835 0.008483718911564835 0.06093608165352579 -0.0023969551378407263 -0.008491139220373511 0.9999610768229031 0.3245978195879287
1565943827927958574 1565943828727871834 0.9999894889528029 0.003374520105374399 0.0031039648803815392 -11.354298773733994 -0.0033731748432034086 0.9999942146728431 -0.0004385343009551699 0.07963296311273935 -0.003105426765744398 0.00042805947525180243 0.9999950865327769 0.34286343631267474
1565943828827114089 1565943829628257118 0.9999706355825941 -0.0021985233344461452 0.007341285153019254 -11.263851725462166 0.0022196782956629356 0.9999934044288813 -0.002874739468000817 0.031004893568479536 -0.007334916551249926 0.0028909503442676667 0.9999689202196743 0.31852233091514975
1565943829728475992 1565943830527871477 0.9999624648340212 -0.008219152125800893 -0.002741251795296503 -11.23828411723302 0.008212268652668461 0.9999631212004834 -0.0025129430093744826 0.007507345401485768 0.002761804962098769 0.0024903367894541294 0.999993085304112 0.2647931980585882
1565943830628037738 1565943831428093186 0.9999711181090322 9.55815156060197e-05 0.007599592880425001 -11.16783242481551 -4.738250554276116e-05 0.999979886659263 -0.006342241861458728 0.05366860988543289 -0.007600046228313143 0.0063416985977691265 0.999951009878101 0.3200037643653932
1565943831527987491 1565943832327782815 0.9999838691158405 -0.004762982744073956 -0.0030944310455121647 -11.174972033679364 0.004763719323295152 0.9999886268116029 0.00023070687514067147 0.023186653509560683 0.003093296999099984 -0.00024544415460060005 0.9999951856238384 0.29160684609077503
1565943832428016638 1565943833227972299 0.9999911936603434 -0.004084894652267443 0.0009624123085895229 -11.139766659149583 0.004082043851273693 0.9999873297606322 0.0029457148883702588 0.028651700849443247 -0.0009744330495894936 -0.0029417603381572993 0.9999951982516512 0.3060762385474908
1565943833328018895 1565943834128133047 0.9999863634080054 -0.003796605978396876 0.003585914258697586 -11.172194586043657 0.0037899882493188106 0.9999911058265147 0.0018504747886583322 0.024361556192782404 -0.003592907888598764 -0.0018368589815849655 0.9999918584478588 0.3056822860818734
1565943834228119183 1565943835028141361 0.9999878578766783 -0.00191699554097213 0.004539738682688049 -11.131024278090015 0.0019122163481970751 0.9999976132425111 0.0010568528427215684 0.03458479493770476 -0.004541753829618955 -0.0010481590477581513 0.9999891368583793 0.3200836665699084
1565943835128046955 1565943835928018666 0.9999983804559293 -0.001654762243640069 -0.0007077057629214772 -11.158078746970185 0.0016573466971780727 0.9999919030674281 0.003667015342386014 0.06070868221546956 0.0007016319941404318 -0.0036681823173017225 0.9999930260512022 0.263850913345936
1565943836027997069 1565943836827704832 0.9999953468998495 -8.472981688409308e-05 0.0030494260945523486 -11.117261617879077 7.997421458223664e-05 0.9999987806323103 0.0015595954661896518 0.06426738614754957 -0.003049554520418833 -0.0015593443337787677 0.999994134314036 0.3215755039906306
1565943836928151297 1565943837728287451 0.9999960793614259 0.0005474598980495762 -0.0027461881669580707 -11.084540753665328 -0.0005444702176238255 0.9999992584939777 0.0010892950405830832 0.05445883027601747 0.0027467824759950235 -0.001087795552181696 0.9999956359339173 0.30536116536004176
1565943837828034210 1565943838628272748 0.999995241051572 -0.0030087689138135797 -0.0006820438686022557 -11.111737045954934 0.0030026627915321078 0.9999569155225375 -0.0087835707326964 0.025451647207868057 0.0007084422176715635 0.008781480984390196 0.9999611910976117 0.3283336377825115
1565943838728218053 1565943839527957216 0.9999566526540287 -0.007982525362850424 0.004792922051969605 -11.139930106271612 0.007987341593947914 0.9999676140087176 -0.0009865637255606098 0.011195502658339967 -0.00478489155847571 0.0010248036663042474 0.9999880272234448 0.3480029851982124
1565943839627837641 1565943840427932733 0.9999675496832338 -0.007973319116899224 0.0011514177214523844 -11.152901741424621 0.007978411059740294 0.999958102314838 -0.004487602017679999 0.0020679804072971544 -0.0011155883967584215 0.004496642877456413 0.9999892677750939 0.289005044079258
1565943840527868799 1565943841327691379 0.999996345159868 -0.0027031725250637644 -5.025153143692124e-05 -11.167407643273208 0.002703048307873577 0.9999936406396494 -0.0023264157220012553 0.027304104461866985 5.653991493105698e-05 0.0023262713870067075 0.9999972926286773 0.2665474082110571
1565943841427732088 1565943842227999972 0.9999776113283501 -0.006521322110244476 0.001499733308443843 -11.232890361724127 0.0065190976581989205 0.9999776502431763 0.001483367747052288 0.022516279062911156 -0.0015093733086552967 -0.001473557628519643 0.9999977752075999 0.3322220368801616
1565943842327924264 1565943843127581402 0.9999899031763055 -0.0013643567379671945 0.004281597382080334 -11.116265289264957 0.0013545736468022203 0.9999964674090298 0.0022869848494599266 0.04414503098374351 -0.004284702520136785 -0.0022811620191970972 0.9999882187426833 0.3152496657889443
1565943843227495496 1565943844027698038 0.9999886895989412 0.001540957501227012 0.004499569333895213 -11.126056724869715 -0.0015676216320592582 0.9999811979742522 0.005928428156176626 0.10371158496843456 -0.004490349277039021 -0.0059354147254991555 0.9999723034241591 0.31415043225808975
1565943844127161275 1565943844927866916 0.9999854712643479 -0.0051178484710847705 0.00169259778551878 -11.123159489092012 0.0051374807549229885 0.9999171157107319 -0.01180542249279628 0.010795828863981555 -0.0016320391322990715 0.011813946663482346 0.9999288810273037 0.28682077605589124
1565943845027906403 1565943845828237222 0.9999814844782584 -0.006055509639474248 0.000601251754378847 -11.155651197273421 0.006052761483051721 0.9999716826008602 0.004471920711356847 0.014595826155317331 -0.0006283144874670328 -0.004468198677950977 0.9999898201589329 0.28069586231278765
1565943845927968470 1565943846725553648 0.9999976186261587 -0.0018347668646062842 -0.0011816820994826694 -11.107146794134353 0.0018253153573520176 0.9999667293652774 -0.00795037020362284 0.013418090557290964 0.0011962298599807535 0.007948194328335724 0.9999676970987953 0.2886497605894685
1565943846825911956 1565943847626058593 0.9999861747118189 -0.0025318056071580407 0.0046087249428477025 -11.075505755411927 0.0025285651110964133 0.9999965519653203 0.0007088130642124591 0.04258889293658534 -0.004610503628694081 -0.000697149803570154 0.9999891285601349 0.32827146083849756
1565943847725932780 1565943848526225444 0.9999562963816913 -0.008762036666001284 0.00326068092336387 -11.060252035102357 0.008763914683334538 0.9999614381686937 -0.0005621165555606169 0.023473101327809765 -0.0032556298996656327 0.0005906683184551738 0.9999945259774693 0.30071311700443365
1565943848626204778 1565943849427883945 0.9999995919330016 -0.0002929768727816415 0.0008545749767816954 -10.969099279989852 0.0002939682992735043 0.9999992837067748 -0.001160245049327124 0.044135639886251764 -0.000854234439689377 0.001160495793821982 0.9999989617659811 0.2983811041343971
1565943849527968721 1565943850327920175 0.9999996079484567 -0.0004801027014223451 0.0007440459181542632 -10.972506656559098 0.0004831465875726927 0.9999914937126549 -0.004096226520602114 0.04357923724128197 -0.0007420729796676842 0.004096584397916739 0.9999913336244308 0.29358079068305676
1565943850428084468 1565943851229252747 0.9999748557291211 -0.006795140744246163 0.002028292829000264 -10.985858155674205 0.006791294869362342 0.9999751395107283 0.0018970172664658728 0.01746897110773713 -0.002041132903967769 -0.0018831948326665084 0.9999961436694181 0.306725831315636
1565943851329161017 1565943852129353710 0.9999747552615221 0.006061087024156099 0.0037083775099286424 -10.790690990123062 -0.00607709609023025 0.9999721982404319 0.0043210703909468086 0.09910510055378687 -0.003682084026831213 -0.004343497473121281 0.9999837880120565 0.2981835495029737
1565943852229388632 1565943853029252307 0.9999704585857184 0.00737474328943535 -0.0021668219327698472 -10.749113089944682 -0.007383473776389139 0.9999645436023984 -0.0040491793056347805 0.0978401803501344 0.0021368834471581157 0.004065058360070187 0.9999894544592317 0.23600792391392414
1565943853128960428 1565943853929063685 0.9999947534377598 0.0023855381182344647 0.0021914161742961026 -10.722685676102946 -0.0023769635107565115 0.9999895421655828 -0.003907122207384358 0.06127290944026656 -0.0022007138457865918 0.003901892792141469 0.9999899659952686 0.2923662946745209
1565943854029207722 1565943854829275718 0.99999910659073 0.0013180572912741169 0.0002225819565586087 -10.656504411345981 -0.001318587925083303 0.9999962484577676 0.0024009157164695425 0.06441758446080563 -0.00021941657706713401 -0.002401207065349134 0.9999970930262787 0.28568386106216975
1565943854928858496 1565943855729034093 0.9999897775299244 -0.0043244234969517644 0.0013206805349070963 -10.650602266555738 0.0043277272444677386 0.999987487715701 -0.0025090215114978655 0.0163024842112998 -0.0013098139385978513 0.0025147114082327807 0.9999959802989172 0.28916573549915614
1565943855829011155 1565943856629083817 0.9999978012767627 -0.0013891256955644985 0.0015709142080970108 -10.660603087713218 0.001399930138425263 0.9999752303155666 -0.0068977497017105385 0.010227938507838243 -0.0015612934556952928 0.006899933705612992 0.9999749763257171 0.2933279620737763
1565943856729023898 1565943857529073390 0.9999605048006145 0.00885068520776641 0.0008088326528964721 -10.54657350902588 -0.008856612631505834 0.9999315559769933 0.0076448527864868745 0.11287365829850148 -0.0007411151076631045 -0.007651714368991343 0.99997045057123 0.34106909154721626
1565943857628711981 1565943858428862825 0.9999630448883857 0.004528188773697454 0.007307828951461863 -10.297195116958788 -0.004525409675288769 0.999989681562612 -0.00039678153640922224 0.09637187516794794 -0.007309550247785279 0.00036369595346062234 0.9999732187415996 0.37916287418249095
1565943858529022794 1565943859430342607 0.9999543469762598 -0.008881625098427218 0.003524301193241801 -11.2041981998506 0.008883872628447457 0.9999603438132137 -0.0006225817927881882 -0.0317969097548583 -0.003518631894818902 0.0006538628129522805 0.9999935958260051 0.3202801988843665
1565943859530299616 1565943860430592666 0.9999687761014574 -0.007893605737017513 0.0003712285597415558 -10.915665791626182 0.007892527687259614 0.9999648744980932 0.002820953160898562 -0.013890294966801275 -0.00039348301220657535 -0.0028179351480552843 0.9999959521981375 0.32727151887892303
1565943860530541705 1565943861430572489 0.9999020951724035 -0.01368594791546539 0.0029146010881627676 -10.660140419316129 0.01368422795230558 0.9999061809605777 0.0006092472326416366 -0.05017053527272569 -0.002922665768981138 -0.0005693035187150777 0.9999955669493299 0.3322340580107879
1565943861530485014 1565943862430644133 0.9999963518523757 0.0005262587840641811 0.002649402503849529 -10.369977763781447 -0.0005113396708351789 0.9999840282581645 -0.005628655284749096 0.02756041206401342 -0.0026523223175620126 0.005627280005980227 0.9999806492658072 0.3084311960532475
1565943862530496757 1565943863530288411 0.9999932463816509 0.003628411134601944 0.0005846569412274381 -11.206367511349331 -0.003627255435976428 0.9999914892987868 -0.0019657944963944367 0.05063573913927104 -0.0005917846760262127 0.0019636605201002215 0.9999978969119236 0.283307559423802
1565943863630527643 1565943864631800273 0.9999963164647667 0.0024140194174762427 0.0012407929579357287 -10.588108447682071 -0.002410764195775121 0.9999936662480031 -0.002618335325058684 0.03446630922438807 -0.0012471058113769768 0.0026153344210910257 0.9999958023676768 0.31480818955915063
1565943864731963291 1565943865826042944 0.9999677964186522 0.0032161376190329625 0.007352726327381041 -10.435975548406498 -0.0032201204699236325 0.999994674996019 0.0005299092132502097 0.027841971139047617 -0.007350982913129399 -0.0005535688128324915 0.9999728279367398 0.3189418707780785
1565943865925809321 1565943867125999559 0.9995131997174626 0.03118069433152583 0.001062022399759895 -10.273920917470868 -0.031172505698055717 0.9994894428946571 -0.00700916761368624 0.14816703045373997 -0.0012800308895584808 0.0069726496496036895 0.9999748715231802 0.32045653997868495
1565943867225819377 1565943868730275407 0.9722400939264001 0.2338367315055733 0.008341628184750455 -10.17862418185044 -0.23391326372703086 0.9722078299072429 0.00982448571767627 1.3662871832548784 -0.0058124706064448 -0.011502976390424458 0.9999169449107351 0.34411116242017925
1565943868830392027 1565943870930318024 0.8638130986186019 0.5037591472555106 0.007324766981540504 -9.759846784309666 -0.5037149413469862 0.8638406739199512 -0.007109707822847342 3.007558264383182 -0.009909011995714642 0.0024518641742397873 0.999947898564399 0.42481865287255616
1565943877131598480 1565943878831723634 0.9999951113066969 0.0015348495403736937 0.0027242612951009107 -10.454373747926812 -0.0015408936052117867 0.9999963532848141 0.002217896297974894 0.14329901565113926 -0.0027208472233826494 -0.0022220832521686767 0.9999938296491722 0.20839863356966115
1565943878931429729 1565943880331582946 0.9999818470489207 -0.005893022659325781 0.0012561276076951283 -10.489029435712352 0.005891346481275621 0.9999817561400973 0.001333950372562955 -0.006323492422676834 -0.0012639656908508786 -0.0013265258744655983 0.9999983213585103 0.21677649418940442
1565943880431524756 1565943881625573992 0.9999901832268456 -0.0033118303349909273 0.00294367623869346 -10.210859448994617 0.003320962259712635 0.999989671983959 -0.0031027624945188658 0.00823378404779986 -0.0029333700134063843 0.0031125078730967867 0.9999908537757304 0.2281192232754323
1565943881730057995 1565943882830285755 0.9999898222006139 -0.004410730093702525 0.0009491866211521188 -10.278144992219291 0.004411253678896778 0.9999901189952468 -0.0005502298232890999 0.00776115786137584 -0.0009467503269946415 0.0005544113261348602 0.9999993981457758 0.27312198492825673
1565943882930232643 1565943883930464234 0.9999808148480378 0.005739189578056963 0.002330587661973532 -10.129823483670005 -0.005734269654069491 0.9999813281091136 -0.0021122463566444726 0.07043150661719572 -0.002342666727771251 0.0020988416147708342 0.9999950533760065 0.23720000543813155
1565943884030194328 1565943885030169664 0.9999966015940486 0.0005395733140598155 -0.0025506197294168217 -10.788928308157438 -0.0005440599357907713 0.9999983055456823 -0.0017586655599308887 0.032844901039912444 0.0025496664785036828 0.0017600472732774047 0.9999952007057122 0.2611092121092501
1565943885130297698 1565943886030026326 0.9999995226714286 0.00043839173247256334 -0.0008731950556271153 -10.16313437891389 -0.00043975269016486885 0.9999986880462783 -0.001559013562426048 0.028879362034763163 0.0008725104513790964 0.001559396808138671 0.9999984035022841 0.23436338944414725
1565943886130083124 1565943887030212525 0.9999995651598182 0.00022851184859802145 0.0009041363369390438 -10.431899495734775 -0.00022756093649280198 0.9999994210730511 -0.0010516984313687057 0.030149337658090115 -0.0009043761390627125 0.0010514922279363577 0.9999990382334939 0.2688089822899895
1565943887130296270 1565943888030265192 0.9999806843456535 0.0002286188355909843 0.006211172920115426 -10.688423944452326 -0.0002535395942739059 0.9999919207342359 0.004011755717525301 0.042536448381461534 -0.006210205575477698 -0.0040132530061008295 0.9999726631998673 0.3223288010623223
1565943888129998772 1565943889030240850 0.999992169794354 -0.002530681772593842 0.003042367459074307 -10.9695934002396 0.002544060509069783 0.9999870764106203 -0.004401677846972728 0.018266717799421822 -0.0030311888948703365 0.004409383347836642 0.999985684513723 0.27268709875884684
1565943889130181454 1565943890030258662 0.9999915029551816 -0.0032814797817470134 -0.0024951769249132987 -11.256451497244086 0.0032982721459640617 0.9999717394543515 0.006755863637918597 0.03360216622239442 0.0024729371799157842 -0.006764036005593255 0.9999740658630218 0.2774983917136112
1565943890130234934 1565943891029998297 0.9999666510893354 -0.00568577478546504 0.005862480215473607 -11.202293910278286 0.005701306424703969 0.9999802730325577 -0.0026360293608463105 -0.014810400424170663 -0.005847376697243211 0.0026693652482558347 0.9999793411240789 0.354381792086424
1565943891129977304 1565943892029924998 0.9999925461241994 0.0012057387600853233 0.0036679544826242827 -11.120537821639187 -0.0012062051395930653 0.9999992647292786 0.00012494024991334466 0.04101215497372046 -0.0036678011403822592 -0.00012936362417305183 0.999993265227251 0.2930511685740721
1565943892130023185 1565943893030138033 0.9999932767404057 -0.0036644081713357443 -0.00013633323870399855 -11.211724619293445 0.0036640481030996838 0.9999900266007302 -0.0025537130961082667 0.008787048197668098 0.00014568972613540778 0.002553196395287435 0.9999967299760001 0.3120538151405142
1565943893129986387 1565943894029601881 0.9999995553520734 -0.0009058549634243522 -0.00026214967071620815 -11.343289610963312 0.0009054758596213399 0.999998549424139 -0.001442658342402213 0.0355475999222944 0.0002634561296682238 0.00144242033072873 0.9999989250066534 0.31593760233430374
1565943894129549956 1565943894929487652 0.9999881050776072 -0.0034141528678036854 0.0034832834366462485 -10.128935430225 0.003411003166380796 0.9999937686650274 0.0009097738866713171 0.02091042234720451 -0.003486367838264244 -0.0008978815741498033 0.9999935195029962 0.28400635228605436
1565943895029519598 1565943895832896830 0.9999994901849582 -0.0010020212803278036 0.00012483262512706498 -10.230951540355793 0.0010021089437298625 0.9999992499570163 -0.0007041754596158976 0.014629231567352102 -0.00012412693270150778 0.0007043001965068099 0.9999997442768368 0.2771720713403501
1565943895932801961 1565943896724699393 0.9999941842898741 0.0013958227804643669 -0.003111762395917797 -10.169162292040907 -0.0014014631856724188 0.9999973777878748 -0.0018111649066717647 0.03294162657996767 0.0031092261709811746 0.0018155153939018527 0.9999935182872431 0.26310703341561553
1565943896824967700 1565943897725020240 0.9999738014205547 -0.004529488830206207 -0.005646255703524553 -11.302889740197493 0.004523878341454311 0.9999892611451736 -0.0010060412975426663 -0.0038982689900451976 0.005650751922024638 0.0009804719668022573 0.9999835537034886 0.344880778417445
1565943898824825220 1565943899724962461 0.9999977352572093 0.0019522390597469122 0.0008474922547370389 -10.902381755492302 -0.0019514871106010789 0.9999977022970715 -0.0008871858042567409 0.03893127552578403 -0.0008492223062316418 0.0008855299247973909 0.9999992473288443 0.30546278054241777
1565943899825005591 1565943900724716293 0.9999878098989292 0.004930795985236988 0.0002594311257827747 -10.602841496910045 -0.004931551461830263 0.9999833493782616 0.0029967926892338344 0.06732455285606166 -0.0002446502327323922 -0.002998035555975798 0.9999954759543077 0.30994042758845863
1565943900824962724 1565943901724840344 0.9999912085559755 -0.0038845526077235545 -0.0015789432545488334 -10.334905984479947 0.0038812536076330093 0.999990289907984 -0.0020870937185328187 0.0047111299085767855 0.0015870353482117347 0.002080947090762311 0.999996575483146 0.28207214485881477
1565943901824841056 1565943902825094134 0.9999653918129436 0.0023610138806747587 -0.007977517775020164 -11.032076268210112 -0.0023937123653434314 0.9999887637146492 -0.00409177046895712 0.029682167348338673 0.007967767410480811 0.004110724743142153 0.9999598075045797 0.33889073231643374
1565943902924915746 1565943904026367918 0.9999885569073818 0.0015365898968528067 0.0045304465320593805 -10.87042784692813 -0.00155616516026454 0.9999894558891737 0.004320469936430895 0.10418255881868596 -0.004523759972073918 -0.004327470619946441 0.9999804041048774 0.407766182949931
1565943904126938478 1565943905426788506 0.9998493725084465 -0.017353502369606928 0.0002970689903075235 -10.286985780380046 0.01735428516559952 0.9998452718851462 -0.002874208641846183 -0.09633613579763751 -0.00024714543890571455 0.002878931126980088 0.9999958253286404 0.3563691109780918
1565943905526803338 1565943907227106364 0.9998904941574823 -0.01479277490968768 0.00041653808989994235 -10.6593094995129 0.014792802104208141 0.9998905785769227 -6.228179918329416e-05 -0.08563345683588502 -0.0004155711910718177 6.843674449456142e-05 0.9999999113085051 0.4035543490978729
1565943921528097060 1565943950429798434 0.8798118044590402 0.4752026178456173 0.010661178508984194 -9.61472650859438 -0.47530097400699156 0.8797631409004665 0.010285913715340654 2.75324327196848 -0.004491418766300226 -0.014116936835786064 0.9998902636048825 0.16126792287362385
1565943950529802472 1565943953229555298 0.802298817613876 0.5968716450116583 0.007800425402224424 -8.92769255060165 -0.5968597571399806 0.8019561995600004 0.02499368508421577 4.54890709897875 0.008662422420600236 -0.02470816400203902 0.9996571757705048 0.2426411562882963
1565943953329477447 1565943955029249261 0.9961911207579301 0.08689730513339691 0.007218676028987266 -10.390323682328242 -0.08683048509830643 0.9961814892184078 -0.009105349866432095 0.7220315211948733 -0.007982341802431415 0.008443867546969583 0.99993248938126 0.3123131999914483
1565943955128568949 1565943956429534901 0.9998960296236886 0.012584388072776133 -0.007040107926884905 -10.057664802370786 -0.012487261169496841 0.9998285285486016 0.013674129180155781 0.16579798532822004 0.007210981297521513 -0.013584795809454753 0.9998817205407609 0.14106147631733118
1565943956529566784 1565943957729408974 0.9997894269928183 -0.018231576979506656 -0.009418666265052339 -10.544136109776487 0.018259380739917955 0.999829151627279 0.002874468868286554 -0.06700996692629652 0.009364651000800523 -0.00304584259612868 0.9999515119017106 0.22054296959673675
1565943957829361905 1565943959029547439 0.9993096931362659 -0.03638202706337574 0.007515671005542116 -10.863189181642321 0.036439453971280185 0.9993065755164277 -0.007650772765996564 -0.20199032246823634 -0.007232108833427943 0.007919358332713103 0.9999424885289306 0.3396278319476457
1565943959129801873 1565943960229456121 0.9999101015488574 -0.013293186310466318 0.0017549980816443502 -10.470209996531818 0.013297560743510076 0.9999084460547399 -0.0025048725865520175 -0.0758582400406306 -0.0017215396666687565 0.0025279845959812744 0.9999953227865911 0.25190495303247085
1565943960329392677 1565943961329423384 0.9999273545768731 -0.010696861849978246 0.0055554221672034 -10.119883306846148 0.010721484142648884 0.9999327481862099 -0.004421411828390692 -0.04100890337015626 -0.005507753323476036 0.004480653003728938 0.9999747938833211 0.2167669070840115
