1565943729327160780 1565943763926849671 0.999983439031027 0.002631463276218179 0.005118306819754253 -9.91589080255887 -0.0026472202438281188 0.9999917706757105 0.0030742162984335377 0.011698745098616141 -0.005110175012254842 -0.0030877146718603084 0.9999821759058813 0.32465519040565055
1565943729327160780 1565943764427109605 0.9999762953413933 0.0023105254684540745 0.006486156594248586 -9.94642707898401 -0.0023309632431538657 0.9999923371510312 0.003145194681110121 0.012815563734597944 -0.006478839839395798 -0.003160239117954144 0.9999740184240137 0.3216946786056202
1565943729327160780 1565943765027145254 0.9999751186699356 0.001979069302599438 0.006770917644566249 -10.081947351129589 -0.0020016998713855002 0.9999924281958129 0.0033371767526653886 0.009596059014493475 -0.006764261872434921 -0.0033506470642477664 0.9999715085569106 0.3290433931317151
1565943729427663967 1565943765626958165 0.999972903985041 0.0022643188563804466 0.007004581061215925 -9.798700526976694 -0.0022915681470308605 0.9999898291182985 0.00388463323766098 0.005330260206258307 -0.006995713770160214 -0.003900579454423601 0.9999679222198982 0.3209572757451143
1565943729427663967 1565943766127621382 0.9999701363541156 0.0021226482415424926 0.00743106751255295 -10.06083206421183 -0.002163638494175782 0.9999824660220186 0.005512378524742162 0.0018725060727312315 -0.007419236375796296 -0.005528292048744668 0.9999571955432075 0.3288570230088355
1565943729527718410 1565943766727084346 0.9999829212518914 0.0024518747922171024 0.005305234635704045 -9.932278818097373 -0.0024711550744417874 0.9999903556521633 0.0036307017591830216 0.007424479920652205 -0.005296281444054472 -0.0036437498088338033 0.9999793360316016 0.32513438799396316
1565943729627487492 1565943767227132021 0.9999816611698173 0.0024999742442081883 0.005516108486037416 -9.685855272745012 -0.002522137665928356 0.9999887606244008 0.004014653967272531 0.00919224733348787 -0.005506009956904573 -0.004028492728197597 0.9999767272795413 0.3195813299647534
1565943729627487492 1565943787726701851 0.9999817202063663 0.003090349540298606 0.005197017686807461 -9.79957336375081 -0.003111640344180519 0.9999867797687945 0.004093651428296003 0.00731115601945355 -0.005184298167222291 -0.004109747847096467 0.999978116273128 0.32483131533284804
1565943729627487492 1565943788326389732 0.9999448170512686 0.002589013541936552 0.010181348691896495 -9.887937483635794 -0.0026297466596440513 0.999988584462378 0.0039894081564261 0.004859722242979996 -0.010170903834585842 -0.004015962376833274 0.9999402105933062 0.32721764701146744
1565943729727549436 1565943788826462802 0.9999372438344799 0.002478804456036457 0.01092537968089421 -9.729483826354429 -0.0025245352823521946 0.9999881023991368 0.004173940798687213 0.012049023018825532 -0.010914903312036334 -0.004201260364645245 0.9999316048095691 0.31574773874660267
1565943729827754000 1565943789326477976 0.9999380344532895 0.002401268231010704 0.010870196160909772 -9.866389619101387 -0.0024375005933875782 0.9999915141961491 0.00332116343417758 0.012578643138312827 -0.01086212891431277 -0.0033474537460621706 0.9999354022680023 0.3192832628414538
1565943730027440743 1565943789826862855 0.9998914266340072 0.0013391049414792822 0.014674526968929522 -9.878792221457111 -0.001404071585232805 0.9999892559175666 0.0044177632824654945 0.009161762478205524 -0.014668453455959995 -0.004437887717379734 0.9998825639172954 0.3197010162055427
1565943730427524494 1565943790426572425 0.9998850127702383 0.001285992707305852 0.015109846465775493 -9.792714570777884 -0.001338452582749852 0.9999931104859189 0.0034623005914194353 0.013981033439016936 -0.015105289872964275 -0.003482126284092722 0.9998798452886221 0.337168472888064
1565943731027365931 1565943791026743269 0.9999010916226383 0.0006872914779723935 0.014047583503580248 -9.843144033018401 -0.0007305691179564378 0.9999950025736454 0.0030758895475145286 0.02134767341532645 -0.014045399269142918 -0.0030858480469599255 0.9998965968044976 0.33206437646508963
1565943732327407538 1565943791626566901 0.9999653494801328 6.931376090388592e-05 0.00832436392020952 -9.710458122040581 -7.888002265222183e-05 0.9999993369427927 0.0011488654949272992 0.0245367780541508 -0.008324278768491712 -0.0011494823121553294 0.999964691913368 0.2940745321645579
1565943911726690879 1565943925329743339 0.9821242185499226 0.1880241923313418 -0.008883830021574063 -9.820501350881164 -0.1878434938337821 0.9820331293005873 0.018048678079516805 0.9764911649955242 0.012117803514811416 -0.016057274184826668 0.9997976409172704 0.21739103266919754
1565943911926563449 1565943925829788438 0.9732850073668178 0.2292530219004294 -0.012623247779020118 -9.872488661768323 -0.22895964554514336 0.9732055394415531 0.021176843771393932 1.1368140496901435 0.017139870093191442 -0.017720890208933922 0.9996960512592766 0.21853741030144452
1565943912126470874 1565943926429645987 0.9629928847562242 0.26910481485441795 -0.015076555675914127 -9.97800548935662 -0.2686879209460089 0.9629024350554648 0.025014030102498124 1.3270983164975794 0.021248648112084212 -0.020037444608195863 0.9995734068926561 0.20566226171475968
1565943912326425552 1565943927029594634 0.956278977554746 0.29184831976531456 -0.018843442812027406 -9.899852452919152 -0.29118889200824183 0.9561486165944192 0.0314460197099065 1.4630339557590162 0.027194599792240242 -0.02458416634230123 0.9993278103342266 0.188968408716798
1565943912326425552 1565943927829410758 0.9539580910299658 0.29937931132169526 -0.01832998938934468 -10.001376213645337 -0.2987273053339471 0.9538152237745648 0.0315993029005995 1.501927471566915 0.026943600471811668 -0.024668742335854754 0.9993325250111672 0.19020621259290804
1565943912326425552 1565943946629623536 0.9537037871992541 0.3002066641816687 -0.018029006148658787 -10.017140662464282 -0.2995682119151742 0.9535591815748827 0.0313651660953175 1.5033872387231106 0.026607756232704182 -0.02451216055667713 0.9993453763805148 0.18977844522668086
1565943912426422395 1565943947229526520 0.9518595926069138 0.3060018789773808 -0.018060067123724394 -9.917159560405386 -0.30539073703434383 0.9517455991395064 0.030278907711630762 1.5352127838128704 0.02645399205831069 -0.023305891549170763 0.9993783176171476 0.18279188542457336
1565943912526533747 1565943947729537300 0.9472701162533712 0.31992767531710514 -0.01804465071764341 -9.938400166852116 -0.3193145810367011 0.9471640849982816 0.03030502312715044 1.620342755176278 0.026786660685591396 -0.02294512269685849 0.9993778045132612 0.1836219287187225
1565943912726801414 1565943948329552208 0.9399543689930147 0.340813272197967 -0.01822354808089404 -9.945729017663576 -0.340236852593908 0.9399007977833258 0.02872933106186003 1.767368587793707 0.026919664706926402 -0.02080393760770435 0.9994210963513228 0.1899892980822964
1565943913126823514 1565943948829738183 0.9315193865093513 0.3632032335301311 -0.01884260360235302 -9.796414443471255 -0.36294554688633485 0.9316768275401737 0.015773998227486697 1.8853397514284371 0.023284384308759565 -0.007854946082448314 0.9996980230396669 0.17931202813519834
1565943913726932226 1565943949429715816 0.91754740606351 0.3969014542598379 -0.023999859011208505 -9.74622805017981 -0.3968776061153444 0.9178522366758392 0.005952931489689066 2.143591990825207 0.024391051438709472 0.004062909744636096 0.999694237941847 0.14686578938906872
1565943915326475232 1565943950029481557 0.9009818480269965 0.43382098769558647 -0.005573164333512104 -9.64500731097157 -0.43376617644115695 0.9009818781835385 0.008863371846490258 2.4431520268646896 0.00886643679739124 -0.00556828696237528 0.9999451887372766 0.17762302629807025
1565943922028057479 1565943950529802472 0.8742456247284566 0.48529550476107336 0.013522599670297689 -9.44612584718913 -0.4853992428906878 0.8742741416050771 0.005683337211273282 2.786091762415867 -0.009064361218345503 -0.011532492332687954 0.9998924137007457 0.1948327946426641
1565943923530104444 1565943951129227696 0.8227961635533324 0.568001473995835 0.019514066220968036 -9.230384515528513 -0.5678339889773132 0.8230274920605536 -0.013795226516240057 3.436487158557729 -0.023896321977076557 0.0002699093894927374 0.9997144056903952 0.2445588322782579
1565943924729593419 1565943951629760050 0.765691490672583 0.6426264215121762 0.027346361477321453 -8.786096380010617 -0.6425250513323165 0.7661455844123239 -0.013509326256543639 4.17610874116425 -0.029632744084875394 -0.00722674615261244 0.999534729070506 0.3064515133028055
1565943927329710170 1565943952229674734 0.7634709253401873 0.6438212569943857 0.051052279110445055 -8.65110057821424 -0.6440809723455551 0.7648402205822944 -0.013384246039481918 4.1557213996462306 -0.047663898525121866 -0.022663318861166654 0.9986062921670391 0.5518329943257042
1565943700528076554 1565944072427236385 0.9967752896409484 -0.07992454489935065 0.007147662824915925 9.775314113970992 0.07991983687407576 0.9968008485367493 0.0009423536788896804 -4.204960666392114 -0.00720011355784968 -0.00036807481422065794 0.9999740111051423 -0.21728698444638664
1565943702828192401 1565944072927292325 0.9981245509761342 -0.06095023377550152 -0.005696467449641674 9.26601628790557 0.06098626200037827 0.9981182111162156 0.006380633619976808 -4.69175196652485 0.005296846789745426 -0.006716073323242341 0.9999634182174933 -0.18187647057222878
1565943704228600731 1565944073427314736 0.9993311937842826 -0.03612252935546386 -0.00568577194933986 9.02419257822637 0.03611123334234739 0.9993456182828437 -0.0020770280182742774 -5.083724201386463 0.005757078789691123 0.0018703186514321738 0.999981678808161 -0.18353785230603176
1565943701327682164 1565944074026815627 0.9988799922727298 -0.04728212366965287 0.0017781503084814266 -7.594458298996197 0.047291627085241976 0.998864585243608 -0.005748247886849664 -5.330673449528485 -0.0015043420029106458 0.0058259014260886146 0.9999818977500236 0.18719744089716514
1565943706727533536 1565944074624127239 0.9988514697559895 0.04791269266126686 -0.00033948232139751776 8.834495491355906 -0.047913893028691236 0.9988241507355365 -0.00738747333478524 -5.247842915632667 -1.4870598072833847e-05 0.00739525451786617 0.9999726546208612 -0.2087042753114721
1565943705228531019 1565944075223044000 0.9994343138074001 0.03363109366156911 4.385775585270506e-05 -7.99905970463053 -0.03363052485976946 0.9994234835993313 -0.004657062149763284 -4.919252617071505 -0.0002004545644831153 0.004652952754660238 0.9999891548655494 0.16742577791047697
1565943706227863080 1565944075723378638 0.998184254746627 0.06021361709520194 -0.0015855258648946355 -8.436895915037072 -0.0602248659298628 0.9981494650594771 -0.008403030716999917 -4.400880112012305 0.001076614919850468 0.00848326103650384 0.9999634369228478 0.18338002306343995
1565943707128075517 1565944076223850739 0.9969797990249822 0.07764936717027995 -0.0013623928121878105 -8.878401694848938 -0.07765444289573545 0.9969715539434675 -0.004184271274715848 -3.827445766060652 0.0010333608624984553 0.004277429789368715 0.9999903178330078 0.1771616423441775
1565943710227912751 1565944076823967532 0.9999996595419637 -0.0005971839576410778 -0.0005694622721525569 9.00882289397954 0.0005938009963421223 0.9999822861151488 -0.005922402915864748 -3.5877579214254967 0.0005729889487755981 0.0059220627522704435 0.999982300271575 -0.20167026788837625
1565943711127863006 1565944077423937126 0.999990217065808 0.0031409277289123185 -0.003114537796519924 9.468868530502064 -0.003180667139158574 0.9999125366093606 -0.012837542131773863 -3.6092656805651897 0.0030739435964311445 0.012847322850966948 0.9999127447764309 -0.1988907668239046
1565943709928024407 1565944077924027421 0.9999613468573826 0.008783193220526862 0.000400384847286943 -8.687793936319956 -0.008776965992961646 0.9998697618973471 -0.013543415791657897 -3.4500220028540283 -0.0005192871396877714 0.013539378131887485 0.9999082035770556 0.18526750896423747
1565943710827868580 1565944078523889531 0.9999931250439988 0.0037062546099564334 0.00011636806780089198 -8.522001765815165 -0.003705164301481744 0.9999588691786849 -0.008278388031627905 -3.437861915128152 -0.00014704509529181063 0.008277899955263741 0.9999657267877216 0.20456655629679013
1565943713227877789 1565944079024136871 0.9999486159351685 0.009110570468059548 -0.004445559031078568 9.270496525983395 -0.009217635648549272 0.9996526875405876 -0.0246888534755684 -3.4294302626561675 0.0042190854936733704 0.024728562405323725 0.9996852992412045 -0.22563941923690545
1565943712127948624 1565944079524195077 0.9999649249589757 0.0062963752265816665 0.005523088882379724 -9.295663975911273 -0.0061659493373028475 0.9997089888047921 -0.02332206619659277 -3.304733805661921 -0.005668326081515668 0.0232871930879302 0.9997127471016526 0.26586225857654133
1565943714632627053 1565944080123803199 0.9999975209491044 -0.0014001632040076763 -0.0017313690115687665 9.415346657586305 0.0013668870541389832 0.9998171471613517 -0.019073643121400065 -3.266561310541872 0.0017577586390956454 0.0190712292509806 0.9998165824287196 -0.23120620425300054
1565943713527856279 1565944080624090323 0.9999781496899056 0.006476918291425756 -0.0013227517542980247 -9.319537125437549 -0.006494570653007315 0.9998835732375981 -0.013807987603354869 -3.175146968414583 0.0012331645431181875 0.01381627659926906 0.9999037902749238 0.20157026499567468
1565943714331353062 1565944081223808075 0.9999448025510058 -0.001266778506398785 0.010430106588253657 -8.746877602532786 0.0014092868085839858 0.9999056066685347 -0.013667174672308671 -3.2105366774255626 -0.010411808772626789 0.013681119290759032 0.9998521996840534 0.26659897349538236
1565943714932362200 1565944081724136586 0.9999425174244999 -0.01022676504503777 0.003221043849400435 -9.294943217727129 0.01026557820507003 0.9998719861028714 -0.012273113330645605 -3.247060271780776 -0.0030951172646204233 0.012305473718020508 0.9999194945422943 0.23559876409662084
1565943715732448590 1565944082324161589 0.9999661894915794 -0.004235871395138043 0.007048210214187701 -9.253407375487727 0.004321076530751172 0.9999172388070711 -0.012117913767233873 -3.194277212416109 -0.006996296971606768 0.01214795991014907 0.9999017346213228 0.24884427993901162
1565943716533669257 1565944082923916434 0.9994178054313994 0.034059408539405256 0.0020017184227198778 -9.335910052835935 -0.034030701380021046 0.9993368205071639 -0.012954942772189391 -2.632509660527827 -0.0024416286125940843 0.012879280592980777 0.9999140775992432 0.23557406359484093
1565943717334329037 1565944083523871138 0.9977300008634103 0.06734057011931316 -0.0003049477254694021 -9.24589290381103 -0.0673398902307764 0.997670578910539 -0.010897484114797202 -1.8091702221107273 -0.0004296054193499235 0.010893281981624993 0.9999405741577185 0.21604165462632127
1565943717934233908 1565944084024073159 0.9972279618694275 0.07437045403370617 0.002329728004063967 -9.632258674302987 -0.07435815351021462 0.9972191468981881 -0.004983780311675569 -1.2081333423284557 -0.0026938953773011764 0.004796730810054383 0.9999848670361147 0.2546234218079261
1565943718834394934 1565944084724244099 0.9979664847590961 0.06372652244412247 0.0013511605258669747 -9.44392477053608 -0.06372077912147557 0.9979600030854583 -0.00393631170432065 -0.6067123071321231 -0.0015992516187354022 0.0038422101530507817 0.9999913398702103 0.24978269327753835
1565943719434079223 1565944085224420872 0.9986982165772413 0.05097470435552381 0.0018578808646341394 -9.646397353803886 -0.05097965872909234 0.9986959749277695 0.0027247126350556906 -0.37523015395088816 -0.001716566720379564 -0.002815879781753872 0.9999945620950913 0.2521021664432386
1565943722234011025 1565944085824133108 0.9999444205495547 0.010051983013381111 -0.0031801649841651405 9.67952232665491 -0.0100327491234069 0.999931625802177 0.006007301028401912 -0.294045662951528 0.0032403328308295313 -0.005975061348454567 0.9999768991756993 -0.2343489152278523
1565943720933865810 1565944086424129659 0.9997146631125594 0.02382566331677088 0.0017117608671523242 -9.781634484550153 -0.02381253192318711 0.9996896367891387 -0.007320752679984491 -0.09212150867529019 -0.0018856513881320013 0.007277902438907412 0.9999717378280952 0.277026177207625
1565943723734142612 1565944086924255841 0.9999968847869237 0.0024142239003747496 -0.0006339869180429877 9.84280861624417 -0.0024145481691464758 0.9999969543065284 -0.0005112091660577576 -0.1735771583780772 0.0006327508137268749 0.0005127383654849192 0.9999996683628413 -0.24492345638830465
1565943722334150319 1565944087524097683 0.9999973278845056 0.0014144147328394988 -0.0018285663276167282 -9.69978543378457 -0.0014118553592882223 0.9999980230568325 0.0014001952981991675 -0.0740222886518474 0.0018305431695038172 -0.0013976098855459167 0.9999973478956448 0.2585493613511568
1565943722934364378 1565944088025762487 0.9999873951961021 -0.004912464771485937 0.0010378529728784262 -9.815438865381616 0.004917973354231664 0.9999734690517775 -0.0053735212522438664 -0.12187234528272979 -0.0010114282038042241 0.005378557653328733 0.999985023953147 0.30327703823653923
1565943723534093960 1565944088526017529 0.9998676648078078 -0.01223606516970813 -0.010720614765711525 -9.833024549364254 0.012175112719286531 0.9999094485820852 -0.005732474731706122 -0.17923795770969833 0.010789786933244542 0.005601191430368503 0.9999261008457135 0.24623327329426833
1565943724234501795 1565944089125658651 0.9999326919969073 -0.008358637150759123 -0.008046406701627588 -9.772952702752638 0.008371516289207997 0.999963728481726 0.0015682588927665236 -0.18559448205768025 0.008033006339196961 -0.0016355139611641974 0.9999663973870577 0.2195888262450483
1565943727326871708 1565944089625971076 0.9999883903997973 -0.00229099991310439 -0.004239149091399399 9.903267134404162 0.0023160736650714784 0.9999797981516716 0.0059193826807061875 -0.19565554195877008 0.004225502147545763 -0.005929132140612109 0.9999734949105743 -0.2749004272222294
1565943728127585825 1565944090225710669 0.9999926537455333 -0.003634411283492263 0.0012179940811180815 10.023139198621985 0.003634462499059136 0.9999933945258085 -3.9838367577400016e-05 -0.17513606611459162 -0.00121784124667626 4.426482872699138e-05 0.9999992574513881 -0.31425817214142887
1565943728927708192 1565944090825689565 0.9999964785001242 -0.002371291423598764 0.0011916225663877859 10.021867277302361 0.002379489059155027 0.9999731858806761 -0.006925716676348409 -0.14521300315512345 -0.0011751677215206852 0.006928527740296844 0.9999753069372209 -0.31578271844920097
1565943729727549436 1565944091425507012 0.9999802041463232 -0.003305750194346143 -0.005353814633125552 9.751636741299054 0.00325707425621564 0.9999535153486422 -0.009075164416629762 -0.14109991413597373 0.005383565989452954 0.00905754699418848 0.9999444874890255 -0.2924493221167895
1565943730727385174 1565944092024770080 0.9999822230110232 -0.005275685964735983 -0.0027786326751882205 9.903719691606433 0.005257038796647824 0.9999638966303052 -0.006676000227087569 -0.18198299345603627 0.002813752837884537 0.006661274168130514 0.9999738547689355 -0.3400718550709663
1565943732027412565 1565944092524961043 0.9999675339741819 -0.0069641843723875175 -0.004053533474683875 10.15858487639273 0.006942532630823129 0.9999616888628193 -0.00533123318702292 -0.19730738319726462 0.004090505870053481 0.00530291831465069 0.9999775731580606 -0.2996772391403033
1565943787927020433 1565944093025027262 0.9999367000047109 -0.005626716457500655 -0.009743513001239353 10.221754762792495 0.005565563169047505 0.9999647164343465 -0.006292089716564869 -0.21188549001007645 0.009778573020119264 0.006237463290218735 0.9999327345183829 -0.2455026031840797
1565943789826862855 1565944093525429432 0.9998998615511274 -0.0015519102142281375 -0.014066216432452245 10.087237148474507 0.0014655655046929164 0.9999800350421895 -0.006146676726312083 -0.21061548053369195 0.014075474691429798 0.006125446246054374 0.9998821730186552 -0.16945015506546704
1565943728427691084 1565944094025984249 0.9999965700280833 0.001222561731024158 0.0023163063020092928 -9.918856353856416 -0.0012342752619050636 0.9999864246255986 0.005062324475142758 -0.16447035017855097 -0.0023100858531105084 -0.005065166071079542 0.9999845036779458 0.3226024699439681
1565943728727760831 1565944094625257565 0.9999900520952036 -0.002334038306054527 0.00380104930609208 -9.957498329865633 0.0023258520878242563 0.9999949695775906 0.002156671415310453 -0.18951709562877894 -0.003806063938905089 -0.00214780928248405 0.9999904503506992 0.3486423767834854
1565943791326787542 1565944095128867987 0.9999324721033681 -0.006265913958932478 -0.009787213878790484 9.750389397608732 0.00621006054099394 0.9999643189474196 -0.005726777462531497 -0.2305857496037322 0.009822748155539542 0.005665611554579926 0.999935705165283 -0.18347740087556402
1565943791626566901 1565944095629955076 0.9999380741466587 -0.007534250447799666 -0.008190417698132156 9.880507126081183 0.00749524130100446 0.9999604709406711 -0.004783086237860526 -0.24629263408100163 0.008226130908254477 0.0047214008841602656 0.9999550185603242 -0.20636703703181522
1565943729327160780 1565944096130207126 0.9999687885890429 -0.007044345068125098 0.003577576039736785 -9.963462022064375 0.00704785479039577 0.9999746937066659 -0.0009693756328971471 -0.22907320584772387 -0.0035706568880893358 0.000994559613745301 0.999993130606687 0.3243486642543041
1565943791926480843 1565944096730143248 0.999937876857725 -0.00939083293241368 -0.006004555113450989 9.633957189318446 0.009377358117458339 0.9999534588364404 -0.0022683288540509164 -0.2655593002972757 0.006025577151773439 0.002211881074699816 0.9999793997888707 -0.2059697800259647
1565943792026503039 1565944097323688768 0.9999328665537464 -0.009382322124872673 -0.006799589483979802 9.69326247484431 0.009362624672932328 0.9999518977290998 -0.0029229244278599882 -0.2690855850036775 0.006826686226813357 0.0028590661976012747 0.9999726106727321 -0.19346062081165855
1565943792026503039 1565944097823758564 0.9999413270728575 -0.009209547080575475 -0.005703214386930973 9.599715412805606 0.009193799943526088 0.9999538684528559 -0.002781188374984811 -0.2786482390976971 0.005728564774107233 0.0027285909824132904 0.9999798689658155 -0.19150566942942832
1565943729627487492 1565944098423696251 0.9999407848879426 -0.008323004498538166 0.007011013749488448 -9.796640580078247 0.008328258252647883 0.999965059890136 -0.0007204952426673864 -0.24843542622960268 -0.0070047720987519 0.0007788421115789224 0.9999751629779651 0.3252968232865013
1565943729627487492 1565944098923955631 0.9999347389488225 -0.008774135166028993 0.007316583590563669 -9.93415671328104 0.008782296236620706 0.999960847299987 -0.0010840387032396755 -0.25022975966781 -0.007306785624453794 0.0011482243622662168 0.9999726458582041 0.3273213770468706
1565943792126410266 1565944099523745916 0.9999519935027966 -0.009665750298892035 -0.0016074703570704235 9.599023403923141 0.009661000059108868 0.9999490180514338 -0.0029370692618284756 -0.27843708669387135 0.0016357773831950219 0.0029213984922062375 0.9999943948159024 -0.2058374757484687
1565943729727549436 1565944100024055720 0.9999414082947019 -0.00924841844826098 0.00562554297942201 -9.90440689408243 0.00925992579077106 0.9999550797015285 -0.0020229566147691447 -0.2488991435044546 -0.0056065811290758605 0.0020749301968136895 0.9999821302967011 0.32158711462768086
1565943729727549436 1565944100528466193 0.9999402525458224 -0.009506052880412839 0.005396878471667838 -9.98996869250012 0.009515979994558513 0.9999530717105474 -0.0018167282104824302 -0.25231897890527877 -0.005379355290954383 0.001867976253166563 0.9999837864692522 0.32139450185193186
1565943729727549436 1565944107630350789 0.9999376116654707 -0.009521361488080422 0.005840929050219559 -9.992764940703502 0.009532449215832203 0.9999528103019155 -0.001873387641013402 -0.2473983373061531 -0.005822816217603803 0.0019289491230229576 0.9999811868063213 0.3234420054400272
1565943792226494861 1565944108130491167 0.9999439019177964 -0.010591749518240361 8.8654170842578e-05 9.715173312927437 0.010591945836845461 0.9999404554607226 -0.0026260648127068927 -0.28861662678190586 -6.083427125583146e-05 0.002626856515683187 0.9999965479560672 -0.20687534493209553
1565944093325915836 1565944108730663532 0.9998814399623849 -0.009795837911828514 0.011880554631463782 -10.037659144608845 0.009794144245006882 0.9999520160711763 0.0002007328965012238 -0.05227987125317836 -0.011881950902693394 -8.43492318299521e-05 0.999929403572052 0.3250449869260518
1565943730027440743 1565944109329781682 0.9998127998790809 -0.012691054825329912 0.014604873343049505 -9.882616652363739 0.012707889949323899 0.9999186891555251 -0.0010604765599787718 -0.2726105455092514 -0.01459022724230074 0.0012458751618055106 0.9998927807840715 0.32121334013018416
1565943730326939656 1565944109831971890 0.9997709812078754 -0.013987477596300877 0.01619677761573976 -9.709128294961928 0.014033691359267398 0.9998977601466721 -0.0027431296911986248 -0.28794356707760055 -0.016156752194472334 0.002969802041024118 0.9998650607128778 0.33167715082353894
1565943730827033605 1565944110432120424 0.999793170977649 -0.014467289218356496 0.014293803172515203 -9.715364145072995 0.014517761356619774 0.9998887162543352 -0.003433615071883608 -0.3235187343531281 -0.014242537402248486 0.00364041892397201 0.9998919429010381 0.3292815549674624
1565944095225872779 1565944111033640312 0.999925610295494 -0.007817539708024398 0.009362689148961526 -9.927592283052395 0.007835901209052986 0.9999674439430546 -0.0019260597711367095 -0.06913270255567898 -0.00934732728797924 0.0019992815993419275 0.9999543141292354 0.28848968637092615
1565943767327137268 1565944111631753348 0.999910778535347 -0.012727781940958255 0.0040544464107988235 -9.688866703946982 0.012756140043133777 0.9998938048314269 -0.00704698169075197 -0.38696337505737055 -0.003964323401876659 0.007098072034936698 0.9999669502105385 0.24486529388134562
1565943790126994238 1565944112132080397 0.9999586505343346 -0.007812611825277515 -0.004654064677324163 -9.705751563781172 0.0077614790099443005 0.9999104132291028 -0.010905272100878296 -0.4001599213315818 0.004738846392471369 0.010868698748399528 0.9999297048904933 0.17115709878664104
1565943791226512889 1565944112731648654 0.9999843137312001 -0.0016348020463329326 -0.005357211383182779 -9.83409210886706 0.0015717708171364478 0.9999297446545594 -0.011748842137351423 -0.391083151051261 0.0053760420416149686 0.011740237533342265 0.9999166290219565 0.15140380775726298
1565943792026503039 1565944113232083394 0.9999929135587603 -0.0009791806140546397 0.0036351117704287728 -9.697390777121548 0.0009857332942660906 0.9999978919049971 -0.0018012538512481191 -0.38138551088860434 -0.0036333403544153205 0.0018048243374691431 0.9999917706896336 0.18226063837214615
1565943795527070986 1565944113732135317 0.9998090017507861 0.01679140567902472 0.010000435661619341 9.738490652659669 -0.016868607445826647 0.9998281716097657 0.007686178394760942 -0.32866409324091594 -0.009869655563310032 -0.00785340377160723 0.9999204538103372 -0.2526563919490274
1565943796126697784 1565944114331407803 0.9998682442529088 0.014294184550411575 0.007692231318113965 10.063045746670014 -0.014334406314102247 0.9998837387624449 0.00519939939509248 -0.2623332952792321 -0.007617015835276268 -0.005308977913516548 0.9999568969827112 -0.23120392300795584
1565943794326741487 1565944114931729248 0.999947655393372 0.00512271447681211 -0.008856876971467992 -9.476718118032464 -0.00524700735415991 0.9998872783657736 -0.014067674865561531 -0.1900204313059004 0.008783813928132794 0.014113410597258472 0.9998618185800436 0.16248300844208785
1565943794926798907 1565944115432026662 0.999946239588915 0.008724766308029331 -0.005603247706428174 -9.59298865621347 -0.008788398085339108 0.9998960103618975 -0.011433832317121044 -0.1097756884975971 0.005502907511755249 0.011482461201011072 0.999918932260858 0.1564245502237035
1565943795627079508 1565944116031656544 0.9999568798116883 0.009034439569133794 0.0021488180346053366 -9.858713985048903 -0.009028577662671273 0.999955536214477 -0.0027222012075764157 -0.015980182621648544 -0.002173316052325262 0.00270268305523985 0.999993986082745 0.17125716013456876
1565943798234561567 1565944116531891679 0.9999827598847785 0.005510598946361928 0.002028110567586141 9.565142058806195 -0.005496048888615564 0.9999596115155264 -0.0071111732042808224 -0.07356495148436393 -0.0020672154788403656 0.007099904012004654 0.9999726586178217 -0.21831687914535683
1565943798834559126 1565944117131775754 0.9999875588045658 0.004972997457177642 0.000389271619627169 9.388586810497422 -0.004970108998494562 0.9999624484046008 -0.007099281459221643 -0.05347431879755288 -0.00042456171050072504 0.007097258413294387 0.9999747240157586 -0.20803767763586498
1565943797534587653 1565944117632285214 0.9999903885774771 0.0002497637930850392 0.004377256071026477 -9.861200076582003 -0.0002866641451775438 0.9999644138559066 0.008431420134659844 0.07487936453180499 -0.004374994437886659 -0.008432593899088348 0.9999548743737428 0.23913866505673984
1565943798234561567 1565944118231858584 0.9999935741157467 -0.0012004648856897328 0.003377959632423693 -9.863647894631654 0.001174866330852418 0.9999706575793825 0.007569918716933951 0.08930989263913958 -0.0033869479365181898 -0.007565901422473721 0.9999656422694497 0.23628938754953008
1565943798934606967 1565944118831713723 0.9999715347535881 -0.0016505212075131098 0.007362435894815703 -9.885862238454326 0.0015933398408228552 0.9999685766826365 0.007765752730030896 0.10309498248424032 -0.007375022082229135 -0.0077538008135292335 0.9999427421718889 0.23966681006838098
1565943801234345096 1565944119331976034 0.9999989260233205 0.0012982354694940272 0.000680100637019519 9.933009537489498 -0.0013005902575081297 0.9999931216518038 0.0034734873063794604 0.0700903351182786 -0.0006755865546260509 -0.0034743681081968103 0.9999937361549206 -0.23419270079679186
1565943800234482976 1565944119931816783 0.9999943126312609 7.404773989515542e-05 0.0033718277048376977 -9.694503727609899 -6.676833411871962e-05 0.999997667232297 -0.0021589515879850024 0.12142218033634093 -0.0033719797046322542 0.0021587141779125553 0.9999919848208689 0.19354758009973339
1565943800834570920 1565944120431938439 0.9999937217519325 -0.0020467006679626924 0.0028926584817148653 -9.575854783271037 0.0020463417548784455 0.9999978981720072 0.00012703148643393835 0.12439726931074777 -0.0028929123972715335 -0.00012111132106477152 0.9999958081861731 0.2209471339193271
1565943803134385989 1565944121031791959 0.9999820722023803 -0.0038118766711436754 0.00461788588972154 10.054065265832522 0.0038086296232012744 0.9999924938579413 0.0007117360368951167 0.03884050694253024 -0.004620564277208711 -0.000694135460039266 0.9999890842212958 -0.2652502872009019
1565943802234298401 1565944121631755959 0.9999407528630709 -0.009535454743381175 -0.005250320608106048 -9.758735075514862 0.009541211581914146 0.9999539064292314 0.0010725196875736385 0.06296010615541935 0.005239851639139302 -0.0011225505636475702 0.9999856418144452 0.22573115993245751
1565943802934744860 1565944122231706173 0.9999285936487219 -0.01078414677125634 0.005148765105052061 -9.682407961221706 0.010855654578087468 0.9998421035122433 -0.014068504110015026 -0.04653396691381237 -0.004996235319951254 0.014123392744952742 0.9998877774080512 0.2513621537436657
1565943803634545727 1565944122831576485 0.9999511745242027 -0.009416742282586526 0.002995585495352024 -9.499712638206972 0.00943629316420851 0.9999338225826435 -0.006580792246334735 -0.09865257288675293 -0.002933417630641456 0.006608738158954833 0.9999738594788151 0.23577356445983172
1565943805634424935 1565944123331630239 0.9999989936827434 -0.0014148000546485883 -0.00010475835649851147 9.559327623889466 0.0014142943541265811 0.9999880508907536 -0.004679513564145862 -0.1460826570583442 0.00011137768077597551 0.004679360695918677 0.9999890455292505 -0.22719673811415414
1565943804934512279 1565944123931580628 0.9999985301122455 -0.0016888348739386035 -0.00029599006897434917 -8.703429429643347 0.0016895584589176561 0.999995542783678 0.0024616671167336005 -0.0560529253385238 0.00029183140040790273 -0.002462163590883883 0.9999969262877243 0.21211000001845
1565943805434319932 1565944124432010569 0.9999974042769765 -0.0022738619304740817 0.00014488353824879975 -9.505262000154476 0.0022734472178842207 0.9999934929197126 0.002800991966540939 -0.06541682576936544 -0.0001512516644799599 -0.0028006553108644292 0.9999960667186558 0.235071478733362
1565943806134196043 1565944125031791449 0.9999825929119358 -0.00526058289556274 0.0026721041757919524 -9.077901896933364 0.005258807937849007 0.9999859473529353 0.0006708470233652281 -0.09615740309910809 -0.0026755956720314385 -0.0006567832632212681 0.9999962049045749 0.24850965447443424
1565943806735031745 1565944125623596422 0.9999664353065985 -0.007189933540645835 0.003928500465370901 -10.013943862281726 0.00719543885244347 0.9999731477459538 -0.0013890452781160096 -0.12329532727860913 -0.003918407833043405 0.0014172659401178803 0.9999913186809805 0.2814757206174493
1565943807434350404 1565944126223986567 0.9999748651054385 -0.0068126493204087 0.001963916143060334 -9.578659320934387 0.0068373609378939455 0.9998938858197868 -0.01286342083701002 -0.16574902839798214 -0.0018760737684849703 0.012876525519805664 0.9999153341347352 0.23400796249366101
1565943809434494677 1565944126823966906 0.9999991834641238 0.0007489121873013712 0.001035471692547656 9.364987163835773 -0.0007487096595895217 0.9999997005160131 -0.0001959636155853197 -0.22064008831576282 -0.001035618141979574 0.00019518818791607796 0.9999994446981689 -0.2490262957922321
1565943808634289211 1565944127323974586 0.9999773525522686 -0.006102268262368412 0.0028384334790870947 -9.816221083235481 0.006116187544176745 0.999969186021726 -0.004921306429919596 -0.20166143523388985 -0.002808314883622742 0.004938555366379117 0.9999838618889876 0.28636841151352965
1565943810634467425 1565944127923731304 0.999986197092044 -0.004372993542161341 0.0029124822552776364 9.539281850867232 0.004382714973417091 0.9999848184077077 -0.0033398747860931524 -0.23349073884467464 -0.002897832788288687 0.0033525932656976063 0.9999901812935623 -0.22368036847498185
1565943809834115881 1565944128423747324 0.9999862482810838 -0.004668547946323842 -0.0023891230203878103 -9.963391604628415 0.004666621422596217 0.9999887821449017 -0.0008113130560694329 -0.22406882456733432 0.002392883873453228 0.0008001527664509456 0.9999968169260958 0.2136786908384976
1565943811734617055 1565944128924098885 0.9999565835739868 -0.009112343053245854 -0.0019483765352274075 9.910253394021716 0.00910843490303878 0.9999565064429136 -0.0020054017329895727 -0.36251746434995347 0.0019665657019524037 0.001987568004776239 0.999996091088751 -0.24406110726304855
1565943811034181314 1565944129523891505 0.9999585282603716 -0.008515104470009159 0.0032302871727261603 -9.963700616693075 0.008525763934533817 0.9999582079601523 -0.003300557900766813 -0.35384192214573607 -0.0032020475771012673 0.0033279616867644968 0.9999893357243036 0.2684469048978425
1565943811634442295 1565944130023936632 0.9999766198576222 -0.006784885900633234 -0.000851505405248655 -9.163461172795667 0.006784487512484496 0.9999768747021945 -0.00046988301081498735 -0.3948943982034818 0.0008546738165481521 0.00046409499709498976 0.999999527074153 0.2097405099660808
1565943812234241442 1565944130623608609 0.9999837370496963 -0.005695859157782326 -0.0002877926095377035 -9.889126516320776 0.005695236989471434 0.9999815383435321 -0.002118312474496621 -0.4220457907676937 0.00029985290591634853 0.0021166389773712106 0.9999977149612329 0.2558239513017963
1565943814033724257 1565944131123759014 0.9999575848685158 0.00837526745017258 -0.0038318871416362916 9.027598720601684 -0.008380939844247188 0.99996380372537 -0.0014666582495578848 -0.5121164609497688 0.0038194647864990697 0.0014987108566794458 0.999991582741832 -0.260684417837749
1565943813334514969 1565944131623982353 0.9999928685383671 0.0010256340946124666 0.0036346866605613086 -9.517927140777372 -0.0009969911371823278 0.9999685063749756 -0.007873516805468392 -0.42245432168884517 -0.0036426475383819785 0.007869836905398934 0.9999623976860423 0.2687651558791216
1565943813933888970 1565944132223766396 0.9999699257872884 0.007736432334691544 -0.0005432639338105737 -9.976028368252802 -0.007737153712352408 0.9999691718867523 -0.0013385546532327576 -0.266102451768454 0.000532891548507585 0.0013427177138178618 0.99999895656733 0.2619196419538373
1565943815734632876 1565944132723919346 0.9999867948581448 -0.0002016998005267543 -0.005135116992678752 8.894495348770558 0.0001736955820236042 0.9999851153763152 -0.005453334362426876 -0.24194232098899762 0.005136140494848034 0.005452370403238448 0.9999719454653776 -0.2086093452196501
1565943816433941196 1565944133323730713 0.9999970905476357 0.0014246749031575912 -0.0019465861636961358 9.802158192674069 -0.001435444336529209 0.9999836109524348 -0.005542321363133826 -0.33234635550727476 0.0019386582548519416 0.005545099454098159 0.9999827465892752 -0.23613344151403026
1565943815634294810 1565944133823867456 0.999888263936422 -0.014863869974439175 0.0015890285092085858 -9.592298782667816 0.01485935789488882 0.9998856322525665 0.0028145866212169017 -0.2920079070557628 -0.001630682425166527 -0.002790660187063118 0.9999947765316474 0.2596287782328152
1565943817434382220 1565944134324134451 0.9999847049258093 0.005526914549331642 0.00020767764423920286 9.053269590768576 -0.005526667748599645 0.9999840425315871 -0.001170737279236364 -0.3542506375865841 -0.00021414489513155686 0.001169571607384543 0.9999992931218628 -0.2354157775825654
1565943816734336544 1565944134824245439 0.9999980924836026 -0.0007869198768688451 0.0017876762248196613 -9.038117782890337 0.0007895796227491307 0.999998581796973 -0.001487604811852355 -0.28213856649056634 -0.001786503063736223 0.0014890134869414244 0.9999972956191728 0.23983606900332444
1565943818626523338 1565944135423979846 0.999987728657384 0.004851835678068167 0.001001111982142412 9.570516448307865 -0.004856119235507235 0.999978870378705 0.004321678158181423 -0.2550130988123018 -0.0009801227567478206 -0.004326486644540993 0.9999901603879429 -0.24923492166161548
1565943819226652814 1565944136024132510 0.9999531142795806 0.009385331418107008 -0.0023842811813351503 9.062348571838914 -0.009368146248311218 0.9999307734836056 0.007119415450512089 -0.20868862736050445 0.002450934199361145 -0.007096745356785631 0.9999718141662309 -0.22902180048710302
1565943819928085018 1565944136623813764 0.9999725466958156 0.007279553264195446 -0.0013834590562847736 9.918243292283053 -0.00727762924554467 0.999972550638193 0.0013907130246073457 -0.1479415772114451 0.0013935448507545124 -0.001380606542851631 0.9999980759773146 -0.2571187051734292
1565943819226652814 1565944137223835401 0.9999938208236056 0.002748306441740576 0.0021920598347459084 -9.786939983188047 -0.0027405405555301914 0.9999899862822608 -0.0035379051259273758 -0.05600686171549888 -0.0022017611315252373 0.0035318758357102344 0.9999913390130026 0.27628599790184094
1565943821027991460 1565944137724050609 0.999899768679309 0.013691935047183893 -0.0036032637614314003 8.896935706252354 -0.013689274232026748 0.9999060070875132 0.0007620769728441881 -0.056672921882755245 0.0036133593885890017 -0.0007126745231023602 0.9999932178414775 -0.20043399195126602
1565943821628074908 1565944138224063160 0.9998574222959353 0.016828514442933217 0.0013914673464460066 9.870878579083723 -0.016822433312566065 0.9998493655145897 -0.00427223799847045 0.023255812911076413 -0.001463153162338992 0.0042482210059436 0.9999899058496148 -0.24983458866267966
1565943820828078539 1565944138724079747 0.9999495406927791 0.00969934698381913 -0.002615097778819888 -9.738389420036299 -0.009695513788309974 0.9999519102614031 0.0014745090555264699 0.18110036860313092 0.002629273794411541 -0.0014490799362485434 0.9999954935331753 0.25866608544015024
