1564718064503397833 1564718067004847598 0.9996380069381438 -0.026901813178232332 0.00038409954129491964 -10.22895980303714 0.026903903402210962 0.9996112861791882 -0.007311396919827352 -0.15980140660848996 -0.00018726040248518206 0.007319084021825714 0.9999731976121283 0.20216019673268507
1564718067104867902 1564718068704901653 0.999997877280609 0.00014152368706955366 0.002055579072857272 -10.397292056156116 -0.00012812914090610576 0.9999787698539575 -0.006514861801548339 -0.02370640221183064 -0.0020564574398759697 0.0065145845927438405 0.9999766653129388 0.22788305913937354
1564718068805317041 1564718070106009230 0.9999550459823908 0.009452627597605071 -0.0007442082056097032 -10.52492902941874 -0.00944945508361191 0.9999467125725798 0.004156899555223485 0.13657835493459852 0.0007834621721250167 -0.004149680323876357 0.9999910831303573 0.1990748092781457
1564718070205994995 1564718071307967768 0.999708817698765 -0.023995032349390127 0.002553083996018095 -10.219523920750756 0.02398586746948384 0.9997059527885572 0.00356175811439796 -0.09784815884638137 -0.0026377977699638573 -0.003499483059106656 0.9999903977745236 0.23441825471616468
1564718071407638156 1564718072402678525 0.998795992301391 -0.048960665818465 -0.0030690332839265243 -10.222237077807097 0.04895476095926744 0.9987990530685023 -0.00197052502869566 -0.26418315710744716 0.00316182575523847 0.0018179087106001612 0.9999933490107937 0.23471444113998136
1564718072502701959 1564718073504134021 0.9991957774249388 -0.03964070736607659 0.006034293305098833 -11.089566758954751 0.03967616540643565 0.9991953232242626 -0.0058743463815218114 -0.29180775758250455 -0.005796574403540815 0.0061090397188319845 0.9999645390507118 0.30891410985200546
1564718073602547048 1564718074504203749 0.9999483606152421 0.009828371376519079 0.002584418499406618 -10.659419303058447 -0.00981267197530701 0.9999337410152738 -0.006018724774665431 0.06412730199136339 -0.0026434015207588125 0.005993053920439265 0.9999785476364531 0.23891258684448183
1564718074602504809 1564718075404441415 0.9998703851982644 0.01600872902274044 0.0017127167165342837 -10.04001574503643 -0.01601517003550858 0.9998644689166162 0.003815511346343363 0.1546634607123226 -0.0016514031029550302 -0.003842446249034657 0.9999912541990642 0.22847188721601216
1564718075504517963 1564718076304544828 0.9999942679980826 0.002735251954002946 0.0019955870665241825 -10.280506467634487 -0.0027310463443713123 0.9999940506455302 -0.0021071448489578294 0.060049397476525296 -0.002001338766134998 0.0021016827300367386 0.9999957887775587 0.2521398486078611
1564718076405958148 1564718077205949345 0.9999808463735277 0.0031454158586740337 0.005330407598766765 -10.139036634524363 -0.003112692118709661 0.9999763282948922 -0.006136285329935209 0.033579748084131014 -0.0053495825881198404 0.006119575880095968 0.9999669658329692 0.26109583999676345
1564718077305958060 1564718078107376407 0.9999974652018581 -0.001510114980350251 -0.0016700726377242739 -10.079604638365867 0.0015140614440904562 0.999996058808835 0.0023643148563182673 0.040970290876882094 0.001666495668365952 -0.0023668374558461643 0.9999958104275589 0.25136786334002365
1564718078207711120 1564718079010449214 0.9999815517643568 -0.003970675640871781 0.004596723386786285 -10.02628104649063 0.0039786317397108245 0.9999906008860906 -0.001722970967355574 0.00021787266653910118 -0.0045898388228087575 0.001741227851146645 0.9999879506799835 0.2797794356467764
1564718079101953031 1564718080004277211 0.9999919606707325 -0.002102019827951773 0.0034146898161486338 -11.26654018936812 0.002092969224180906 0.9999942934224008 0.002651905439826165 0.05892464105418866 -0.0034202446877725115 -0.0026447372795898663 0.9999906536018187 0.3293540284823414
1564718080103873716 1564718081005629873 0.9999878028451062 0.004389328529092887 0.0022644990795197065 -11.15600848177618 -0.004382668201471024 0.999986080624461 -0.002937818369164981 0.05782802608229115 -0.0022773626090876018 0.002927857988030994 0.9999931206099121 0.309276740017877
1564718081105574572 1564718082010477197 0.9999700782799595 -0.006891386326887121 0.003514447221412056 -11.15500918550002 0.006900637236561012 0.9999727397874929 -0.002626954059684302 -0.009100929414884967 -0.003496248061545464 0.002651127382062515 0.9999903738402202 0.32751305715695606
1564718082109632327 1564718083010315397 0.9999925840198587 -0.002693926455597807 -0.002752211028530578 -11.164807843314746 0.002683622544124661 0.999989402517478 -0.0037407249012395716 0.012770055973431201 0.002762259099796978 0.003733311264536154 0.999989216097693 0.26430546781468334
1564718083109701187 1564718084002365663 0.9999832012582197 0.0026235216111555808 0.005168591271158365 -11.253362284857143 -0.0025918149636818912 0.9999778423615278 -0.006131662187567137 0.033245702506879124 -0.005184563295642778 0.006118163151159894 0.9999678436745352 0.3339371971864834
1564718084102187689 1564718084905530313 0.9999781013158446 -0.00634406565129014 -0.001884070003309616 -10.068163861926767 0.006310996519932389 0.9998344176128391 -0.01706776727419311 -0.039034695054880816 0.0019920370706091916 0.01705550315331427 0.9998525599309646 0.23147616321530082
1564718085007197854 1564718085802818904 0.9999986527215964 -0.00010034869816905692 0.0016384398500177166 -10.065756913661865 9.872608884443192e-05 0.9999995046913843 0.0009903888940233413 0.017768311335964335 -0.0016385384227203207 -0.0009902258029362754 0.9999981673206708 0.2817815204668735
1564718085902785608 1564718086804064826 0.9998886974240674 0.009406037504368758 -0.011580985367066358 -11.068619911505962 -0.009399163345265886 0.9999556170188355 0.000647858707603663 0.07261994872937529 0.011586565151712584 -0.000538935026097118 0.9999327282657735 0.20374953786268823
1564718086907083582 1564718087807450151 0.999982348237009 -0.005039245684456014 0.0031478909340170048 -10.970937895850822 0.005037835287897395 0.9999872061428988 0.000455813709092982 0.038572016550759466 -0.003150147617616437 -0.0004399471071473606 0.9999949414954753 0.3218325048939161
1564718087907350137 1564718088802345145 0.9999277420136546 -0.011518658664822079 0.0034396590001184993 -10.921968032959981 0.011464859518530275 0.9998176591782336 0.015271063865297231 -0.001861316879122638 -0.0036149339819822007 -0.015230525201744642 0.9998774741709053 0.2907039543094646
1564718088902147576 1564718089802877376 0.9999949797800219 -0.0026673820476949143 0.0017104057340570663 -10.84423739959363 0.0026701288139446056 0.9999951461423204 -0.0016056475108942874 -0.003752383922991637 -0.0017061145566453389 0.0016102064538250792 0.9999972482003698 0.3379335860906432
1564718089902764656 1564718090810162546 0.9999693523997754 0.0063564551417059825 0.004570529423317878 -10.62126917168158 -0.006381758237828112 0.9999642733229721 0.005543035220449391 0.09336682451828028 -0.004535132078761265 -0.005572033353519956 0.99997419217765 0.28752483419302377
1564718090910190717 1564718091802345937 0.9999989171952849 0.0002561610635373808 0.0014491341475628625 -10.482267092367257 -0.00025311023331039045 0.999997752305665 -0.002105069794429419 0.027523825841971217 -0.0014496701272694787 0.0021047007243677916 0.9999967343403638 0.2837314140020879
1564718091901479858 1564718092802582424 0.9999749887319704 -0.00109767620317614 0.00698691759305084 -10.608530651865637 0.0011013703099265256 0.9999992557356504 -0.0005248919851391663 0.03863081880194189 -0.0069863362314955225 0.0005325740405199709 0.9999754534342122 0.28269747662980765
1564718092902082980 1564718093802761091 0.9999717913347518 -0.005705035144987836 -0.0048856021901207605 -10.90260082153545 0.005687141685606018 0.9999770986997352 -0.0036685822209110153 0.008456411154328637 0.004906419693980955 0.003640693623228823 0.9999813360236971 0.19757981340216385
1564718093904106647 1564718094710353710 0.9999774912754156 -0.005671987334210356 0.003584062249764246 -10.041625674706095 0.005678866800761135 0.9999820468049008 -0.0019122080820414861 -0.0032222050793281314 -0.0035731518843732557 0.0019325184527989564 0.9999917489449873 0.2551791676025699
1564718094810264735 1564718095604493409 0.9999944502835632 -0.003216788806406313 0.0008669901069376689 -10.38010227775046 0.0032156584046032807 0.9999939820479937 0.001302078654547285 0.015688782928572585 -0.0008711734014732602 -0.0012992834843558701 0.9999987764589195 0.2655781897794902
1564718095704402531 1564718096508578559 0.9999844812635841 -0.005507917624362674 0.0008367051146060501 -10.718487730333075 0.0055083796724800065 0.9999846769994046 -0.0005509262960308701 -0.0025847478606389326 -0.0008336578371170101 0.0005555266357966674 0.999999498202265 0.26057924671911603
1564718096608660351 1564718097410359129 0.9999706741880727 -0.004175709585900859 0.006419829694932525 -11.032413297214148 0.004123855998407162 0.9999589398450064 0.008069227705217058 0.03370300173143256 -0.006453260847209458 -0.008042516615366676 0.9999468352622223 0.3071587755877981
1564718097510238464 1564718098310599420 0.9999988751549055 0.0005274334268973457 0.0014041021727453848 -11.295879371956854 -0.0005242657015912388 0.9999973190116975 -0.00225546334469592 0.04194579826853402 -0.0014052880151244932 0.002254724685038764 0.9999964706848716 0.28773074888807854
1564718098410498623 1564718099202388895 0.9999935979576607 -0.003219023430165201 0.0015626681808754298 -11.586045535473033 0.003207342279447798 0.9999673206645637 0.007420954011463236 0.0460485011296175 -0.0015865053387544307 -0.007415894490476155 0.9999712433413845 0.2939482998021662
1564718099302359223 1564718100002628600 0.9999831075650456 -0.0046201789332963915 0.003526830189991581 -10.238292003163837 0.004619811452733588 0.9999893223044578 0.0001123353093271401 0.010838077245342716 -0.0035273115408012467 -9.604012120592703e-05 0.9999937744054241 0.2805197822360339
1564718100102623940 1564718100802414926 0.9999800411695078 -0.005868822698024954 -0.002339697153759175 -10.150814971324861 0.005875288241916822 0.9999789143908295 0.00276618181177399 0.019452617157826296 0.0023234135892158123 -0.002779872997197097 0.9999934370061766 0.22932525770297885
1564718100901728263 1564718101602321141 0.9999725848006209 -0.007014121824544088 0.0023731291999471316 -10.228453227182785 0.007028616292809879 0.9999563529054685 -0.006155553347207909 -0.023423957537933044 -0.0023298498186775517 0.006172064406045758 0.9999782384736191 0.27486810332057143
1564718101702366414 1564718102403941075 0.9999909025075355 -0.0012091766607557962 0.004090573794229769 -10.295664689971607 0.0011992585966241367 0.9999963376619625 0.0024261989787632376 0.043255782484193935 -0.004093492516344998 -0.0024212712506484105 0.9999886903183233 0.2831589898166974
1564718102504439812 1564718103207310310 0.9999949059309915 -0.0008680047070628655 0.003071592405685914 -10.348025967476342 0.0008826812450069013 0.999988186035813 -0.004780027471877355 0.028100213249110564 -0.0030674070316574504 0.004782714359096983 0.9999838581984618 0.24677770282406475
1564718103307220287 1564718104010442586 0.9999825582600926 -0.0033571612527842146 0.0048592843021773415 -10.483902598882645 0.003366419310945637 0.9999925317976961 -0.0018983071042434803 0.02154304830840889 -0.004852875089002654 0.001914632382977553 0.9999863918005168 0.29908061249767454
1564718104102737750 1564718104802719590 0.99998139050209 -0.006087544741994813 0.0004005602814434963 -10.537528116600011 0.0060870866803689186 0.9999808293877359 0.0011350034288430864 0.018587625369153125 -0.0004074619866128928 -0.001132544061845213 0.9999992756590834 0.2602798732516689
1564718104902280381 1564718105605829961 0.9999410684188679 -0.010552533333355332 0.0025502410823362008 -10.64741970632288 0.01056456276474681 0.9999329093146906 -0.004750461352061135 -0.02688636329308553 -0.0024999405831474665 0.004777123581842328 0.9999854645880468 0.2922412401526561
1564718105706102724 1564718106408254523 0.9999845767710431 -0.005379678806974854 0.0013803173423380653 -10.523524795911628 0.005382167710112809 0.9999838855404748 -0.0018058045623568907 0.00015834110705521964 -0.0013705804507361562 0.0018132058104496226 0.9999974168936231 0.2961689895935772
1564718106508495542 1564718107208879084 0.9999875754254445 0.0002445901780174692 0.004978872400779886 -10.345864487114886 -0.00029370308047644975 0.9999512874720187 0.009865922235429168 0.047747369079966864 -0.004976216759642742 -0.009867261965704088 0.999938935339586 0.31410286712292596
1564718107308949589 1564718108010349423 0.9999969623423588 -0.0011885715325309321 -0.0021593063161728606 -10.198288206116588 0.001163408818987446 0.9999318404863737 -0.011617265661974461 0.025299138371567626 0.00217296709015643 0.011614718216687506 0.9999301858303783 0.23957643230186715
1564718108105989936 1564718108802451808 0.9999897241661055 -0.0042845649701827426 0.0014812377301103928 -10.20412199044648 0.004267754979002594 0.9999284907832002 0.011171373571721328 0.05193688244003231 -0.0015289962838342084 -0.01116493721684407 0.999936501157607 0.2912894267816312
1564718108902436218 1564718109605802062 0.9999973322525747 -0.002279382479220126 -0.00037403644477560546 -10.154187310740715 0.0022792242013195364 0.9999973130819095 -0.00042304374827339063 0.019751026841579884 0.0003749997182786498 0.000422190106782767 0.9999998405653572 0.2653429950302451
1564718109704540342 1564718110409910260 0.9999841409351373 -0.0042221299904640665 0.0037271298024735334 -10.231076478390438 0.004231026967522554 0.9999882111334557 -0.0023824367609944714 0.006099713499856335 -0.0037170269061386147 0.002398168564480856 0.9999902162014 0.2824573659534212
1564718110511892128 1564718111207542426 0.9999955568426458 0.0007680776136386755 -0.002880338825887534 -10.242125433708404 -0.00076965030230622 0.9999995553395576 -0.0005449395432634403 0.03929976579189021 0.0028799189892507195 0.0005471539756587227 0.9999957033353444 0.27940616792213957
1564718111307494655 1564718112007319624 0.9999855771364509 -0.004203128701754913 0.003343535284520007 -10.27489843078928 0.004188125103350137 0.9999811865339798 0.004481761509148621 0.020485716668273268 -0.0033623098014656915 -0.004467693725254704 0.999984367170601 0.24077154308007404
1564718112108905070 1564718112804563210 0.999929955339539 -0.004657182257194779 -0.010880949778928601 -10.368955163043275 0.0045438992521712645 0.9999354616262713 -0.01041275956939476 -0.005458942936857045 0.010928741659240444 0.010362588271622791 0.9998865832533572 0.2384857252024641
1564718112903946507 1564718113607599385 0.9999714848399643 0.005484731151546935 0.0051910722540745675 -10.43274299096412 -0.005409758283124996 0.9998824256921305 -0.014348146477901459 0.06611055831753145 -0.005269157643301134 0.014319654892083741 0.9998835849545233 0.26187084420068274
1564718113707351262 1564718114406976779 0.9999782551231365 -0.0065272169800630955 0.0009405952292336227 -10.515944085741781 0.006526442669676039 0.9999783630966543 0.0008239445525701878 0.014653779474395553 -0.0009459529425395084 -0.0008177878951583026 0.9999992181976936 0.29939073368696345
1564718114507329413 1564718115204472536 0.9999802065749926 -0.005393039052824303 0.003240615374978164 -10.565565779135284 0.005387979482411069 0.9999842553925457 0.0015680064149801907 0.013200802636807535 -0.0032490206725919284 -0.0015505150096118473 0.9999935198629436 0.288096972634214
1564718115304544283 1564718116007247183 0.999997264110505 0.0023381112926350324 -7.076079176861772e-05 -10.586790377370107 -0.0023375787474745682 0.999974357342933 0.0067690754311905904 0.06532095933866783 8.658582898108328e-05 -0.006768891502824423 0.9999770870428615 0.28058587095552706
1564718116107294826 1564718116808715269 0.9999930588118114 -0.00026697608062241596 0.0037163223721636165 -10.650952652468202 0.0002620329663259859 0.9999990805105983 0.001330532482323244 0.049400165928606896 -0.003716674175391233 -0.0013295494478714415 0.9999922092853278 0.36622988927920375
1564718116909884634 1564718117610398134 0.999974609709682 -0.006998961251075523 -0.0013395810425982707 -10.527410563450738 0.007006256033387282 0.9999602167114423 0.005520631377545735 0.02793511070932051 0.001300889064566772 -0.0055298766548742126 0.9999838639457281 0.29188281352210543
1564718117710357297 1564718118402020888 0.9999614800506517 -0.004554913219022819 0.007502744863625716 -10.452174280305245 0.0046756065493480095 0.9998586747606109 -0.016148350050719348 -0.00318380970465862 -0.00742813020330031 0.016182807900115687 0.9998414572371774 0.3082567369027202
1564718118503143501 1564718119209105816 0.9999979610109752 0.0019984631853648457 -0.0002900324055881034 -10.427406551210373 -0.0019975662735429926 0.9999933215746041 0.0030604795666861026 0.05888311468860992 0.00029614672437192454 -0.003059893967450211 0.9999952746618498 0.28219406921786
1564718119308732707 1564718120008833824 0.9999937058659826 -0.001980945562344899 0.0029434814598413243 -10.463165204626126 0.0019776319013451987 0.9999974080121131 0.001128246922068616 0.04365088880417209 -0.002945708826106648 -0.0011224186978950515 0.9999950314755505 0.3163305587215957
1564718120108684053 1564718120802422676 0.9999933088318429 -0.0015175552176351918 -0.0033285609079706105 -10.446207391303549 0.0014876741194728392 0.999958739562017 -0.008961361462770823 0.02490110023620007 0.0033420229309347707 0.008956349686876657 0.9999543062975634 0.3032130947172348
1564718120902293038 1564718121602306361 0.9999829611189771 -0.0023879979728177025 0.005326813063494912 -10.413478789407584 0.0024195639431846957 0.9999795061313631 -0.005927312005541 0.016876892794084254 -0.005312549487434109 0.005940099575597679 0.9999682455133219 0.320855231895993
1564718121702354236 1564718122402306472 0.9999845901305978 -0.0050569855736979415 0.0022905017450033905 -10.449754657175578 0.005046453022995803 0.9999767734634627 0.004581031051996412 0.03477534678992451 -0.002313614752523028 -0.004569401549451224 0.9999868837921114 0.2860229906290341
1564718122504285007 1564718123205580279 0.9999998601113853 -0.000528786606321691 -1.2725387268636628e-05 -10.462535105770021 0.0005287771588124851 0.9999995927930361 -0.0007313060117396312 0.046808758368577584 1.311208691116141e-05 0.0007312991805441913 0.9999997325147577 0.2634559073538206
1564718123305522529 1564718124005701735 0.9999890780497767 -0.004436093714718986 0.0014713441856774952 -10.481486799518667 0.004432805727205131 0.9999876875515549 0.0022304660237068602 0.008064004238890721 -0.0014812206261362074 -0.002223919479734401 0.9999964300774341 0.28025870353355276
1564718124105858853 1564718124805856895 0.999998263903407 -0.0007036338650120125 -0.001725424458872061 -10.492804659000925 0.0007006997606424381 0.9999983086126042 -0.0017005269158414174 0.01587597276127347 0.0017266180888372599 0.0016993149590566784 0.9999970655550205 0.3001958145776504
1564718124905745818 1564718125607115297 0.9999946331361617 -0.0025118784891008947 0.0021033699937185596 -10.537996085486855 0.002496061873957029 0.9999688431762446 0.007488815119576427 0.03254380546360207 -0.0021221154529977317 -0.007483524786477338 0.9999697462837484 0.28536640108747163
1564718125707192354 1564718126407133543 0.9999818627633169 -0.005980452006728755 -0.0007129784053917316 -10.520172647718708 0.005980764190375672 0.9999820197874894 0.0004365334317509535 0.043550524471213 0.0007103549186508972 -0.00044078966995611914 0.9999996505501212 0.3009841586296168
1564718126507120142 1564718127210143814 0.9999988061474673 0.0013674339907540185 0.0007196026157807321 -10.497916312612006 -0.0013628486670254304 0.9999790088257179 -0.006334394324216767 0.04161482341946906 -0.0007282493765862721 0.0063334060524184955 0.9999796786038349 0.2897915360250337
1564718127309945770 1564718128002081466 0.9999939929067782 -0.0026644949523256267 0.002216893550225062 -10.529025907225215 0.0026599761276101734 0.9999943838612686 0.002038816551857251 0.038748004198506235 -0.0022223135162541337 -0.0020329074205750006 0.9999954642947448 0.299698736259185
1564718128102211192 1564718128802037681 0.9999931092738219 -0.003528432754324475 -0.0011539355138206336 -10.551377820763959 0.00353653062353728 0.9999685940437245 0.00709252263787643 0.04611551690211813 0.0011288737841862189 -0.007096554693527004 0.9999741819444492 0.2809915471299498
1564718128901962470 1564718129601912483 0.9999844676504294 -0.004332529733321727 0.00350622931488393 -10.539048655391037 0.004332867178446243 0.9999906091573965 -8.865125321251116e-05 0.03094060166229292 -0.003505812304245774 0.00010384190216884176 0.999993849229565 0.31262954871876386
1564718129701943728 1564718130405269969 0.9999910490902555 -0.004177571854323308 0.0006705466209413073 -10.57703877504519 0.004179255647172631 0.999988067327997 -0.0025296291936473536 0.012729942620663475 -0.0006599709118065282 0.0025324089369172503 0.9999965756658269 0.26956068403655864
1564718130505342695 1564718131208110718 0.999993234230866 -0.0035998137258263178 -0.0007568577369265355 -10.573695107117555 0.0035973175157899408 0.9999881699994144 -0.0032740140381177884 0.019477517459951837 0.0007686346239724945 0.0032712692293011725 0.9999943539832885 0.29959183740920786
1564718131308079029 1564718132008202754 0.9999943227557319 -0.003221684801475962 -0.0009875238473071074 -10.475821568290621 0.0032157982926540006 0.9999773909752585 -0.005905605782765726 0.009450105898891285 0.0010065275207501363 0.005902396577697266 0.9999820741478328 0.28270482222526655
1564718132108233563 1564718132802067235 0.9999990093331994 0.00041041333381491347 0.0013464373460321784 -10.401509099394161 -0.0004056540194079807 0.9999936762438932 -0.0035331171860916947 0.030001448162830093 -0.001347878869893103 0.003532567498229181 0.999992852069171 0.30217784843379447
1564718132901826057 1564718133601794562 0.9999796554121856 -0.0023391384118991595 0.005934407570640409 -10.368388778040215 0.002331006657963636 0.9999963353819509 0.0013768190262690577 0.031961372150508816 -0.005937606393573568 -0.001362957871894994 0.999981443415906 0.31655121460344077
1564718133703542169 1564718134401770526 0.9999966382712283 -0.00236622287947177 -0.0010603940442053693 -10.398320019465588 0.0023584469025379204 0.9999707533284549 -0.007275315521194257 0.01738054125950066 0.0010775780492510022 0.007272790180508239 0.9999729723090268 0.33176327856852417
1564718134501751830 1564718135205166225 0.9999854451952179 0.0008760176614788645 0.005323719637672368 -10.394161986373518 -0.0008915733272746759 0.9999953385086517 0.0029202838853664564 0.07056838307175624 -0.005321136600939098 -0.0029249878676352917 0.9999815648056999 0.3041362353774419
1564718135305048307 1564718136001924743 0.9999766711757846 -0.006724230221446136 -0.0012007631448603773 -10.37366830908848 0.0067242215399982 0.999977392103312 -1.1266939151631958e-05 0.017813950832646603 0.0012008117596244722 3.192478904745898e-06 0.9999992790202121 0.2707636184969967
1564718136101819854 1564718136805624511 0.9999927589275488 -0.0016274353224147505 0.003439992259737099 -10.376940090046487 0.0016496726037611232 0.9999776994143756 -0.006471418255511596 0.017912443711102975 -0.003429383731239928 0.006477046256491398 0.9999731432388699 0.269856542754229
1564718136902264301 1564718137603451935 0.999997683605436 -9.570436431344652e-05 0.002150261481315172 -10.363337896843381 9.9381605268996e-05 0.9999985328483136 -0.001710094885731444 0.04174204591890535 -0.002150094663011388 0.0017103046209150123 0.9999962259684048 0.3102287451391778
1564718137703440254 1564718138403382850 0.9999871047313375 0.004673036743909987 0.0019882400842689573 -10.328025712598107 -0.004676774337584804 0.9999872977901371 0.001879372283679672 0.06668151988932251 -0.001979432453488917 -0.0018886465988721868 0.9999962574235942 0.2917180480402314
1564718138503605853 1564718139206516394 0.9998874595817184 0.014973279968186471 0.0009322329223871274 -10.320485417009701 -0.014975906353299963 0.9998837154256094 0.0028771262733175013 0.1444915104443651 -0.0008890445008842375 -0.0028907635132680385 0.9999954265326444 0.2818641481163663
1564718139306801672 1564718140001554646 0.9998299633334272 0.018293864330136193 0.002319256037749753 -10.290037141494379 -0.018300707646987463 0.9998281328889987 0.0029645882241815997 0.15825860615689538 -0.002264623659147022 -0.0030065281621870707 0.9999929161089709 0.26924348919756486
1564718140101373101 1564718140804893376 0.9998053475138489 0.019722820981295765 0.0005267022400441068 -10.258085822191925 -0.019725748908708627 0.9997855948339762 0.006297554482601815 0.16509217116252362 -0.0004023837726825917 -0.006306718244101647 0.9999800314967773 0.27592134251150097
1564718140904911440 1564718141607894878 0.9999632746903057 -0.003540013628103633 0.007804971118076073 -10.268602027034069 0.003650878030413578 0.9998919958763777 -0.014236139643960647 -0.0019081925767497608 -0.007753732020658981 0.014264111814907022 0.9998681986911561 0.3333947259619195
1564718141708819037 1564718142409974435 0.9999411983771089 0.010364395463538716 0.0031904693729419226 -10.257491652476045 -0.010328182903596527 0.9998843309636252 -0.011164825629598422 0.08145401888299567 -0.0033058170025301228 0.011131217368500087 0.9999325815142951 0.2826615985193861
1564718142509507830 1564718143206523754 0.9999725530653423 -0.002610089107076809 0.006934014049542029 -10.27811264896389 0.0026184987833593955 0.9999958468991967 -0.001204013493736326 0.04490396539952395 -0.006930842669377763 0.0012221371546088152 0.9999752345936734 0.31984163512747804
1564718143307900462 1564718144001686178 0.9999844354673829 -0.005482861715528688 0.0010329813102736346 -10.214194851602526 0.005469713356629829 0.9999090447570202 0.012328197309421128 0.03189448142611512 -0.0011004811562562672 -0.01232235531512181 0.999923471322046 0.29333036508950544
1564718144102026259 1564718144803428519 0.999965005866516 -0.007817741357072477 0.002978248218102921 -10.202075507588365 0.007840855463182755 0.9999386041166538 -0.00783000529006267 -0.015317107085819891 -0.0029168524097404748 0.007853083299624085 0.9999649099117 0.28600788954928746
1564718144905078047 1564718145604857047 0.9999887422841075 0.003767201106341065 0.0028850478121843545 -10.13104726105117 -0.00376106387240505 0.9999906592706439 -0.0021297347279919427 0.054468684161852354 -0.0028930440027569574 0.002118859902947276 0.9999935703438904 0.27878037748358997
1564718145704159021 1564718146407857503 0.9999878491368455 0.004867807435157137 -0.0007784789302416546 -10.15812826384321 -0.004866051926467233 0.9999856490316887 0.002241265118723097 0.09189125185323055 0.0007893778053244435 -0.0022374497665188626 0.9999971853466555 0.29053388306449707
1564718146509378390 1564718147209567554 0.9999794593882587 -0.0061225540079338945 0.001896083854652348 -10.0940576462162 0.0061212059922953295 0.999981008955879 0.000715936299734571 0.0019401310976966723 -0.0019004312047012151 -0.0007043152741114506 0.9999979461485117 0.26444608727428615
1564718147309293821 1564718148009483960 0.9999721619223465 -0.007461260153648535 -7.05497916761613e-05 -10.09722632796861 0.007461112846133874 0.9999703645464267 -0.0018978471997661268 -0.009277333362347878 8.470803259068185e-05 0.001897267987390901 0.9999981965977476 0.2760465954759962
1564718148109489157 1564718148809355848 0.9999776091748797 -0.002022195374951736 0.006379018322255672 -10.039775966365333 0.002009755358542256 0.9999960675565838 0.0019559536731808005 0.023715811760201433 -0.006382948557597844 -0.0019430896115087562 0.9999777409375058 0.30623001148102985
1564718148909293730 1564718149609573675 0.9999758953153863 -0.005252152751023189 -0.004541330165329123 -10.032765396572152 0.005267560731433444 0.9999803884417109 0.0033875560378994985 0.031061282531565725 0.004523449141004586 -0.0034113961143765904 0.9999839502634182 0.25305549716222
1564718149709563974 1564718150409590064 0.9999664561551393 -0.0047090996119257605 0.006701562906180884 -9.996735231290002 0.004761112698879526 0.9999585045071889 -0.007766663995325534 0.012364443265944254 -0.006664710827119054 0.007798310367809133 0.9999473826082167 0.3179375330036279
1564718150509582932 1564718151309251253 0.9999859859540391 0.0052371423397522265 0.0007747487668391375 -11.3260298613012 -0.005247057549706716 0.9998964040095344 0.013403344205197733 0.10733343338035525 -0.0007044732845417815 -0.013407221521481757 0.9999098710026196 0.26596373494193326
1564718151409204950 1564718152201669990 0.9999906673205596 0.001467478873864532 0.004063468658478809 -11.306422415487832 -0.0014668056367028249 0.9999989100176588 -0.00016865562979228013 0.05507087760246615 -0.004063711727943187 0.00016269373705057573 0.9999917298546712 0.32681217176191013
1564718152301790209 1564718153103337845 0.9999995428986026 0.000765876308320216 0.0005723950228340944 -11.35382677753012 -0.0007605059852387891 0.9999562390237211 -0.009324251614857856 0.04644579515684014 -0.0005795111976733453 0.009323812042889025 0.9999563643958476 0.31720792634887746
1564718153203555494 1564718154004995822 0.9999990557166591 0.001092915516114214 0.0008331275277137194 -11.284780628416298 -0.0010868997829894536 0.999973580783293 -0.00718723759956321 0.040974972189627736 -0.0008409605606275526 0.007186325286645297 0.9999738244145304 0.316882463821892
1564718154104634466 1564718154909144257 0.9999809142223565 -0.006106886316832211 0.0009365524725867698 -11.27675285210256 0.006110964079682681 0.9999715825160429 -0.004414779539583523 0.007714468191616323 -0.0009095653013594676 0.004420418518601948 0.9999898162436928 0.35911918535146614
1564718155009308732 1564718155801875749 0.9999935205937223 -0.0034901175155580394 -0.0008819582236548675 -10.592946577341445 0.0034872596776584592 0.9999887308745483 -0.003221357456085493 0.020711302473251866 0.0008931912008384443 0.003218260966251128 0.999994422487366 0.3633017136766415
1564718155901807253 1564718156804943878 0.9999964025488277 -0.0026806563584683162 -9.47148466756984e-05 -10.41958872236944 0.002680316559254088 0.9999905527730021 -0.003422026870276436 0.02323321669257347 0.00010388722997203721 0.0034217606939300326 0.999994140363436 0.37744255381161185
1564718156906346573 1564718158001899685 0.999996113529372 -0.0019328890644584392 0.002009195367514376 -10.424487085800857 0.0019376900911623066 0.9999952658207351 -0.0023903332900915915 0.014239264930113522 -0.002004565606546216 0.0023942171980864077 0.9999951247084923 0.3986814062926786
1564718158101846171 1564718159603419042 0.9999678494235078 -5.442905980881847e-06 0.008018733672215547 -10.294537992886713 -6.3631600401712195e-06 0.9999989161686682 0.001472284281434816 0.02268983456249666 -0.008018732994765411 -0.0014722879711319217 0.9999667655923855 0.39858284113894127
1564718159703174495 1564718162006334965 0.9999974481478889 0.0007219631116736749 0.00214066975293994 -10.347379624040423 -0.0007255937788258499 0.9999982989690697 0.0016957513517551974 0.0203749258658345 -0.0021394418416717693 -0.0016973002811036299 0.9999962709732363 0.35375140722074755
1564718162106360826 1564718179704063677 0.9999250849909957 0.0008270126435837745 0.012212307555978043 -10.200233807281526 -0.0007386008733562413 0.9999735014328825 -0.007242299414941108 0.001811098594562618 -0.012217973420511098 0.0072327368369891135 0.9998991992412833 0.3058946304181053
1564718179804507942 1564718182001219487 0.9999906886440599 0.0028975480991267504 -0.0031979431202196714 -10.3943954063265 -0.0028856632021737115 0.9999889365543524 0.0037147970046694924 0.10750255419692646 0.0032086715429496637 -0.003705534228087676 0.9999879866493551 0.20458242896469436
1564718182101352979 1564718183601283837 0.9999273112362874 -0.011314316192266291 0.0041663524677616835 -10.084053377858913 0.011329192146330217 0.9999294698246642 -0.0035643767332220627 -0.040711501324405173 -0.004125730128803291 0.0036113190507405784 0.999984968249839 0.25996244575686506
1564718183701337185 1564718185004394336 0.9999354471653201 -0.011305356880112898 0.0011359613160397037 -10.530857612898412 0.011306246993963393 0.9999357779438647 -0.0007802350379817661 -0.039676344472746976 -0.0011270675267135788 0.0007930281308131116 0.999999050412139 0.23914066216207608
1564718185104380887 1564718186204337947 0.9999840342843648 0.005112986120410142 0.0024059404193035997 -10.153405432239792 -0.005127299800212964 0.9999689673475386 0.005981232202545158 0.09595205940380912 -0.002375283799356023 -0.005993472685723533 0.999979217940078 0.22689876699304057
1564718186304401002 1564718187304778530 0.999998218928711 0.0010843482256767008 0.0015447745249109193 -10.12566404853338 -0.0010854272653518082 0.999999167431436 0.0006978424535932674 0.054191211551123 -0.0015440165345536607 -0.0006995179510738919 0.9999985633427635 0.25892531760220605
1564718187404617340 1564718188401105385 0.999999781016225 -0.000660949291797934 3.3369666913500565e-05 -10.983597664864272 0.0006610706923485304 0.9999926391212066 -0.0037795090883780847 0.03649445216276422 -3.08713574279834e-05 0.003779530320435842 0.9999928570732527 0.259085491320254
1564718188500716903 1564718189401118570 0.9999981029152017 -0.0013915093213323596 0.001363036246857146 -10.574055646084268 0.0013962251476753985 0.999993022225655 -0.0034649755186966693 0.04558373281368177 -0.0013582051901651795 0.0034668720508294185 0.9999930680143987 0.2908759302666166
1564718189500468798 1564718190402928669 0.9999888249609064 -0.004574369881797098 -0.001193772802181509 -11.157301744604508 0.004566520873406673 0.9999684682068186 -0.0064968822706599465 0.018373776556004008 0.0012234543029689684 0.006491358279327462 0.9999781824756349 0.2857440877191369
1564718190502136689 1564718191301058231 0.9999909720614532 -0.004238373818076158 0.0003032869502044328 -10.127154204697232 0.004240505378529382 0.9999635436724793 -0.0074114398142581224 -0.010838295820864085 -0.00027186344101294866 0.0074126589941790845 0.9999724889100295 0.2622452101666888
1564718191401119578 1564718192301035211 0.9999543858220543 -0.003464109395494738 0.008900911264494188 -11.146808625950628 0.003492671231519907 0.9999887954993573 -0.003195328373605345 0.020348304432782145 -0.00888974256718742 0.0032262705780361214 0.9999552808277223 0.3811729175245098
1564718192401049067 1564718193302951117 0.9999829930787173 -0.00542963570000515 0.002128992600759831 -11.244429529196474 0.0054342816084693105 0.9999828524230617 -0.002182531384148446 -0.004239658256148852 -0.0021171057433745305 0.0021940638113443966 0.9999953519628342 0.30535626234276647
1564718193403022090 1564718194202802276 0.9999995471150626 -0.0007022544190093559 0.0006423460149609758 -10.19715197957537 0.0007047161525230247 0.9999923779121119 -0.0038402464549687964 0.03149370105872096 -0.0006396442888995969 0.0038406973873911826 0.999992419920656 0.2519101462531043
1564718194302895929 1564718195106329088 0.9999088283622649 0.012019568113525891 0.006153449891573229 -10.323399490426585 -0.012016542447691727 0.9999276591129186 -0.0005284397412708852 0.09878083483733503 -0.006159356363013577 0.0004544483707326234 0.999980927721062 0.27198083049918925
1564718195207772124 1564718196008949993 0.9993492671404648 0.035775760749643115 0.004597522007189458 -10.286134212095309 -0.03581420747455099 0.9993217057840676 0.008571516306594739 0.2629629207179617 -0.004287751017958171 -0.008730595146311871 0.9999526948309181 0.2357308406554985
1564718196108935281 1564718196901006585 0.9997904337454913 0.012511377308497471 -0.01620351902701215 -10.346956103138254 -0.01259114449076274 0.9999090619817271 -0.004830201574910086 0.1620905266892236 0.01614161303672162 0.005033210176984463 0.9998570473442272 0.2005526727200638
1564718197001096325 1564718197801476526 0.9997023502563872 -0.023968819380779625 0.004550449357891477 -10.057073907198834 0.02397710085665514 0.9997109336959552 -0.0017741711531102228 -0.12552153650372122 -0.0045066091883942455 0.001882749654718906 0.9999880727925599 0.31237996306954996
1564718197901428468 1564718198803159427 0.9999005368217302 -0.014097863821717722 0.0004082882424740062 -11.194076992733178 0.014097285471063767 0.9998996672427318 0.001386358622971572 -0.04830609397769995 -0.0004277919728635333 -0.0013804649754277328 0.9999989556547009 0.33142176304520216
1564718198903175673 1564718199804555720 0.9999051155631832 -0.013223248153489856 0.0038607743852440376 -10.891941774616246 0.013216927285186203 0.9999112777459294 0.0016581524800512624 -0.04074523637327078 -0.003882358010357708 -0.0016069675728724421 0.9999911724367901 0.3299335661577515
1564718199904603276 1564718200801460354 0.9997569850555158 0.01445834527923628 -0.01664112629913615 -10.628026574907551 -0.014540855372788132 0.9998825236651591 -0.004847926777936696 0.09298363504469129 0.01656907836136782 0.005088724870036274 0.9998497739768104 0.2641757421663833
1564718200901540755 1564718201901256378 0.999649213654624 0.01998715055601248 0.017377095624775372 -11.04103555232468 -0.019769790825621403 0.9997252671002366 -0.012591492845369017 0.1338025866809775 -0.0176239896281299 0.012243534375952407 0.9997697189131027 0.49859566666928756
1564718202000296718 1564718203106080571 0.9998514845523884 0.017097539466804906 -0.002164020002842451 -10.418555743914077 -0.017092094998581338 0.9998507692612739 0.002509879718300603 0.12772952404210577 0.002206609832079371 -0.002472519326923342 0.9999945087455407 0.30654176713872483
1564718203206133906 1564718204506753831 0.9999803566558503 0.0019122900447981768 0.0059690408968622296 -10.094834405334746 -0.0019339028054574001 0.9999915881226692 0.0036171402852756065 0.035737232583661335 -0.005962073664664438 -0.0036286127774803646 0.9999756431268434 0.3643373088390906
1564718204607537344 1564718206603236405 0.9997355095461122 0.022484829529666933 0.004831500140143134 -10.381085327313647 -0.02246234919169347 0.9997368391353265 -0.004657826155403852 0.13736244550769328 -0.0049349591054718 0.004548067361582418 0.9999774803773908 0.37627049214707875
1564718206703148590 1564718213306159411 0.9172269024350818 0.39746222026409234 0.026806583372186627 -9.783455169284323 -0.3976427528167317 0.9175390128681086 0.0015495151988839113 2.2739237840343423 -0.02398021229440144 -0.012080700631875992 0.9996394380428244 0.38115649673527163
1564718213406188451 1564718216401090347 0.8022027646043369 0.5968973482638166 0.013574980544763755 -9.47912044114245 -0.5966389097733007 0.8022862326246765 -0.018942341075876334 3.8979138018013346 -0.022197653157311037 0.007096236786723852 0.999728416930213 0.30905663806144645
1564718216501350533 1564718219006012969 0.7069766175520169 0.7071410381598288 -0.01164535894495272 -8.875785762952596 -0.706900972408533 0.7070524548535794 0.019179189070713726 5.249751617604922 0.021796271300208184 -0.005327122654370579 0.9997482404693956 0.02275934317499486
1564718219110177099 1564718220801008684 0.9880459313065763 0.15413561814676435 0.0027292575992325786 -10.647207105540787 -0.15415977953724486 0.9878909320223801 0.01750053716294817 1.5045969117899067 1.2472800760380911e-06 -0.017712076289328884 0.9998431288717182 0.2278232706911924
1564718220901129164 1564718222204527846 0.9999357719870853 -0.011040438239094938 0.002561371524139757 -10.302108622568458 0.011047673713362415 0.9999349732491868 -0.0028281051372810377 -0.05925235214962814 -0.0025299814463702304 0.0028562206905648996 0.9999927205721336 0.21924153945029035
1564718222303574076 1564718223404332188 0.9999956817697823 0.001137522376580928 -0.0027097019466333543 -10.042324986045116 -0.0011350316392275636 0.999998932142205 0.0009205528948148501 0.037073159592145286 0.002710746202573682 -0.0009174733222132323 0.9999959050404839 0.19070484030604448
1564718223504328085 1564718224504350436 0.999958142017388 -0.003159201495108625 0.008586830559213417 -10.143816071502933 0.003182440991321651 0.9999913069193217 -0.0026940963475909916 0.015649180943641462 -0.008578244719993269 0.002721310659710066 0.9999595032729193 0.2871722972135632
1564718224604258383 1564718225604106952 0.9999797035922099 0.005012637703122573 -0.003932666640345374 -11.024729389588105 -0.005007102518322211 0.9999864617371772 0.0014160744092974655 0.10350596766971319 0.003939711666845231 -0.0013963544030352465 0.9999912643950318 0.21685328029551806
