1566534897072874469 1566534932478044826 0.9999832987024299 0.0010526433474840173 0.005682803726250717 -9.883708662217366 -0.00106467592492036 0.9999971971310339 0.0021147565476090173 0.007350411204331583 -0.005680561713685047 -0.0021207715727440345 0.9999816166043038 0.2665400657847391
1566534897072874469 1566534933070170955 0.9999737381139209 0.0011751420892710562 0.007151372143780643 -9.956208073908494 -0.0011909240460922252 0.9999968642735045 0.0022029850381422964 0.0051611859950328205 -0.007148760898592907 -0.0022114439246486784 0.9999720019747507 0.27052820199295474
1566534897072874469 1566534933570282320 0.9999493013954776 0.0007786669372050604 0.01003933844892724 -10.170410270668894 -0.0007981289409719044 0.999997809934259 0.001934713644297695 0.007278327905768139 -0.010037809964567905 -0.0019426282435798825 0.9999477329173884 0.2791716837943017
1566534897172720128 1566534934169857216 0.9999016804086807 0.000633408699287934 0.014008151531188692 -10.178996784434926 -0.0006448309837552908 0.9999994633161013 0.000810901057477527 0.009186465361477719 -0.014007630381454769 -0.000819854220149424 0.999901552219099 0.29897149224009006
1566534897372666112 1566534934670468484 0.9998634307006079 0.0009289309862592249 0.016500213175393793 -9.88396414426516 -0.0009948578621238968 0.999991553986924 0.003987757848239443 0.014621468074590572 -0.01649636946254624 -0.004003628609748317 0.9998559099952951 0.32362915774610457
1566534897572854037 1566534935170517401 0.9998362508546859 0.0016673487869479822 0.018019196010520423 -10.007530771951279 -0.0016953241330087234 0.9999973811870477 0.0015373662977074352 0.013431756051206962 -0.01801658549578484 -0.0015676629331440768 0.9998364591671989 0.3365586874713935
1566534897972636117 1566534935770234847 0.9998563111337715 0.0021389679997824776 0.016816120297777095 -10.014701611732606 -0.0021956897496914025 0.9999919603576861 0.003355319138829721 0.03466617835964842 -0.016808808181917607 -0.003391759999794501 0.9998529691567758 0.33638430740395403
1566534898572946121 1566534936271774677 0.9999108558889063 0.0024357979609328007 0.013128105872811947 -9.737962068624746 -0.002469088499114738 0.9999937760504709 0.0025202107666688718 0.04425014859690555 -0.013121885439896801 -0.0025524005599459427 0.999910646694938 0.2853225929326846
1566534899472817984 1566534936771830123 0.9999464110487404 0.003006338739984581 0.009906409951610996 -9.85853802037015 -0.0029932146673977743 0.9999946233674607 -0.0013393663201224806 0.04770505258262029 -0.00991038327733994 0.0013096425333176283 0.9999500333215379 0.2576701608396817
1566535112266022712 1566535139169906836 0.9999688563385641 0.0029700726835075334 0.007311977926932047 -9.886743530684095 -0.0029901998436088653 0.9999917666440843 0.0027432369458457 0.031508217629748474 -0.007303770111697945 -0.0027650157866566352 0.9999695043499391 0.2657338384226774
1566535112365935765 1566535139672093868 0.9999747859133465 0.0026233004778661016 0.006598926591931333 -10.014335913379455 -0.002649195462531304 0.9999888137125169 0.003918445258253563 0.0323903330213118 -0.006588573515122577 -0.003935828304620127 0.9999705495436398 0.2699067528863744
1566535112565842590 1566535140272024498 0.9999708509585223 0.003238121845286242 0.006914607741350624 -10.017346616314354 -0.0032743142010440377 0.9999809664725073 0.005229298157652166 0.034056069883690754 -0.006897543027374557 -0.005251786326945594 0.9999624206141803 0.27433101105727864
1566535112766081837 1566535140773160847 0.9999742070280899 0.002721595950576908 0.006646667889725806 -9.982783911830822 -0.0027518849005179077 0.999985852535948 0.0045521266954992035 0.039252841698775284 -0.006634184806649646 -0.004570300147627758 0.9999675494477466 0.28451875941935617
1566535112966459719 1566535141273337593 0.9999711828866618 0.002548611594795465 0.007151082099735144 -9.93577008751737 -0.00257715834346486 0.9999887366520123 0.00398557699519459 0.03049949180157065 -0.007140843866866773 -0.004003891613268816 0.9999664880388957 0.28157471105212445
1566535113066440495 1566535141773542745 0.9999760170204236 0.0027952919136716016 0.0063365390474532535 -10.023613733581767 -0.002827975600936807 0.9999827146660738 0.005154893119969439 0.03874687375607946 -0.006322020087205909 -0.005172689068093667 0.9999666371183739 0.2903596536218343
1566535113165817080 1566535147765396326 0.9999652227217924 0.0031291281303986607 0.007730582391443598 -9.91263386144663 -0.0031668287409450896 0.9999831299478457 0.004869395798625393 0.035608977030816544 -0.007715215012743885 -0.004893707884794456 0.9999582626692264 0.28910179662659397
1566535113165817080 1566535148365365550 0.9999731490215925 0.0032782464925630982 0.0065539557346390035 -9.977898609018226 -0.003310225260233741 0.999982641024668 0.0048744289978151075 0.0363351085130992 -0.006537862384917641 -0.004895993184454582 0.9999666422467192 0.2945055705626488
1566535113266408982 1566535148964848328 0.99995576594875 0.003083379453376979 0.008885883018356692 -10.092513785180657 -0.003126977131165647 0.9999831220861403 0.00489668835928477 0.045618187013297666 -0.008870634694912184 -0.004924257711909635 0.9999485304384955 0.29849232279893795
1566535113466247138 1566535149465400469 0.9999664103016079 0.0028650749215191405 0.007679167547226419 -9.915404574166619 -0.0028912822673043165 0.9999900270664821 0.003403858755261755 0.03923932557111044 -0.007669338653042912 -0.0034259470616297308 0.9999647214433944 0.292229247704319
1566535113566230837 1566535150064632837 0.9999789942006251 0.0024019506692446882 0.006020115488718763 -9.899012032096389 -0.002420516870861478 0.9999923315035564 0.003078641284081534 0.025875521580258784 -0.00601267457899182 -0.0030931484058654463 0.9999771398273855 0.2921282590944238
1566535113566230837 1566535196163554324 0.99997410855588 0.0006469789951636453 0.007166842823482859 -9.808328410674703 -0.0006667444094088416 0.9999959803601401 0.0027558511294845166 0.03194984638755072 -0.0071650310375611925 -0.0027605582289045925 0.999970520389729 0.2892677714950312
1566535113566230837 1566535196763651737 0.9999603669456043 0.0024097947952728817 0.008570730836158242 -9.99438511734557 -0.0024350374467230398 0.9999927252189527 0.002936000988838909 0.031734830700045034 -0.008563593326066236 -0.0029567546766838346 0.9999589603934426 0.29211124464605953
1566535113665610097 1566535197263961406 0.9999615547029639 0.0027025950392505576 0.008341768162749699 -10.009595039672913 -0.002726601476565854 0.9999921705673931 0.00286782989306482 0.033574715621985156 -0.008333952268595637 -0.002890464315882505 0.9999610944709935 0.29298626254662596
1566535113866209875 1566535197765426483 0.9999607901505838 0.002230615097540389 0.008569861008990822 -9.947786603733496 -0.002254455241352404 0.9999936133586149 0.0027732063653526724 0.03729475236234676 -0.008563620320374653 -0.002792417996418068 0.9999594325815166 0.29251806749735876
1566535114066443159 1566535198265662985 0.9999699731769331 0.0018236543490082343 0.007531734816613106 -9.993024463692848 -0.0018452081605971546 0.9999942198587026 0.0028557759074590186 0.03129233679708646 -0.0075264833339684575 -0.0028695877761282227 0.9999675582310761 0.2845807038690667
1566535114366579928 1566535198765671145 0.9999877949896971 0.0021101186798791133 0.004467356131756198 -9.933434485798319 -0.0021266887444912133 0.9999908652291096 0.0037076479504020415 0.03328524873173634 -0.004459491746283129 -0.003717103374523706 0.9999831478959371 0.25961633876153145
1566535114666127506 1566535199365405401 0.9999868946180123 0.002465034856214604 0.004487114371303121 -9.919237738233688 -0.002480124710658075 0.9999912780447892 0.003360478502968608 0.034749109511916086 -0.004478791538249022 -0.0033715630658459404 0.9999842863709668 0.26752222928790903
1566535115066115678 1566535200167024195 0.9999817153334677 0.0025936148383593634 0.005462797892361069 -9.884867797722533 -0.0026084808038586687 0.9999929097096164 0.0027159452120254293 0.03851387517211384 -0.005455715043735513 -0.002730145155310415 0.9999813905672459 0.25981593667588687
1566535115370733892 1566535200766742369 0.9999807529918315 0.0026432271100616488 0.0056131093289131006 -9.935101393574184 -0.0026617164780445924 0.9999910486670555 0.003289050190930828 0.04291800815914174 -0.0056043653774715705 -0.0033039273921487548 0.999978837352327 0.2680826569481949
1566535115771211363 1566535201268517153 0.999967688629168 0.0032354782184404233 0.0073588979027973825 -9.918253038084698 -0.003250847047611323 0.9999925580343015 0.0020774670837928884 0.037538898330968566 -0.007352121538632587 -0.002101322609504568 0.9999707649487435 0.27210986182737323
1566535116572622004 1566535201768637311 0.9999679790387269 0.0022575710444988272 0.007677517189486277 -9.86863766210971 -0.0022818390319879482 0.9999924238954357 0.003153626857625382 0.04187624383184162 -0.007670339487134233 -0.003171044733853829 0.9999655545904892 0.26971790048075844
1566535135665494640 1566535202268704379 0.9999827643767819 0.0017481218468277284 0.005604910292160546 -9.862074361324362 -0.0017675006224838674 0.9999924715827805 0.0034543768345231284 0.06308695149561357 -0.005598829424445306 -0.003464223978616063 0.9999783258957767 0.23551616158207608
1566535137265617683 1566535202868610122 0.9999910920342057 0.001723090994531894 0.003853155805858391 -9.92435513615695 -0.0017381292392621593 0.9999908730912062 0.0039029016177037613 0.033949638363013325 -0.003846395583826409 -0.003909564133559295 0.9999849601615552 0.22377495102544262
1566535138968573885 1566535203368613544 0.9999859154240076 0.001506591130810384 0.005089119451071156 -9.778356557097691 -0.0015255514331380888 0.9999919028594564 0.0037238297984871272 0.036254310054513905 -0.00508346795480799 -0.003731541063395396 0.999980116779768 0.227807399252909
1566534860575526443 1566535283868567028 0.9998540057029954 -0.005723498689693456 -0.016099964050994002 10.361788479983552 0.005687271141460457 0.9999811936698456 -0.00229504980647301 0.03201448585754429 0.016112796984315246 0.002203149881364325 0.9998677532073788 -0.14793905981260597
1566534862772062660 1566535284468332954 0.9999026713569715 -0.004674346593155 -0.013145276609069691 10.08470041536669 0.004511189199743302 0.9999127640360256 -0.012414245440009734 0.0040313520578369 0.013202158354072218 0.012353736348480393 0.9998365307454219 -0.14129576046074985
1566534863872015132 1566535284969886050 0.9999623843754278 -0.0015993445347559075 -0.008524783357540042 10.196565851054816 0.0014836686311342096 0.9999069791087328 -0.013558460718478113 -0.032286880063294165 0.008545675024643902 0.013545302754855 0.9998717398805035 -0.17695232489859034
1566534864772363496 1566535285565772452 0.9999553957084956 0.002702210258486743 -0.009050118960198689 9.662262155800967 -0.0026997196750272044 0.9999963144494229 0.0002874043337803253 -0.00688162593819034 0.00905086223246674 -0.0002629587300953125 0.9999590055325132 -0.15579370901027104
1566534861371903307 1566535286165281141 0.9999321508024059 0.0018342554630950767 -0.011503447247613147 -9.723333320459778 -0.001701981290742468 0.9999324482390156 0.011497922351935712 0.1160333315420663 0.011523760296382508 -0.011477563575135331 0.9998677254932379 0.16632560130957402
1566534862971910507 1566535286762432950 0.9999280763884894 0.001316897341351606 -0.01192089893492777 -9.89557815827356 -0.001328152012478342 0.9999986797277137 -0.0009362451910612948 0.11897146543969671 0.0119196502572924 0.00095201061883691 0.9999285052510175 0.15161961370555332
1566534866875670427 1566535287362279300 0.9998830310850025 0.0036987668357938404 -0.014840595411884244 9.594837371347094 -0.0035793437035238893 0.999961066715445 0.008065565818225977 0.0812674657482498 0.014869850266120302 -0.00801150280599933 0.9998573415122072 -0.1407324015049442
1566534864672097236 1566535287862498158 0.9999061593045615 0.001814370682312278 -0.013578683435326743 -9.650623363771885 -0.0018987997205999504 0.9999789308024162 -0.006207456071677415 0.14552547989373205 0.013567134717054289 0.006232656759995817 0.9998885372106673 0.1581056482455614
1566534865272426052 1566535288462269644 0.9999435630898658 0.00016026257024341444 -0.010622850420675706 -9.753301792557007 -0.000252248168441126 0.9999624831398137 -0.008658445802818012 0.1325731600683264 0.010621064259903055 0.008660636741452524 0.99990608877295 0.17168133147019443
1566534865673831479 1566535288962926264 0.9999414751854477 -0.0020893365373091666 -0.010615124907163752 -9.907509497033123 0.002000548469660714 0.9999629861513425 -0.008368042370481358 0.12009451189643032 0.010632215657207338 0.008346316560465115 0.999908643322028 0.17678368605596345
1566534868375523852 1566535289564172586 0.999931639499767 -0.00764279612331752 -0.008848954443969817 9.674996214240323 0.007594458958844422 0.9999561281237286 -0.0054832491211402965 0.033058471642026896 0.008890473578861607 0.005415671262133759 0.999945813524093 -0.19074313369323273
1566534868575694909 1566535290064839876 0.9998875956335663 -0.008828693528546757 -0.012118179267771888 9.440400972743669 0.00881743769422341 0.9999606435056365 -0.0009819533219139708 0.006576642824898779 0.01212637170365578 0.0008749916554118399 0.9999260900181339 -0.1627574546693445
1566534866675436302 1566535290664935771 0.9999188527585353 -0.007258970028777195 -0.01046877510439295 -9.930582237965835 0.007269642190258804 0.999973093887644 0.0009817347903707076 0.04916123499261571 0.010461367046934318 -0.0010577593744799678 0.9999447189443154 0.1653739210736815
1566534868976974710 1566535291165381135 0.9999543732122733 -0.009129078414649463 -0.0028127248330856946 9.318222370417582 0.009148262396009986 0.9999344524690142 0.006884770193499722 -0.029119342335210758 0.002749688858954014 -0.006910187608372243 0.999972343876786 -0.19248006841399626
1566534867075465397 1566535291665756081 0.999920401710909 -0.008689027452533606 -0.009148280945626856 -10.104414761935175 0.008713706997001002 0.9999584934535715 0.0026613305784769035 0.016597790808092934 0.009124776857621994 -0.0027408341808025684 0.999954612107626 0.1702463569938081
1566534869276491749 1566535292167032213 0.9999552710675818 -0.006378371990316582 -0.006983712120548548 9.149397160326812 0.006412931347152237 0.9999672476318852 0.004937405703909374 -0.08365117960621718 0.006951990777191127 -0.004981970925400377 0.999963424226086 -0.1800620299733885
1566534867475534581 1566535292670275286 0.9999081354538912 -0.009014238927716599 -0.010122457690692662 -9.657446317839979 0.009033956293741614 0.9999573805850489 0.0019038506172233843 -0.021117507794080843 0.010104864513121658 -0.001995121561213607 0.9999469541946444 0.15516613794297882
1566534867575267302 1566535293262824244 0.9999240208321799 -0.00865230469622716 -0.00878010172288853 -10.287789990590618 0.008665466670831432 0.9999613851799565 0.001462134181627953 -0.04159351183355366 0.008767111850394325 -0.0015381067687359538 0.999960385204028 0.17462353816570272
1566534869676768580 1566535293862522321 0.9999671875481942 -0.0009264038192969168 -0.008047707933698463 9.27280082661688 0.0009025559777055043 0.9999951928162247 -0.002966435097148626 -0.16049430816271404 0.008050417363690169 0.0029590742542375376 0.9999632166534232 -0.16091973907958831
1566534867774988653 1566535294363437602 0.9999300424381544 -0.008137460135453444 -0.00858440284441484 -10.274847467766088 0.00806799682913053 0.9999346819194936 -0.008095635968157506 -0.08812938484267645 0.008649720042660805 0.00802581068227457 0.999930381929707 0.18777022922766345
1566534869776326799 1566535294962746141 0.9999587609596554 -0.0008270576616822562 -0.00904391263195346 9.282845165539484 0.0007992562564197702 0.9999949459143039 -0.003077228510594593 -0.16234294107691405 0.009046411968660233 0.0030698732048902904 0.9999543681133786 -0.17076313315808758
1566534869776326799 1566535327968227018 0.9999883764536621 -0.0009372845983820199 -0.004729530125589255 9.30878129499916 0.0009278155893075718 0.9999975617673487 -0.0020039005996809584 -0.17537515123765232 0.0047313968190627 0.0019994891754688124 0.9999868078765876 -0.18128075434282015
1566534869776326799 1566535328568126956 0.9999921657519327 -0.001616950831933658 -0.0036130187966510957 9.216388593276545 0.0016095507339079751 0.9999966031187095 -0.002050145726111427 -0.16291381737786037 0.003616321508491746 0.00204431432770561 0.9999913714616223 -0.18145319396011056
1566535290765703347 1566535329069514373 0.9999766741353049 0.001622319164988212 0.006634701638869934 -10.09345904017576 -0.0015855214326903045 0.9999833541196916 -0.005547756783819108 -0.004313363262249282 -0.006643591430573483 0.005537107915946797 0.9999626008650794 0.27427888140397044
1566535290965767377 1566535329661601856 0.9999887754527798 0.0009347282368078194 0.004644916746640289 -9.847256142989743 -0.0009032320124863169 0.9999766193284598 -0.006778271782940682 -0.005388132124312089 -0.004651143987399647 0.006774000262407899 0.9999662393201416 0.23613237077040247
1566535291165381135 1566535330261575435 0.9999820739507252 0.0006952668604961445 0.005947132183246782 -10.044831802688517 -0.0006396366269556152 0.9999560746113283 -0.00935092042986835 -0.003483211524103581 -0.005953372338244195 0.009346948801238085 0.9999385940676143 0.23521376912502948
1566535291565871130 1566535330761734117 0.9999702170175842 7.996167213269335e-05 0.007717427288063847 -9.81243608833105 -2.0547392366796302e-05 0.9999703659902981 -0.007698488100587739 0.0018878147741741456 -0.007717814173730134 0.007698100243645364 0.9999405855334745 0.24990347440610775
1566534868274830280 1566535331262070460 0.9999504539218531 -0.009826291705906853 0.0015917577678441102 -10.2037706217741 0.00983773490715842 0.9999246084129437 -0.00734822850166248 -0.1542022850338113 -0.0015194319259208091 0.00736352371671527 0.9999717345230754 0.1784071908820827
1566535292670275286 1566535331767953987 0.9999556894074838 -0.0015415723515352375 0.009286698891444834 -9.807893329568872 0.0015795996627574118 0.9999903929469368 -0.004088872551648391 0.008983959870138449 -0.009280306380761296 0.004103360637719958 0.9999485178472751 0.2521163748917827
1566535293862522321 1566535332369250562 0.999933496705162 -0.00392449205206661 0.010844377765807132 -9.78674252031335 0.003928203439913547 0.9999922330704749 -0.00032096176515816933 0.012729339631357138 -0.010843033926392881 0.0003635393421866674 0.9999411464953463 0.2578328438903892
1566534870878502162 1566535332969108036 0.9999952401332133 4.1540395648605734e-05 0.0030851232273564123 9.620471366584507 -4.760556005258534e-05 0.9999980664999099 0.0019658916943299026 -0.23404929267263502 -0.00308503559835128 -0.001966029205966668 0.9999933086198834 -0.1998938970752768
1566534869376809150 1566535333568694267 0.9999234055738914 -0.009615717634867165 0.007792365487519922 -10.193479510446528 0.00965426021125095 0.9999412741566062 -0.0049237686621171 -0.2418543636241061 -0.007744562305130319 0.00499862105295978 0.9999575168687299 0.21700813199033375
1566534869676768580 1566535334069399277 0.9999376920711495 -0.008479511822507712 0.007260155279553076 -10.189388633902585 0.00853813113913447 0.9999308920258662 -0.00808155238879714 -0.2706733668126298 -0.007191125925904419 0.00814303700187305 0.9999409875869278 0.23514044146490698
1566534870076869967 1566535334669317547 0.9999484821028867 -0.008259743422026695 0.005899981249538529 -10.024339141198439 0.008300645859007116 0.9999414513820366 -0.006942124049271834 -0.2901032440639265 -0.005842295650339287 0.006990740060566264 0.9999584977062603 0.21749552478458611
1566534870478741844 1566535335169397428 0.9999384111980606 -0.006910544708098252 0.008684364256645562 -9.338939871108312 0.006979257346161987 0.9999443832325732 -0.007906984794026743 -0.3120888915425955 -0.00862923968845269 0.007967108225340986 0.9999310283259248 0.20346862193703033
1566534870878502162 1566535335761602140 0.9999041320825778 -0.004303587997537621 0.013160766487828619 -9.608310533786877 0.0044812972083337005 0.9998987828559469 -0.013503407663595547 -0.35037602131463996 -0.013101321289484298 0.013561090426146035 0.9998222102988805 0.279521279503241
1566534872878255374 1566535336262116946 0.999968017489458 0.005308583140714239 0.005981884589601799 9.479938977989836 -0.005341129697434375 0.9999709494018116 0.005438077417214701 -0.3789924590788943 -0.0059528423261809545 -0.005469853515275288 0.9999673216514513 -0.21485777715189408
1566534871678555440 1566535336861507118 0.9999897176904056 0.0024271078563597244 -0.0038306214793419383 -9.84665093036302 -0.002463667943694594 0.9999511860569202 -0.009568481783053681 -0.3487839980681621 0.0038072107542941793 0.009577820776304815 0.9999468838370636 0.18401881538951645
1566534873672152391 1566535337361856305 0.9999505888236278 0.009783411390066143 0.0017620365647861018 9.623820103907153 -0.009768155638364822 0.9999164348987983 -0.008467960481311397 -0.37777407599799934 -0.001844734861045482 0.008450330222016978 0.9999625937366058 -0.14620388484915398
1566534874072142202 1566535337961784448 0.999911371339255 0.00811925738447872 -0.010551167043453925 9.048981880583634 -0.008153482409728524 0.9999616243776217 -0.0032047615625308283 -0.3493807157107807 0.010524741851870006 0.0032905062836963645 0.9999391993403199 -0.1499201977792237
1566534874572030750 1566535338561429366 0.9999766111422126 0.004419012135392144 0.005220105389591123 9.585296064358568 -0.00437949455016933 0.9999618506767184 -0.0075575934448778356 -0.35627080177647624 -0.005253303343250123 0.0075345552582946245 0.9999578157507664 -0.21440141541235777
1566534874972089686 1566535339061796790 0.9999617930381314 0.005004911586471694 0.007166821050439262 9.712457786587109 -0.004993313985880016 0.9999861963482694 -0.001635215084269475 -0.3501151898257855 -0.007174906229058555 0.001599366419883855 0.9999729810088166 -0.24609857622443515
1566534875372366536 1566535339562527987 0.9999761291150463 0.005537280107593851 0.004132762890315139 9.690884748411397 -0.005521828985621948 0.9999777577243937 -0.0037407834944970285 -0.35299591571363725 -0.004153384734294724 0.003717873788765987 0.9999844632841801 -0.19295629415434457
1566534875871715933 1566535340161792851 0.999972005553303 0.005941207862631846 0.00454864362694833 9.703478706014266 -0.0059222118597467765 0.999973734131345 -0.004178331498662852 -0.3376988810444524 -0.004573348488824392 0.004151276497350962 0.9999809255116114 -0.23245733285179163
1566534876372037454 1566535340761697726 0.9999787399654181 0.006214761966530039 -0.0019739176480620658 9.527829814511309 -0.006211808651628434 0.9999795833184513 0.0014987926953554387 -0.3126755246612245 0.0019831919870530526 -0.0014864992322472005 0.9999969286300776 -0.1802492014299741
1566534875271950258 1566535341261889921 0.9999713963190122 0.0009257507967056358 0.007506632352298618 -9.803721356648037 -0.0009249548570608292 0.9999995662337606 -0.00010950252545798883 -0.2244621624335516 -0.007506730468225077 0.00010255609722807914 0.9999718188428777 0.24767058403058348
1566534877271819037 1566535341763075096 0.9999760532805639 0.0060823009417892366 0.003301284703818185 9.633134661002531 -0.006068953651815941 0.999973430301117 -0.004038129939146384 -0.2892770488397865 -0.0033257581112093424 0.004017997895322448 0.9999863974204425 -0.21560177779590922
1566534876171894146 1566535342264229703 0.9999947583459602 -0.002471530618451803 0.002091606324429717 -9.91164525108926 0.0024807764667335148 0.9999871127125629 -0.004429464630929336 -0.19936499686848744 -0.002080631811839137 0.004434630220955364 0.9999880024410656 0.21137231347518753
1566534876772201906 1566535342864450387 0.9999914434319517 -0.0026289319965911123 0.003194022454873053 -9.466934313417934 0.002627843411632068 0.9999964877117464 0.00034496836784834545 -0.19497159793963123 -0.0031949181349255266 -0.000336572025238368 0.9999948395953764 0.2180706764086625
1566534878772428423 1566535343364892362 0.9999431792983414 0.010493681771767972 -0.001876384185592495 9.575031170742303 -0.010495281529310141 0.9999445661781408 -0.0008447700529671319 -0.22714715865961163 0.0018674154223402054 0.0008644152328248999 0.9999978827707434 -0.19158412424124577
1566534879372231090 1566535343964672295 0.999937952913448 0.009939423267660553 0.005029730447813684 9.692028679765981 -0.00993173858446042 0.9999494769362325 -0.0015505301158587903 -0.14972014992246416 -0.005044887705532046 0.0015004799420246222 0.999986148738071 -0.2165976239984027
1566534879872437356 1566535344464686545 0.9999706246214686 0.007663733563157373 -0.00013069826828486614 9.711808509342973 -0.007663936544337484 0.9999693022249391 -0.001630547274222612 -0.10615850744530066 0.00011819817626740266 0.0016315010395139915 0.9999986621158876 -0.1854505502971491
1566534880473339995 1566535345066035559 0.9999837481291859 0.004572116599473654 -0.00340576383885678 9.734680630121325 -0.004576743713790318 0.9999886126101073 -0.0013520603205417093 -0.06384896466705614 0.003399543278661337 0.001367625655272053 0.999993286330259 -0.19275953567416904
1566534880975438453 1566535345566489292 0.9999825487722346 0.004230506538242861 -0.004123707727459334 9.91800774639933 -0.0042409791945993616 0.9999877959035368 -0.0025341940463011335 -0.04855588030878971 0.004112936476850655 0.0025516383801804407 0.999988286378959 -0.17033169057306605
1566534880072485810 1566535346166103524 0.9999960457604024 -0.0010618537131790462 -0.0026040219387542794 -9.25618331073012 0.001062937016525057 0.9999993491095625 0.0004146629385722777 0.01068892830793053 0.002603579932440331 -0.00041742921020618067 0.9999965235561551 0.1889935177401188
1566534882072118014 1566535346765582642 0.999949977523981 0.008657203885000906 -0.005009518009913411 9.478203143041416 -0.008652724798414554 0.9999621457571329 0.0009150990968702723 -0.0038730854371536684 0.0050172505778595215 -0.000871707340634932 0.9999870335774228 -0.18040761928459384
1566534882571824975 1566535347268987191 0.9999832429582439 0.004282669104750551 -0.0038951955098062633 9.874093275356035 -0.004277120516139248 0.9999898282054734 0.0014316863063741207 0.015040676576021709 0.0039012873273902527 -0.001415002094917423 0.9999913888260631 -0.18015487710269054
1566534881578195807 1566535347769008690 0.9999826981223993 -0.005325878938667594 0.0024976928117224927 -9.922840112575331 0.0053264260196405535 0.9999857919279418 -0.00021243375959622995 0.05358003237147963 -0.002496525927836863 0.000225733860074887 0.9999968581963241 0.23270404129915312
1566534882171959597 1566535348361340816 0.9999669688092784 -0.008061110252359125 0.0010391303527948134 -9.661816888312131 0.008059832059114832 0.9999667644752923 0.0012284347790157601 0.03482152533283723 -0.0010489983649438427 -0.0012200189862212045 0.9999987055772188 0.2154599736301341
1566534882771209640 1566535348961264138 0.9999723339645159 -0.007235162945436129 0.0017273455692221455 -9.345395638611974 0.007240026544189086 0.9999697968541184 -0.0028261980063918864 0.016419211185902727 -0.001706845394859546 0.0028386258444698174 0.9999945144260147 0.1943515661258974
1566534884572106765 1566535349461526729 0.999997503987633 0.0019863433345557106 0.0010229656196914588 9.123498417091195 -0.001985221357226617 0.9999974281363686 -0.0010966388695153788 -0.05237049680174989 -0.0010251412900718145 0.001094605319095254 0.9999988754616391 -0.18136509081937838
1566534885072165834 1566535349962081007 0.9999941979371947 0.0032277240115715492 -0.001088985606785348 9.54121406359535 -0.0032276763825705326 0.9999947900042643 4.549165234592e-05 -0.057957389240285755 0.0010891267676736676 -4.19764952764544e-05 0.9999994060202545 -0.2069694282305004
1566534885571992894 1566535350462545472 0.9999909659089352 0.0035614996812227827 -0.0023203061314729764 9.869926366517564 -0.003567275510855574 0.9999905374557537 -0.0024898884293849855 -0.046713258248480945 0.002311416438626418 0.0024981431067465747 0.9999942083007693 -0.19996640451909004
1566534884772183033 1566535351061472348 0.9999843421539185 -0.005497729578166512 0.0010442300957632616 -9.362444053411966 0.005493857266271786 0.9999781533177466 0.0036756522642714122 -0.01989074148804295 -0.0010644150249725158 -0.0036698578603746573 0.9999926995553274 0.2319134891446357
1566534886578052975 1566535351567302009 0.9999578720296822 0.008315389407419282 -0.0038869608793460674 9.31935960671057 -0.008288958238856016 0.999942746682278 0.006767313264596213 -0.11850107158537813 0.003943011182977173 -0.006734809315019071 0.999969547039466 -0.17214630294304342
1566534887178195283 1566535352167302904 0.999935673081092 0.011274394469572607 -0.001240052109416369 9.877385660221693 -0.011274382788413277 0.999936441991921 1.6410126872240697e-05 -0.1380866480202729 0.0012401583084179937 -2.4282491003340932e-06 0.9999992310004495 -0.22255274471546485
1566534886278132400 1566535352667575319 0.9999414211806293 -0.00800289347056103 0.007287516956084978 -9.441845080562981 0.008004845397530005 0.9999679322182287 -0.00023871609873827695 -0.09406889867344163 -0.007285372842073571 0.0002970375615963546 0.9999734172023035 0.22846977364807164
1566534888177789998 1566535353266910603 0.9999342836021994 0.00952531704673163 -0.006379405311089928 9.353632411212965 -0.009590467568030614 0.9999013613228624 -0.010261118677681449 -0.14599191260964603 0.006281035646330055 0.010321625833663675 0.9999270036514524 -0.14996035505545557
1566534887278215026 1566535353768030070 0.9998112488238584 -0.0169103927499065 0.009565842478628678 -9.899273994486922 0.016883853529679135 0.999853400407732 0.002848364983867781 -0.13063496781050538 -0.009612607100593883 -0.0026863190683299428 0.9999501894967565 0.2809719931383822
1566534889271643295 1566535354361337160 0.9999988599767534 0.0015099766011559517 3.9846679435324885e-06 9.784104063706362 -0.001509976956511377 0.9999988558675198 9.073720410362104e-05 -0.2869783446450364 -3.847652329540913e-06 -9.074311741853964e-05 0.9999999958754495 -0.2331000283727973
1566534889871779532 1566535354961183362 0.9999729533311302 -0.00280359766827677 -0.00679944456076492 9.852771532424699 0.002757088748757372 0.9999728070161369 -0.00683986037155082 -0.42751632136599427 0.0068184358801679735 0.0068209287040156665 0.9999534908503357 -0.18949499655645097
1566534888878008370 1566535355461187118 0.9993013640648377 -0.037096002010639985 0.004546472589545722 -10.197737543238341 0.03706366911433266 0.999288383661484 0.00700076503072189 -0.5264671229696248 -0.0048029376390239945 -0.00682736508900151 0.9999651588310433 0.25192036582482724
1566534889371724689 1566535355961279017 0.9996958150964483 -0.023815710509684892 0.006410086706569467 -9.904366936254986 0.023854151458929794 0.9996975109857574 -0.005988821842472189 -0.6173284783238182 -0.006265519678465986 0.006139907312440792 0.9999615216603929 0.30343627864280426
1566534891371910424 1566535356463201172 0.9998088095362667 0.019536914076840297 0.0008083081307491774 9.90632138335913 -0.01953523557142876 0.9998070984499736 -0.002034812083679061 -0.5391844507862495 -0.0008479061556987618 0.002018632557264578 0.9999976030860124 -0.24339033989714481
1566534891872481506 1566535356967033070 0.999769265780392 0.021472140884222 0.0006019691028768841 9.858225902565605 -0.021471544514103373 0.9997689792576996 -0.0009802500774604849 -0.3193847496789207 -0.0006228781032924156 0.0009670986938351482 0.9999993383712863 -0.22903578195720384
1566534892472653755 1566535357561061616 0.9998534898056693 0.016975275645082295 -0.0021997591251581403 9.71877950378342 -0.016970261173371054 0.9998533985525949 0.0022785167416805854 -0.056351660764741136 0.0022381150870386204 -0.0022408524288775934 0.9999949846980549 -0.22509470897236752
1566534891471485669 1566535358160969912 0.9992331414033853 0.038276619961794864 0.008247998873690056 -9.9281548646166 -0.03831198497243355 0.9992571122553036 0.004173178005243035 0.2248032589607656 -0.008082136387868949 -0.0044859749767159505 0.9999572766373144 0.28624737499443875
1566534892072284543 1566535358760905789 0.9995392303727563 0.030184141872403078 0.0032007069965665153 -9.66249829632872 -0.030191772881090748 0.9995413307435133 0.0023632574520028593 0.36220789946096515 -0.003127906032455898 -0.0024588035534469557 0.9999920852131537 0.24731540766814336
1566534894271378838 1566535359263013137 0.999992640339553 -0.0007235140495285127 0.0037677306389023953 9.76817034237373 0.0007097897643677151 0.9999931136235422 0.003642650682338024 0.21654267586443326 -0.0037703402018370814 -0.003639949577023441 0.9999862675566318 -0.2974981211945014
1566534894871237677 1566535359764143722 0.999995600099421 -0.0025772991927659936 -0.0014687786325607724 10.022733086542747 0.0025803045948044594 0.9999945738821753 0.002047983008801582 0.23195267521900484 0.0014634923978396348 -0.002051763894134327 0.9999968242224221 -0.25110983017137894
1566534895472751330 1566535360264276793 0.9999939571946641 -0.0014947587864503813 -0.0031386733397990962 9.904504841409317 0.0014977987591149769 0.9999984113082799 0.0009664263018552911 0.21852031483345147 0.0031372237792086457 -0.0009711215629629663 0.9999946073604017 -0.2871560750631995
1566534893970413936 1566535360764503945 0.9999764920626022 0.0019168422352198826 0.006583391073531062 -9.47479139786899 -0.001924621036352802 0.9999974570750981 0.0011754476624913585 0.2819750442704127 -0.006581121184737223 -0.0011880905630919463 0.9999776383923655 0.2783290784513491
1566534896872834936 1566535361265463502 0.9999842694561983 0.004575919921186377 -0.0032437319607434172 9.984813298288405 -0.004571377104645821 0.9999885620350729 0.0014065242224071753 0.2185249704877204 0.0032501310012600345 -0.0013916737749975366 0.9999937499267628 -0.2594803337446102
1566534894871237677 1566535361765669493 0.9999777158491597 -0.004101403607948099 0.005267475062997063 -9.899690197126775 0.0041043635951471145 0.9999914251248656 -0.0005512496842362816 0.2658370656310178 -0.005265168997612202 0.0005728570329919026 0.9999859748167728 0.30687702196222383
1566534898872785089 1566535362265769909 0.999993529873504 -0.0012425269192096772 -0.003375846263233245 10.039632965842546 0.0012371375274403615 0.99999795781991 -0.0015980759551361126 0.22066797493201593 0.0033778250215405407 0.0015938892292833595 0.9999930248833044 -0.26261800030117
1566534934770443505 1566535362765827996 0.9998607138684613 -0.004005787029137852 -0.016202053349165198 10.16890680430797 0.003981098515608326 0.9999908651980296 -0.0015557554790576046 0.22825541886175205 0.016208137371734915 0.001491036813356986 0.9998675277716392 -0.15390311675978735
1566534936071958536 1566535363365666351 0.9998533585881961 -0.0052912975849496975 -0.016286911609407494 10.046048758753024 0.005297154996877801 0.9999859198829196 0.0003165199058885516 0.2142224424413423 0.016285007486771655 -0.00040274778617851965 0.9998673093592899 -0.15590059636045936
1566534936671869218 1566535363865801221 0.9998779585491612 -0.005891498070756962 -0.01446921760318644 9.782402766589449 0.005925243021607221 0.999979822513782 0.002290428005629309 0.20756168712744352 0.014455431598571319 -0.0023758821091039314 0.9998926920832625 -0.14675265072573218
1566534937171662681 1566535364366044394 0.9998335208953983 -0.006629466581549723 -0.01699943136569072 9.899355656360957 0.006690055290776308 0.9999714619192552 0.0035097731085036825 0.20753234568782625 0.016975678311013997 -0.003622915940367358 0.9998493390636277 -0.1468607576387836
1566534937571512026 1566535364965650672 0.9999185915056962 -0.00768668409426533 -0.010184559338043466 9.922292883443745 0.007724065566450445 0.9999635578762746 0.0036361697647117547 0.1950676234198124 0.010156238102777482 -0.003714539953698772 0.9999415248005973 -0.19916376833948732
1566534897872757867 1566535365466996341 0.9999928272738187 -0.001892951044816211 0.003280569656354048 -10.11639826880517 0.0018773400290485623 0.9999869317786322 0.004755193622419958 0.23346689097167952 -0.0032895281338794326 -0.004749000769984219 0.9999833128589497 0.3321656239517875
1566534937971825560 1566535366067262765 0.999950149988388 -0.008094276733764765 -0.005846385410277315 9.917767139692845 0.008107274906909347 0.9999647087836898 0.0022030162844564605 0.17158330315317313 0.005828347260770473 -0.002250304717802573 0.9999804830579994 -0.20117328220948552
1566534898272561792 1566535366667085691 0.9999919985314845 -0.0005439251270749275 0.003963208102300038 -9.936756453572768 0.0005386099767046376 0.9999989543770176 0.0013420671244062086 0.22868715275823653 -0.0039639339423095075 -0.0013399217624750416 0.9999912458803724 0.3180360264004366
1566535363365666351 1566535410961674082 0.9999624483413991 0.001955418220175876 0.008442644530049805 -10.04482300462189 -0.001960871610849583 0.9999978741554021 0.0006377046421373228 0.013018090682797575 -0.008441379603023061 -0.0006542356372497247 0.9999641569007028 0.32868411881393744
1566535363365666351 1566535411561426580 0.9999176279456498 0.0014937243382255841 0.012747788480772392 -10.109715360426215 -0.0015034194447372375 0.999998587876046 0.0007509832865236874 0.011845202008184855 -0.012746648717301804 -0.0007700866995669407 0.9999184616322305 0.3299097643394998
1566534898372755372 1566535412061582017 0.9998975411479639 -0.0009730923709995388 0.014281466923820095 -9.933629877172887 0.0009312676708319087 0.9999952593701844 0.002934957867946483 0.22905246376933824 -0.01428425520578237 -0.0029213572870948968 0.9998937072133378 0.3063654359501656
1566534898572946121 1566535412661090136 0.9998999530650955 -0.0013556568732553873 0.014079987743723012 -9.989687217567194 0.0013437715250376313 0.9999987328585563 0.0008535568957512841 0.22815864414428044 -0.014081127032659253 -0.0008345512133975342 0.9999005077435313 0.2873025065176605
1566534898972873606 1566535413161412483 0.9998952273551088 -0.002085293182523586 0.014324310273887737 -9.870067584769686 0.002079530493026879 0.9999977507525784 0.0004171842798974495 0.22209819742330034 -0.014325148006504296 -0.00038735273039084106 0.999897314774104 0.2769590191831922
1566534899772837380 1566535413661426635 0.9999159572493436 -0.0033735652859388067 0.012517887017721403 -9.838424811132217 0.0034099671358487596 0.9999900163655184 -0.002887783480004896 0.2152770650587574 -0.01250801991761136 0.0029302263660788736 0.9999174782006672 0.2543686294439465
1566534934570372761 1566535414261195649 0.9999881065344693 -0.0044886129249161275 0.0019076539565687364 -9.977732779346676 0.004492896676514546 0.9999873818194492 -0.002247238604258459 0.20036805477004976 -0.0018975429012021545 0.0022557827689247854 0.9999956553780842 0.1552715442622689
1566535365165745371 1566535414761433140 0.9998949323823062 -0.0017905936669819474 0.014384643565520295 -9.945257697195673 0.0018479400527204371 0.9999903948340136 -0.003974337338794809 0.0012463934188256093 -0.014377388975361808 0.004000501723627751 0.9998886371352634 0.31118326466394064
1566534936271774677 1566535415360665002 0.9999725859408926 -0.007130466725277111 -0.001995948638018234 -9.968766919899283 0.007124983089274532 0.9999708599537737 -0.0027411419706157973 0.14275844288638193 0.0020154360975940164 0.0027268457244949166 0.9999942511483457 0.15139990211716314
1566534936872065335 1566535415860952399 0.9999562003274264 -0.009357206126590993 -0.00020030035370004803 -10.046196298121501 0.009356900871408629 0.9999551365282013 -0.0014742241877653687 0.10046279718646821 0.00021408598713325047 0.0014722854266740833 0.9999988932707965 0.14659335297859186
1566534937571512026 1566535416461015696 0.9999121213969658 -0.011891678237684418 0.005859818436642283 -9.914788761289376 0.01190092524377325 0.999927986800438 -0.0015457009966570762 0.04663902559503692 -0.005841015473463058 0.001615302423769138 0.9999816364995538 0.20624544189748228
1566534941577429416 1566535416961413196 0.9680379582085735 0.2507626308944901 0.0045403099287192345 9.620431818591701 -0.25073372553557666 0.9680368596688809 -0.0061022292214516225 -1.1593221099420092 -0.005925398419212942 0.004768780692540895 0.9999710737737812 -0.25643319629886685
