1564718161004779011 1564718176600936586 0.9999948071081545 0.0031936331232263033 -0.0004318150222714942 -10.228540545511363 -0.003194948949407962 0.9999901478431877 -0.0030816420590924357 0.009583706906021188 0.0004219691338083681 0.0030830056834106503 0.9999951584972943 0.28899620408131066
1564718161106219162 1564718177200846905 0.9999938760492031 0.003078697442556621 0.0016641773249843302 -9.899379492744254 -0.0030725367995856475 0.9999884646981142 -0.0036918814096422244 0.013164997982661039 -0.0016755243140503695 0.0036867455546703157 0.9999918002291405 0.2726886793527494
1564718161206265451 1564718177801042800 0.9999890661236503 0.0021675865369336694 0.0041435735499626295 -9.871300356524427 -0.0021505659216737335 0.9999892506060765 -0.004107765636377735 0.01622014255481476 -0.004152432946548406 0.004098809694505948 0.9999829783849955 0.27559518535141636
1564718161306435094 1564718178301373438 0.9999784947191317 0.0009298092757186149 0.006491960718994094 -10.079686163103919 -0.0009046606946037706 0.999992080369135 -0.0038756661415840564 0.01919722558695138 -0.006495512935389523 0.0038697097726020017 0.9999714164204858 0.29245160977468093
1564718161606278805 1564718178803214050 0.9999730302124693 0.00044661286748775555 0.007330715152569334 -9.726925256062316 -0.00040059501961456644 0.9999802149914943 -0.006277670682806042 0.006686088576146151 -0.007333373802812344 0.006274564727381462 0.9999534246484518 0.27349828285925104
1564718161906316679 1564718179304154055 0.9999498286589888 -8.341168979916572e-05 0.01001664651223406 -9.745677766881343 0.00014306109937352746 0.9999822618180907 -0.005954459060328782 0.003979864016380691 -0.010015972163643892 0.0059555933095950765 0.9999321032999987 0.286902484939178
1564718162306155074 1564718179804507942 0.9999063215807775 0.0019370217603908372 0.013549760496185984 -9.831586963403057 -0.0018403392695935067 0.999972786419844 -0.007144198423156928 0.009862066591267276 -0.013563230226498727 0.007118593009607623 0.9998826753271602 0.31310421929728594
1564718162907803595 1564718180306262934 0.9998727294451989 0.0046987845445420175 0.015246190855874827 -9.772003386671114 -0.004628739844432292 0.9999785859106977 -0.004626282254642285 0.022281406618757625 -0.015267602276138806 0.0045551228140432685 0.9998730675325272 0.33549276477627243
1564718163901712148 1564718180807349518 0.9998102445511993 0.008325059836039265 0.01761159473767849 -9.698867797365915 -0.008275489237028102 0.999961593866535 -0.0028856662660898835 0.0484103670518525 -0.01763494168875196 0.0027393741324944192 0.9998407396485791 0.3424395924148956
1564718087907350137 1564718359004692851 0.7226462349430902 -0.6911014759692946 0.012695236730866715 2.906153268926944 0.6911559033877502 0.7222130395357729 -0.02668038112140608 9.479108905818652 0.009270185265400889 0.028054864775673267 0.9995633988034859 -0.1722391879192321
1564718088307090410 1564718359607438611 0.8236389727354453 -0.5669072558789073 0.015329899646036494 5.298968557466121 0.5670945356265179 0.8235357831129235 -0.013878097677471701 7.710351840917385 -0.004757126638886775 0.0201240444355644 0.9997861734299558 -0.19831723358900732
1564718088702269757 1564718360200110731 0.9010607691477379 -0.433610757926884 0.008438063342924431 7.193122258657203 0.43369144214913347 0.9008376571379386 -0.020081048002203325 6.297928853775724 0.0011060332315799876 0.021753760418294972 0.999762747154632 -0.18864291132174635
1564718089002381042 1564718360799762037 0.9517961120551475 -0.30669224186604765 0.004902025694297183 7.645846889280265 0.3067235043312425 0.9515352324528034 -0.02239181305255311 5.22014994158215 0.0022029451860208424 0.02281600710456219 0.9997372539084168 -0.12647467377705296
1564718089302486547 1564718361300042251 0.9757030767923847 -0.2188421965116933 -0.010564041074519477 8.424546175228356 0.21870972337876554 0.9757111439384422 -0.01240243903206865 4.557594638414711 0.013021629601311863 0.009790639422149349 0.9998672814640205 -0.1793692040935553
1564718089602752778 1564718361899904696 0.98938807877416 -0.14521601481554722 -0.004851661640271368 8.404946143390378 0.1451866888203826 0.9893864901480169 -0.0059328325416781146 4.000085624932657 0.005661710779924403 0.005165477101272149 0.9999706310074171 -0.2421487488975396
1564718089902764656 1564718362400284923 0.9947948155730281 -0.10188865780039238 0.0014058167266440004 8.767078942094704 0.10189656015433474 0.9947645123607122 -0.0077881946874541275 3.713472762886742 -0.0006049278871554344 0.00789090358640539 0.9999686833610664 -0.23037717846383243
1564718090202754735 1564718362900451504 0.9978285585587865 -0.06552310994050944 0.006699984197036321 9.007232039098803 0.06554449642348997 0.9978450663991942 -0.003023648690188121 3.535126660949552 -0.006487427310415912 0.003456230104359706 0.999972983515252 -0.2520917764891796
1564718090502643945 1564718363401859786 0.9993734443656129 -0.035279300846204315 0.002844227245168777 9.161969856900617 0.03528679398450228 0.9993737696499385 -0.002628822165966615 3.4261391306573787 -0.0027497030956809155 0.0027275387234722355 0.9999924998045814 -0.24890220175355726
1564718089302486547 1564718364001803458 0.9999748265529493 -0.0034691827211805275 -0.006189590588354064 -9.464195890993807 0.0035144516221642325 0.9999670480107895 0.007317890569464306 3.44166997250786 0.006163999529513357 -0.00733945936961676 0.9999540676680988 0.2307824761009684
1564718091210201305 1564718364501927186 0.9999551410102459 -0.00857795475888566 0.0040167971508493095 9.10536557039068 0.008553973330235708 0.9999457127361104 0.005949884112963815 3.3333988140222384 -0.004067616926663348 -0.005915257631471783 0.9999742317778537 -0.2679594316325037
1564718090002765485 1564718365003459189 0.9999609464525986 -0.004954386494930936 0.007318444102179214 -9.015931104100517 0.004879702693601556 0.9999361973836869 0.01018772121086938 3.390383915531938 -0.007368451074678953 -0.010151611512817158 0.9999213222611402 0.24999217998881978
1564718091901479858 1564718365503527087 0.9998726121410795 -0.014823020492921982 0.005919252793848469 8.953813648744283 0.01479284826446195 0.999877527566464 0.005108963475850728 3.2234418715623527 -0.005994258118853665 -0.0050207500475138965 0.9999694300020184 -0.20099385138452042
1564718090710265833 1564718366006499884 0.9999658220223396 -0.0067552926536481326 -0.0047666349088120825 -9.551326230344385 0.006776460790469794 0.9999671877333467 0.004438810181330079 3.232199680387961 0.004736493042907774 -0.004470959386336789 0.9999787878529358 0.21670195589057742
1564718092702494024 1564718366508204450 0.9999911680185912 -0.004028885761290832 0.0011966471218278639 9.123534332128154 0.004019885328925126 0.9999643105966747 0.007430885200519811 3.1615404874088204 -0.0012265426017840082 -0.007426009186870789 0.9999716745892362 -0.23493977275511768
1564718093202537175 1564718367099304220 0.9999536629752073 -0.009493929961064943 -0.0015928579270942252 9.225832350066304 0.009503023807186891 0.9999380118207566 0.005802159468634616 3.1053687736411426 0.001537673893113834 -0.005817027580627923 0.9999818987107528 -0.22310767665220882
1564718093602855519 1564718367599649541 0.999857767967243 -0.016710423953824813 0.002281571135042671 9.000400859774798 0.016700587989468354 0.9998514428299641 0.004264109714827489 2.9999022660328345 -0.0023524872724118256 -0.004225399642340297 0.9999883058323734 -0.2095532706557542
1564718092502522223 1564718368099665844 0.9996546397671425 -0.025534247484221513 0.006213163239041884 -9.278247296010342 0.0254954093211271 0.9996553897236926 0.006251871713596465 2.9419148666096846 -0.006370658958715284 -0.006091305425767267 0.9999611545968387 0.30132919903732797
1564718094405806626 1564718368601982325 0.9998593302971691 -0.015436348596695652 -0.006560393259133981 8.650612355348898 0.01548266512905932 0.9998551485874713 0.007068870039918861 2.779072337988217 0.006450325434783363 -0.0071694480360164035 0.9999534950769791 -0.18374001903544393
1564718094902433512 1564718369202179101 0.9998639997917605 -0.014450634864021499 -0.007947394066596959 8.875137609101014 0.014499511959237965 0.9998761028974273 0.006127234909530313 2.6775237165878756 0.007857866973096839 -0.0062416349396197815 0.9999496466922455 -0.16333352902065945
1564718095404292791 1564718369801777977 0.9996823752133848 -0.02402914565628219 -0.007599266198914763 9.407541976945563 0.024077236444515718 0.999690241143526 0.006301463927164004 2.5337342338100948 0.007445493464353859 -0.006482431755104992 0.9999512701655261 -0.17434544835510274
1564718094305588602 1564718370303634764 0.9993168430079817 -0.0368728545391427 0.0024979749185496114 -9.67928901351865 0.03685096175913172 0.9992862486410989 0.008306617496151907 2.3972588781527113 -0.0028024806842042883 -0.00820888999413002 0.9999623794058874 0.24875887536365196
1564718094710353710 1564718370803790368 0.9987450603669126 -0.050011403484979074 0.0026765489277100003 -9.718085416905337 0.04998368922246502 0.9987041208334136 0.00957652557431997 2.1728164065803997 -0.0031520159281975355 -0.009430723823037442 0.999950561899824 0.2498990485428496
1564718095102753315 1564718371306522856 0.9978988471033237 -0.06478307347237815 -0.0010219301998920932 -9.882343941579112 0.06478883199274951 0.9978722087821976 0.007311784266469821 1.858474046309871 0.0005460758884390882 -0.007362630753807275 0.9999727463633767 0.22286559758178054
1564718095604493409 1564718371900391213 0.9972366285266101 -0.0742515521451088 0.002411167544336541 -9.856814593807467 0.07424834408885911 0.9972388080734887 0.0013939412632197053 1.3853197388373901 -0.0025080121503722277 -0.0012110640882093586 0.999996121591897 0.2637241400498396
1564718096108908906 1564718372501481826 0.9974330637043185 -0.0715048306720901 0.003787165164058531 -9.908620909483218 0.07150587050640059 0.9974401691154464 -0.00013970711081718866 0.9261988565194249 -0.0037674809284032997 0.0004101530333718216 0.9999928189051974 0.24056667031901463
1564718096608660351 1564718373100181318 0.9983291917532118 -0.057263077445003925 0.007730773241515463 -10.139920502416459 0.05723108565650071 0.998351706179675 0.0042980929161479655 0.5186504137263872 -0.007964152683278169 -0.003848471081481777 0.9999608800060064 0.28130374163378336
1564718098410498623 1564718373601842647 0.9993452159393306 -0.03618199183485321 -5.334825917240471e-05 9.04540764335552 0.03618200842204674 0.9993451546749064 0.00035227028130400923 0.22086750642881786 4.0567483873163345e-05 -0.0003539698675011419 0.999999936529811 -0.19761733921526983
1564718097510238464 1564718374104896900 0.9998667651353926 -0.015974330618636793 0.0033574899827582623 -9.831296245626218 0.01599029659507854 0.9998607044102072 -0.004783533331619381 0.13001709143089826 -0.0032806085562459945 0.004836583258843306 0.9999829223891318 0.24189990177441167
1564718099402403367 1564718374699552731 0.99996054570201 -0.007417696931797579 -0.004887208977011859 9.754605553503831 0.007366131339032228 0.999917888865519 -0.01048597328995418 -0.014949861434812693 0.00496458945463852 0.010449559750033598 0.9999330775369903 -0.16553665616721963
1564718098510616956 1564718375199983119 0.999906353438857 -0.013459688303196425 0.002474094457177329 -9.811371081857713 0.01343899332540299 0.9998760758819539 0.008199166866565882 -0.011825179807205878 -0.002584146087572984 -0.008165149703887924 0.9999633255871525 0.23864692728361403
1564718099702477669 1564718376406462255 0.999980644105581 -0.004810996628381717 0.0039453422707928995 -8.70127561612174 0.0048114806915720825 0.9999884183514676 -0.00011320993717640349 -0.12565331006298894 -0.003944751924598993 0.00013219068405467339 0.9999922106986078 0.26530031777367596
1564718100202502658 1564718376999843216 0.9999850801220951 -0.004038908346115004 0.003677873377457103 -9.903914108781512 0.00404481818020257 0.9999905383277778 -0.0016008437815133501 -0.11826274317376272 -0.003671372917314415 0.0016156962262212618 0.9999919552409481 0.2653221141293341
1564718100702293862 1564718377499900987 0.9999571031620034 -0.0033176085095526922 0.008647850001006077 -9.924097263082365 0.0033720531597418043 0.9999745398983952 -0.006288784659249552 -0.1142992067513967 -0.008626766100365961 0.006317675900193785 0.9999428313048117 0.2876439852812363
1564718101202853135 1564718378000221305 0.9999860052075377 -0.005066551087796035 0.0015229737852742373 -10.035934916780374 0.005065073679768128 0.9999866996666058 0.0009723777718189195 -0.05019366658141422 -0.001527880130871996 -0.0009646501891587354 0.9999983675148351 0.22907703458046272
1564718103107513414 1564718378599751400 0.9999457443024766 -0.010318318874675186 -0.0014285471564035302 8.872520458701244 0.010324883529070078 0.9999358065058599 0.004666867000326305 -0.1368769666974966 0.0013803012311152851 -0.00468136337920726 0.9999880897317933 -0.17098281844050697
1564718102403941075 1564718379102976347 0.9999249924719806 -0.010843160531028758 0.005695199699034738 -9.076483300758648 0.010873888595728028 0.9999263372080077 -0.005392467393609468 -0.17751460656514362 -0.005636308785116398 0.005453991885018491 0.9999692425248946 0.227864476981867
1564718103307220287 1564718380006415733 0.9999604847868538 0.006732985548786205 0.005804805805651458 -9.825991508352644 -0.006711399926199766 0.9999705214009166 -0.0037300724139142493 -0.1443019589817518 -0.005829749211766952 0.0036909666460518808 0.9999761951113392 0.27074102088267343
1564718105102973596 1564718380507874468 0.9999057065968688 0.01342070003821435 -0.0029090764005025487 9.288557769855704 -0.013416012360620832 0.9999086808780643 0.0016249667806461099 -0.14497871294975476 0.002930618937935722 -0.001585785352050816 0.999994448363328 -0.19402319474732682
1564718104502699660 1564718381100018503 0.9999998516851188 -0.000517065159646217 -0.0001710946126684859 -9.399746283106463 0.0005166242907951878 0.9999965722012533 -0.002566843409481323 -0.01616726109851816 0.0001724212514879635 0.0025667546371478844 0.9999966910153056 0.2632811393242304
1564718106408254523 1564718381700330920 0.9999067098421055 0.012813056720298805 -0.004732566980273478 9.815481182138313 -0.012806664380483482 0.9999170410217258 0.0013785578721527381 -0.009413302174938565 0.004749837911560604 -0.0013178208692965015 0.9999878511201898 -0.2447896466987308
1564718105605829961 1564718382201806321 0.9999923588831995 0.0015129329825912144 0.0036046094105908993 -9.956353300168194 -0.0015210024196016189 0.9999963412845494 0.002236955332110322 0.09123578000155584 -0.003601211858847791 -0.0022424208589085642 0.9999910013704371 0.2972165387510331
1564718106107341577 1564718382702347113 0.9999944076216091 0.0016215227843180107 0.0029249597218844684 -10.079245633951881 -0.0015946745835438655 0.9999567922291249 -0.009158094115152289 0.13273767505544848 -0.0029396833991634118 0.009153378540698474 0.9999537858935378 0.29335358757814933
1564718108010349423 1564718383302153468 0.999998874528909 -0.0004958541088130333 0.0014160048068972341 8.87820818504306 0.00048304711749725266 0.9999591073607554 0.00903051890908079 0.12942949336547005 -0.0014204247226290451 -0.009029824748452165 0.9999582214565919 -0.20328345415254162
1564718107308949589 1564718383802195742 0.999967438891394 -0.0076688384698751074 -0.0025119859697021914 -8.856370072669456 0.007642868338491638 0.9999188731344917 -0.010189882875964078 0.09196936647775908 0.0025899267459574635 0.010170352304046504 0.9999449265901988 0.19546361812545263
1564718109704540342 1564718386206504982 0.9999833004124445 -0.00018310554649689676 0.005776276360686387 -9.48343559605735 0.00017601178428381807 0.9999992298173697 0.001228570114519598 0.21470515284181804 -0.005776496869900392 -0.0012275329051963319 0.999982562471414 0.2535029920221022
1564718110208958951 1564718386707908126 0.9999947647792452 -0.0031508981665414057 0.0007363795507654509 -9.598280294852618 0.0031463502183074516 0.9999764588035026 0.006097730653906747 0.22988933385136587 -0.0007555755438466053 -0.0060953818229799355 0.9999811375351275 0.2431388271063567
1564718110804455840 1564718387303726538 0.9999815048227992 -0.0060562493471542815 -0.0005584408535515017 -9.745087097113545 0.00605557631521183 0.9999809458787238 -0.0011991142575939625 0.17788064359729336 0.0005656923478916962 0.0011957103985565244 0.9999991251340294 0.23466326055149944
1564718111307494655 1564718387804026648 0.9999820257975325 -0.0058225594226962085 0.0014303438857609179 -9.893138721695877 0.0058135060358277995 0.9999635436027323 0.006254167653531912 0.1748290087274353 -0.0014667070033781515 -0.006245739927043185 0.9999794195398891 0.22244415781243204
1564718113505807110 1564718388704998090 0.9999902473150417 -0.004402730076059737 -0.00034819919905178525 9.051043965410233 0.004406982232595653 0.9999013655772229 0.013335577393452284 0.15281333688102416 0.00028945190695330855 -0.013336981843450835 0.9999110166074334 -0.2087165244540095
1564718112804563210 1564718389206628171 0.9999953194014422 0.0022992465391700606 -0.002018573893629185 -8.983443936039299 -0.002314005653687773 0.9999703842866273 -0.007340022309489908 0.21031334683472916 0.0020016375912310512 0.0073446589451943035 0.9999710242961729 0.2267363623591281
1564718113405179447 1564718389800396254 0.9999615478514916 -0.007246902062515993 0.004938140231295031 -9.23235182403002 0.0072356820441449796 0.9999712086729158 0.0022862044076269825 0.16968726865142353 -0.004954565955120466 -0.002250385685552165 0.9999851939106297 0.29534555952941577
1564718114007502635 1564718390400105505 0.9999255112720922 -0.01130393642260752 0.004603577804120917 -9.506131787881538 0.011346891601897247 0.9998913052738307 -0.009414121773912043 0.0710146270863957 -0.0044966607854845875 0.009465656826281046 0.9999450891837207 0.2942868008728835
1564718115807260382 1564718390903817037 0.9999604994382509 -0.004881751218557785 -0.0074275210035231465 9.855179749298248 0.004805144602723787 0.9999354390108502 -0.010297009057711535 0.021217138416249393 0.007477308911935622 0.010260912007608432 0.9999193985198102 -0.22295867473867315
1564718116407171678 1564718391503545140 0.999983936498784 -0.004271982749083085 -0.003725172182188153 9.594655303568482 0.004266843142211948 0.9999899357079935 -0.001386554118326331 0.01742984432157704 0.0037310580262419337 0.0013706371200339841 0.999992100248743 -0.19418519031818518
1564718117010122460 1564718392103220751 0.9999720658909588 -0.004349898429185916 0.0060783074472347005 9.281418027616802 0.0043622677415676185 0.9999884385355496 -0.0020232190654024948 -0.021301375840430046 -0.00606943637566478 0.0020496777530813444 0.9999794801710671 -0.2526747812360722
1564718116307328621 1564718392608484116 0.9999666533492181 -0.007288830180756545 0.0036830889438904473 -9.267285203730497 0.0072865614278888845 0.9999732548107254 0.0006290356214271759 -0.017353586362692616 -0.003687575372801538 -0.0006021775913624351 0.999993019560652 0.25484355408750414
1564718118202525871 1564718393200238201 0.9999604780492606 0.00877270873257701 0.0014428863410884114 9.794244194795885 -0.008780303774474373 0.9999471699575986 0.0053444886959776285 -0.08052853583179337 -0.0013959244706874645 -0.005356946451744992 0.9999846771424037 -0.2540947028761677
1564718118704276333 1564718393700599910 0.9999357444113993 0.010813797984203063 -0.0034012970431639123 9.230056136317918 -0.010781522397893626 0.9998979892794273 0.009368554303742446 0.04520812205341686 0.003502259728046411 -0.00933128116151842 0.9999503294507632 -0.2045116269335918
1564718118002961487 1564718394202267254 0.9999196161473528 0.012083734092780657 0.003839871628893389 -9.189355276025754 -0.012022782917192205 0.9998072959351364 -0.015518494959713339 0.15506340260725432 -0.00402665303663535 0.01547108158027773 0.9998722076846045 0.26398998162377574
1564718118503143501 1564718394705431562 0.9999377465514742 0.01110129960612197 0.0011243525292292179 -9.805671163459557 -0.011105924299768524 0.9999295316715999 0.004194059663554193 0.28261702191226984 -0.0010777137850947315 -0.004206285542951986 0.9999905728030312 0.26086562228430404
1564718119109007603 1564718395206665323 0.9999878401033453 0.004835920214896078 0.0009661889704981279 -8.964619058924555 -0.00483455171592184 0.9999873141456829 -0.0014137388072814477 0.32729351101204385 -0.0009730134416422894 0.001409050525818369 0.9999985339096572 0.23051344720694547
1564718121002340571 1564718395805743902 0.9999969194247362 0.002259670275628414 0.001027147157033875 9.779444538982606 -0.0022668498571315845 0.9999726266438342 0.007043248877710198 0.32941739230419326 -0.001011203620436005 -0.007045555568837857 0.999974668486141 -0.23068140873482407
1564718121502439936 1564718396306458887 0.9999747280059721 -0.0001494244176051166 -0.00710781413138319 9.311452386945843 0.00019893796440874288 0.9999757182070603 0.00696587539067419 0.32750078756216405 0.007106600669039174 -0.006967113363187059 0.9999504765528755 -0.23518986699890732
1564718120902293038 1564718396906905938 0.9999818579798846 -0.005747933168327197 0.001801381523834193 -8.965085099988926 0.00575164725602512 0.9999813301973992 -0.0020634462649102383 0.33394994629014724 -0.0017894873411693855 0.002073769740925594 0.9999962486000273 0.2767414306825413
1564718122705698944 1564718397408348915 0.9999660978325122 -0.004614189276524767 -0.006820003148720232 10.075752669880568 0.004642980767572298 0.9999803513833656 0.004211837699301282 0.2646395752192697 0.006800434928746391 -0.004243360052328019 0.9999678734740759 -0.25206120357945433
1564718122002454630 1564718398008292329 0.9999402505113391 -0.008036275371451492 0.007410376878414741 -9.62330796204626 0.008046125187191033 0.9999667839431751 -0.0013003383515547465 0.2591961471589038 -0.007399680857845898 0.001359885477051066 0.9999716973168267 0.3142087265783535
1564718123805662499 1564718398508501328 0.9999952497633869 -7.058635043550354e-05 -0.003081471764459621 9.48313316351707 6.105391219514646e-05 0.9999952133967 -0.003093453752261297 0.16491934609021897 0.0030816753702873766 0.0030932509217182695 0.9999904674923994 -0.23003618628965553
1564718124405839702 1564718399100333419 0.9999789121168418 0.004822849524849823 -0.004349188898945283 9.135034706097496 -0.004812755839664756 0.999985708081058 0.002328307295031888 0.20587265346633815 0.004360355816422075 -0.002307326611688189 0.9999878316965025 -0.20147109390824244
1564718123705679127 1564718399600617363 0.9999917477212521 -0.0003382876874725561 0.004048462774392942 -9.170193081007085 0.00034027907634198446 0.9999998214619411 -0.0004912089602972981 0.2517343141447564 -0.004048295881644441 0.0004925825138776361 0.9999916842968903 0.26573444624001497
1564718124205661398 1564718400100786355 0.9999952870846699 -0.00200123142074238 -0.0023282786044988464 -9.484972191383212 0.002003327236439197 0.9999975899796443 0.0008981730932670155 0.2679956733295647 0.002326475541084823 -0.0009028331641960021 0.9999968861970753 0.25951614425319997
1564718124805856895 1564718400700746200 0.9999788359550973 -0.005560697644741799 0.0033773189957354414 -9.93147930936401 0.005547160607413776 0.9999765964297884 0.004004447765030115 0.2684275625320137 -0.003399507477668498 -0.0039856284838263 0.999986278963119 0.27466446653852533
1564718126607263948 1564718401201041011 0.999994636386302 0.0006285185584792933 0.003214368219971946 9.20053152936179 -0.0006499987762681501 0.9999774379341734 0.0066858899335326604 0.16323224614521883 -0.003210093491281134 -0.0066879434084111036 0.9999724829777832 -0.2436942759193075
1564718125907177629 1564718401702586399 0.9999690189849803 -0.007433830737326641 -0.002588287231024891 -9.20867060531161 0.007424789460874099 0.9999663616436429 -0.003485409968379504 0.22546377340818627 0.0026141101130524257 0.003466084499086486 0.9999905762988882 0.22602234250803419
1564718127709885544 1564718402205596984 0.9999970988996727 -0.0018583877583656244 0.0015325100905560676 9.894860662565456 0.001856334743675859 0.9999973792367918 0.0013399779360143116 0.16797564777121582 -0.001534996272802481 -0.0013371291968775996 0.9999979279338311 -0.2513620075610822
1564718128202217703 1564718402708473838 0.9999924337790693 -0.0006734375606376735 -0.003831300885668745 9.482317102076614 0.0006633667283663878 0.9999963235373536 -0.0026292311368194903 0.1596816670542974 0.003833057423037382 0.0026266696859421554 0.9999892040803082 -0.2066401522710927
1564718127609775990 1564718403300145710 0.9999718408340057 -0.005997564111630013 0.004510738717858095 -9.027266828619291 0.0059746057240323116 0.9999692174317427 0.005086086452241856 0.1982266371744655 -0.004541103995309731 -0.0050589933469256075 0.9999768922134333 0.23274626659896466
1564718128202217703 1564718403900496517 0.9999629943902104 -0.008119710306698587 -0.002842561292925915 -9.60401929103096 0.008136795864416619 0.9999485842627605 0.006051560457384455 0.1794616983975906 0.0027932782227242615 -0.006074465856671742 0.9999776489808897 0.25412524156715033
1564718130002204696 1564718404402493557 0.9999984519116544 0.00017349499950530703 0.0017510207857376783 9.519612692605731 -0.00019021472149996973 0.9999543518046426 0.009552911876898338 0.09029892466003314 -0.0017492834723570891 -0.009553230158077457 0.999952836788266 -0.26462976581635295
1564718129401792310 1564718405002993932 0.9999859102670327 -0.005247672184661235 0.0008007521820504404 -9.150402491547748 0.005254166999179751 0.9999514459243308 -0.008336637391157121 0.10616882312541134 -0.0007569653621170724 0.008340727215852299 0.9999649290214959 0.2652305742139993
1564718130102177553 1564718405704023514 0.9999935915985589 -0.00345373392396117 0.0009425941908136121 -9.80587015816639 0.0034572763209009265 0.9999868689582011 -0.0037827439288394115 0.12412671840038726 -0.0009295172225364617 0.0037859784960741737 0.9999924011534186 0.28435704950720353
1564718132008202754 1564718406304641048 0.9999906796036333 0.004211846424136086 0.0009492394711139563 9.192281100818967 -0.0042171546143712985 0.9999750829175871 0.005661196952322673 0.0947664604989846 -0.0009253717266950218 -0.005665147277337909 0.9999835247610395 -0.2523391226101407
1564718131308079029 1564718406805047691 0.9999969089304498 0.0006239892351486523 -0.0024068167736317316 -9.169700266037655 -0.0006372756955554707 0.999984542102263 -0.005523534757762829 0.15691667793020947 0.0024033329430755714 0.005525051489966431 0.9999818487336705 0.2512439967485182
1564718131908361817 1564718407400470853 0.9999909453453215 0.0014175612659629354 0.004012449056143804 -9.572457584735883 -0.0014117405978568145 0.9999979477235089 -0.0014531129550232004 0.1979641191519807 -0.004014500698128821 0.0014474352603577106 0.9999908943162 0.30120509359927045
1564718132409675150 1564718407900884563 0.9999965046978316 0.0025484494478747893 0.0007042709295363068 -9.964307579902194 -0.002547876551528197 0.9999964235385959 -0.0008131636471489991 0.2517396140941727 -0.0007063407171855022 0.0008113664095092325 0.9999994213835122 0.2699219333532563
1564718133002149162 1564718408401019467 0.9999869899359374 -0.0022474579410927606 0.004579180240395666 -8.844797015854747 0.002230266490018036 0.9999904594505744 0.0037559178932118275 0.23186640702603925 -0.004587577819995371 -0.003745656236236963 0.9999824619407703 0.2585374252556748
1564718133501005489 1564718408902410706 0.9999999082730753 -0.00036042307709989685 0.00023140666469123302 -9.11635023508209 0.00036158121753416633 0.9999873122386804 -0.005024402519748565 0.23980014952017492 -0.00022959281804171982 0.005024485731179524 0.999987350835143 0.22040564419702727
1564718135305048307 1564718409403915396 0.9999892101157415 -0.0037066355081526647 -0.002800090231996869 9.825221631962004 0.003702471342471929 0.9999920344644306 -0.0014908768058357834 0.22002430489785993 0.0028055940646854725 0.0014804934656077343 0.9999949683778682 -0.2378736407818155
1564718134601945831 1564718410005342614 0.9999886500601128 -0.00389372936963007 0.002745655213691921 -9.708575063775566 0.0038843168967415955 0.9999865900451661 0.0034251732945687645 0.2611410633486783 -0.0027589550924324168 -0.003414469424118193 0.9999903647362626 0.26494821326175
1564718135105209157 1564718410506952988 0.9999866985376525 -0.005063503940575746 0.0009816698061249824 -9.874196600969203 0.005060381010781237 0.9999822094880224 0.0031580455160908345 0.2144090735882301 -0.0009976431176313644 -0.0031530358862214554 0.9999945315215051 0.2831115856120709
1564718136902264301 1564718411008528331 0.9999968169355075 -0.0008511250923012649 -0.0023752273449415312 9.115234818495697 0.0008627137988695187 0.9999877096714185 0.004882236272886846 0.20319670339009516 0.0023710427588186146 -0.004884269873819479 0.9999852609234071 -0.21785256899356692
1564718136201047680 1564718411509846096 0.9999938226352316 -0.0017177494771229553 0.0030665987871297865 -8.81258685912979 0.0017300363394213622 0.9999904692940144 -0.0040085278355442445 0.22065161192341615 -0.0030596839136847295 0.004013808400746504 0.999987263757143 0.22411763578403823
1564718136805624511 1564718412100448089 0.999993194382822 0.0002444418825904682 0.003681227540600695 -8.96738295419202 -0.0002400730495709576 0.9999992664814908 -0.001187182132317341 0.23531022185111583 -0.003681515037387424 0.00118629028928867 0.9999925195532137 0.2542004777629203
1564718137303641274 1564718412600660447 0.9999991570499427 0.0010933611877545666 0.0007003290125573628 -9.103907618558528 -0.0010940767215393728 0.9999988791083049 0.0010221439588338546 0.23512096195523643 -0.0006992106550312399 -0.0010229093108872916 0.9999992323802133 0.22672446999300483
1564718139106508589 1564718413102339538 0.9998704803741595 -0.016092490893465778 -0.00023283728406619508 9.904275557447438 0.016092169882368473 0.9998696407029186 -0.001320480629990688 0.24559038322739277 0.0002540567540744883 0.0013165627447033746 0.9999991010584501 -0.2634731563014777
1564718139608067886 1564718413602495905 0.9998217031895379 -0.01859584461722448 -0.003279694216231981 9.79816741095473 0.018579971315696737 0.999815828010306 -0.004805697241938882 0.25084746235060074 0.0033684561876110913 0.004743903776986723 0.999983074296697 -0.24207848847479455
1564718140101373101 1564718414103787473 0.999736133285476 -0.022969572187901 0.0002501138190182966 9.684517049174161 0.022969776673119044 0.9997358002823773 -0.0008479347586726106 0.24843175550818739 -0.00023057104036799088 0.0008534560754795599 0.9999996092247943 -0.2406687254939918
1564718140604866863 1564718414606959569 0.9996656631739556 -0.02563330234932585 -0.00339052822536635 9.583937478845062 0.02562796832854471 0.9996702573557124 -0.0016074195846364641 0.2246940786520821 0.0034306136958390195 0.0015199898150980145 0.9999929602355436 -0.2196271778908089
1564718139809486937 1564718415108429802 0.9999433160921742 0.010236712482740778 0.0029281940068564528 -9.541856345920639 -0.010241645763671037 0.9999461505061925 0.0016747477126696165 0.250683689312086 -0.0029108924142757574 -0.0017046423071700823 0.9999943104337977 0.2612303740982029
1564718141809416407 1564718415799828852 0.9999859933557111 0.0015524078191444621 -0.005059952802039808 9.463707815924147 -0.0014827650386139406 0.9999045252040111 0.013738336303666882 0.05821230426528824 0.0050807972047784014 -0.013730641154564911 0.9998928217530454 -0.23172181871060593
1564718141006533264 1564718416300371626 0.9999736427657545 0.002170603649642841 0.006928365866852363 -9.617428263398415 -0.002066150876321055 0.9998846403504063 -0.015047824158248443 0.09714205616064799 -0.0069602294750305774 0.01503311249001537 0.9998627709513602 0.2946410700118638
1564718141607894878 1564718416900841012 0.9999361931724959 0.00901223708035134 0.006810959294502519 -9.61652096456441 -0.008934443391421975 0.9998954753954871 -0.011367233829282161 0.20524774541131757 -0.006912691587892743 0.011305656391896637 0.9999121945593918 0.2902324265288029
1564718142209465411 1564718417500989796 0.9999771778764645 0.006682919957086428 -0.0009911140563270725 -9.638039422388093 -0.006679078570778029 0.999970360935955 0.0038297727173321793 0.2156372197933281 0.0010166787451578113 -0.003823065585131131 0.9999921752363199 0.2521779757267542
1564718142701160224 1564718418003693589 0.9999900761661041 0.0015335035143000998 0.004182814397507605 -9.594822375713541 -0.0015254475311158172 0.9999969769773777 -0.0019284828084618192 0.196779312231999 -0.004185759087929049 0.0019220830066232909 0.9999893924526372 0.2897401523569445
1564718143307900462 1564718418603873621 0.9999917679169817 0.002194534164467322 0.003412933940594235 -9.505632409412241 -0.0022341018939018215 0.9999298363589006 0.011633191651849515 0.2587681014556749 -0.0033871650401997226 -0.011640720728630366 0.9999265076664018 0.254077168294469
1564718143901725433 1564718419205166206 0.9999991983756615 0.001106235833856362 0.0006160278573243872 -9.410970769792964 -0.0011058857590381757 0.9999992270093837 -0.0005683285402200623 0.29971421517110086 -0.0006166560865368447 0.0005676468281998323 0.9999996487561189 0.2445484589934672
1564718145704159021 1564718419708042710 0.999999471660476 -6.694337739125388e-05 0.0010257667148513806 9.470770789196349 6.686536896756222e-05 0.9999999948702001 7.608299837695925e-05 0.36387598225979145 -0.0010257718028419856 -7.601436990909261e-05 0.9999994710068763 -0.25276158287989253
1564718146307801929 1564718420300327957 0.9999771303353389 -0.0065144211314545905 0.0018168994553799643 9.568956601155332 0.006517737126463446 0.9999770936585056 -0.0018251742514817668 0.3756785297911157 -0.0018049678831476262 0.0018369745833944008 0.9999966838021689 -0.27570676520668036
1564718146809212768 1564718420800494138 0.9999609557719255 -0.008212428159457037 0.0032623542769569056 9.561017040195782 0.008211050353565683 0.9999661939225286 0.00043550451966602063 0.30919865085064147 -0.003265820539136219 -0.00040870016048874606 0.9999945836755298 -0.2536309180637409
1564718147309293821 1564718421300820547 0.9999868707891111 -0.005122633280061022 -0.0001299141727910806 9.605595787579693 0.0051223839448052795 0.9999851655889311 -0.001851967821423205 0.23497554126302755 0.00013939919758672558 0.0018512780362747322 0.9999982766672697 -0.2262973764455989
1564718147809681690 1564718421801870658 0.9999988591205641 0.0009600536146277863 -0.0011662138036265565 9.687919589810623 -0.0009562495092903314 0.9999942351117229 0.0032581175865269976 0.173787804378647 0.0011693350481006037 -0.0032569986780291433 0.9999940122896618 -0.24218638907318593
1564718148309479721 1564718422303720854 0.999992006226027 0.00385052127497026 -0.001077483158079938 9.723242495682936 -0.0038471218641083914 0.9999876717094727 0.0031394398286261967 0.16650513513597007 0.001089558354406401 -0.003135269523638229 0.9999944914586335 -0.24957435731184002
1564718149309364099 1564718423300480851 0.9999807847375982 0.006194747725919675 -0.0002350663727595694 9.831727467810566 -0.006195541723778929 0.9999745328192444 -0.0035424533439077093 0.22822640913740938 0.00021311578148537684 0.003543841638257556 0.9999936978641998 -0.2578624295985834
1564718148509356536 1564718423900416970 0.9999968425923931 0.0023840973180565593 -0.0007942828372342786 -10.122056329936836 -0.0023796541870204978 0.9999817747244347 0.005548645323551645 0.3484316811597047 0.0008074968716459735 -0.005546737685737612 0.9999842907015355 0.28844115661656855
1564718149009411913 1564718424403817873 0.9999955071293627 0.0016528709390123241 -0.0025007476378654434 -10.012805777531335 -0.0016410484565000214 0.9999875034946042 0.0047222679512857 0.377078914518159 0.002508521686722401 -0.004718142886695696 0.9999857231214111 0.2541922672835121
1564718149609573675 1564718425003493024 0.9999802336024272 0.0028925083974535633 0.005582633752571699 -9.939921790221376 -0.0028779956479814462 0.9999924631607253 -0.002605909209156654 0.4367348907795541 -0.005590129291428753 0.0025897909040753357 0.999981021538708 0.29302054050566906
1564718150109448062 1564718425505227803 0.9999726776501623 0.0060623215003486 -0.004229918579912291 -9.775516641884128 -0.0060524230302275925 0.9999789249683861 0.0023489986240267336 0.5135111869682929 0.0042440698191073874 -0.0023233331872352177 0.9999882949286345 0.2620002248111195
1564718150609629407 1564718426007808312 0.9999968982859644 0.002487586898271148 0.00012381389162587083 -9.672167018915559 -0.0024892119229422663 0.9998759059732865 0.015555593145487883 0.5563180757501741 -8.51026373580659e-05 -0.015555853095501518 0.9998789967751182 0.23235688683690559
1564718151109208001 1564718426509108150 0.999986651919433 -0.004379179955454044 -0.002742036812476952 -9.612939178203705 0.0043867178366911695 0.9999865996121601 0.00274905488009001 0.4902083602097121 0.002729961462092677 -0.0027610467272783062 0.9999924619372824 0.22708000562597577
1564718151709342841 1564718427100636087 0.9999627747173949 -0.008585742154926697 0.0008568612186577048 -9.543593858843224 0.008582478879106977 0.9999561680391107 0.0037420658517174346 0.4342303990058091 -0.0008889520732794564 -0.0037345725589466973 0.9999926313388642 0.27937868386444326
1564718152201669990 1564718427603666816 0.9999189238007699 -0.012517803506699508 0.00233461356059592 -9.506549615136699 0.012533183222554175 0.9998990516930284 -0.006693709113322881 0.3310588379818127 -0.0022505873498974696 0.006722426552338433 0.9999748716031985 0.23935539809781423
1564718152703683679 1564718428106778563 0.9999081293812977 -0.013252810521178009 0.002845313776829851 -9.48786334060641 0.013262474482835154 0.9999062523903635 -0.0034048790367287745 0.23883267579199174 -0.002799922818742908 0.0034423021297460134 0.999990155445674 0.25345143361412126
1564718153203555494 1564718428608235726 0.9999479875913855 -0.008898494688235874 0.0049838643865720905 -9.389441576083248 0.008941430239683692 0.9999225252558782 -0.008659925587769608 0.15287773984790878 -0.004906417961110172 0.008704038039918571 0.9999500821464076 0.2675240715476035
1564718153704619552 1564718429108402540 0.9999876300119486 -0.004102043715324394 0.002813016254351486 -9.331288671163525 0.004104839716202938 0.9999910861450673 -0.000988899044460707 0.12260381678879415 -0.002808934672421994 0.0010004337926344184 0.9999955544992368 0.2500731472008224
1564718155701932320 1564718429700578480 0.999953111679691 0.00936635575882381 0.0024588253100171612 9.880651253333852 -0.009374220680969667 0.9999509188344262 0.003206853413101842 0.10925790849030786 -0.0024286680980711867 -0.003229752620203619 0.9999918351013111 -0.32358501422813785
1564718154809424029 1564718430200685742 0.9999633684521763 0.0009235686608764135 0.008509334563531718 -9.267027315261853 -0.0009061025917537056 0.9999974754979998 -0.0020562042054407758 0.1872631312913634 -0.008511212127463995 0.002048418553395825 0.999961680890601 0.28982465649447614
1564718156906346573 1564718430702086410 0.9999608582274891 0.0035686461619565883 0.008096096437241745 9.866307488440206 -0.0036048864582415496 0.999983529238411 0.004466099587472193 0.17772138817780614 -0.008080025159215609 -0.004495110284829201 0.999957252674814 -0.33737891198453585
1564718155801875749 1564718431205468109 0.9999686804262923 -0.0006610945542651127 0.007886768697615102 -9.881636155862093 0.000675306661070264 0.9999981528929285 -0.0017994920538088183 0.23492418747985805 -0.007885564495511373 0.001804761681920858 0.999967279818628 0.35093665527395407
1564718158703300612 1564718431805033660 0.9999948721121412 0.0023237120874239217 0.002203658677791412 10.325610687220745 -0.0023274330442099745 0.9999958677292182 0.0016874773829897184 0.23529757266171064 -0.0021997283600849126 -0.0016925975978196155 0.9999961481468468 -0.33835156248360176
1564718159803405153 1564718432306563142 0.9999991936133927 0.0003979564638365977 0.0012059864140476651 10.203574166329595 -0.000398307033370637 0.999999878490829 0.0002904648804803116 0.26977385387428315 -0.001205870675132412 -0.00029094499912400603 0.9999992306131739 -0.30136783769793574
1564718158101846171 1564718432906637941 0.999917120239544 -0.0035665261766151886 0.01237063227569038 -9.555430917674773 0.003545129319608782 0.9999921827405425 0.0017511470334124599 0.3241218674664174 -0.012376781082981448 -0.0017071464075826507 0.9999219474244887 0.36807453400468193
