1566534859871633373 1566534863671993924 0.9999946541793402 -0.002526755146353727 0.0020753604969773274 -10.342492983382066 0.0024986904420148813 0.9999068811107227 0.013415873192398182 0.05470598437471343 -0.0021090658683447466 -0.01341061579010813 0.9999078493667858 0.21404709417347956
1566534863771870714 1566534865472344541 0.9999983087993003 -0.0018204473446760882 -0.0002614765925504215 -10.049596280072524 0.0018192296647411366 0.9999878384514678 -0.004584032350393168 0.024324210020468306 0.00026981840211033766 0.00458354891190059 0.9999894590831491 0.17260942956136383
1566534865572285492 1566534866975431921 0.999998980177499 -0.00010921346202070349 0.001423979067895663 -10.701669580322033 0.00012294653768968482 0.9999534529041104 -0.009647637497933898 0.03205431402628692 -0.001422859133913952 0.009647802732352263 0.9999524465565018 0.19504031836444805
1566534867075465397 1566534868274830280 0.9999993408213548 0.00012886853424360435 -0.0011409424921224683 -10.862544157128788 -0.0001256819414623339 0.9999960928454734 0.0027925790658125758 0.04958982906554322 0.001141297909854707 -0.0027924338291365576 0.9999954498658482 0.1885153392028344
1566534868375523852 1566534869376809150 0.9999764426901544 -0.006647517337897314 0.0017101397621147863 -10.146844132171378 0.0066565178820429905 0.9999637343511305 -0.00531232079585664 -0.006800020810964952 -0.0016747639981916983 0.00532357922777692 0.9999844272136237 0.20158544557330835
1566534869476772330 1566534870478741844 0.9999765750800664 -0.004972325656975048 0.004703750493505505 -10.834532498267235 0.004993701112260642 0.9999772092183035 -0.004543566129712797 -0.004863377650576074 -0.004681051200913898 0.00456694882111123 0.9999786151404073 0.2372810797201295
1566534870578375523 1566534871478893591 0.9999671384424241 -0.0033831406690404526 0.007367251488667614 -10.132883853693203 0.003433962574662828 0.999970321514874 -0.006896665171826999 -0.0059045805017628695 -0.007343700451380109 0.006921737402557577 0.9999490785110126 0.22614760794648514
1566534871578667369 1566534872479324966 0.9999936827340099 -0.0034983764440586684 0.0006291695493570032 -10.517375154507166 0.0035013568819855685 0.9999823496936624 -0.004800083450177959 -0.0020934525485401196 -0.0006123659454496806 0.0048022560739054325 0.9999882816036183 0.1885917183771216
1566534872578458744 1566534873478251046 0.999885283522196 -0.001981695628392694 -0.015016413625539456 -10.913723877268438 0.0020244258444765194 0.9999939438310118 0.002830901147417002 0.026563423733864035 0.015010712699172861 -0.0028609760122433486 0.9998832398437968 0.10476174028496235
1566534873572087607 1566534874371948683 0.999991862879199 -0.0020061634550354083 0.0034999262250539013 -10.005782337578228 0.0019861674871229 0.999981740165183 0.00570740527119115 0.045277607556073095 -0.0035113123048571737 -0.0057004073896696214 0.999977587769593 0.2648305774964333
1566534874472296921 1566534875271950258 0.9999763012385381 -0.003582769446971835 -0.005878836993237737 -10.155570455988185 0.003598761223824738 0.9999898471844255 0.0027119081350604696 0.04502638423944779 0.005869061164880601 -0.002733000396809168 0.999979042195328 0.17940743829878172
1566534875372366536 1566534876171894146 0.9999849977648545 -0.002537422127650024 0.0048544550856343335 -10.051738075503193 0.0025390041002725135 0.9999967256051239 -0.0003197455494399736 0.018069800603708837 -0.00485362786079895 0.00033206623390886797 0.9999881659442874 0.24033502188169636
1566534876271346445 1566534877171849034 0.9999875269079648 -0.002950307028302002 -0.004030101355092625 -11.25573789142517 0.002950455374919785 0.9999956469207472 3.0864791016113614e-05 0.027203982199204974 0.004029992751132438 -4.275504024142935e-05 0.9999918786322414 0.23334921663351738
1566534877271819037 1566534878072213184 0.9999903617422711 -0.00373910741523983 0.0023011949734937642 -10.020681877737657 0.003734341256352594 0.9999908807343375 0.002071990236862434 0.026554835174691073 -0.0023089213823441297 -0.0020633768191580045 0.9999952056675897 0.2353425043984312
1566534878172348118 1566534879072248564 0.9999930950401021 -0.0035907701664974327 0.0009572051726151991 -11.28675708327953 0.003589106570330391 0.9999920556411757 0.001734061292212371 0.023997947813738155 -0.0009634241837889415 -0.0017306138072142924 0.9999980383929258 0.2744214874478812
1566534879172108970 1566534879972632213 0.9999920379607194 -0.003172333705134635 0.002420808548858946 -10.120311074280272 0.0031696159153001857 0.9999943431619793 0.0011256904497275587 0.027751758858956508 -0.002424365920492319 -0.0011180084536315785 0.9999964362471419 0.23237600599611413
1566534880072485810 1566534880875018690 0.9999870196720715 -0.005092280996239634 -0.00017076777813320636 -10.355375005738573 0.005092241383789671 0.9999870076340557 -0.00023160479279921487 0.018008931257201682 0.00017194495614060998 0.0002307321957462112 0.9999999585987938 0.21367756064925636
1566534880975438453 1566534881778339350 0.9999873796230183 -0.004472204588552173 0.0022891004355419186 -10.592945465662458 0.004478190045024628 0.9999865501699982 -0.0026163510888466716 0.01414048089810184 -0.002277368790185346 0.0026265690962922303 0.9999939573448332 0.23253261032434672
1566534881881499443 1566534882671650825 0.9999865114653064 -0.003929983606178532 0.003395896981837801 -10.79683957920571 0.003934326810274037 0.9999914499501206 -0.0012732239433215068 0.020292983433739663 -0.003390864197525048 0.0012865673379369228 0.9999934233706205 0.2420100934521781
1566534882771209640 1566534883572140630 0.9999812318650961 -0.005469485454413355 0.0027605518355428293 -11.041729353466957 0.0054799068512588435 0.999977834154998 -0.003781774659838319 0.0255160264331716 -0.002739806284084935 0.0037968312498982528 0.9999890387069222 0.23454981677569375
1566534883672028763 1566534884472158194 0.9999838633942905 -0.005478959746931025 -0.001501316461839861 -11.217819192951282 0.00548155903656357 0.9999834749421805 0.001732729953082127 0.024658474003210896 0.0014917980948335042 -0.0017409315475201198 0.9999973718444441 0.2438754342552378
1566534884572106765 1566534885372083503 0.9999940573811719 -0.0032857354137328164 0.0010436211670005896 -11.22117000794294 0.003284488237876211 0.9999938926100463 0.0011945206674036154 0.027306036574582804 -0.0010475396720584192 -0.001191085807374803 0.9999987419868303 0.26127636820378214
1566534885471607302 1566534886278132400 0.9999489348481817 -0.009540916824085513 0.003331456460684933 -11.22830114066685 0.009555917234089602 0.9999441428480161 -0.004516152096515481 -0.011277814137335185 -0.0032881821434973826 0.004547756600730247 0.9999842527600618 0.2818037649451656
1566534886377958554 1566534887178195283 0.9999223280617894 -0.012461464516739807 0.00022303724283745835 -11.318331680864826 0.012461199408359535 0.9999216915172732 0.0011529711825595704 -0.03400602087905711 -0.00023738748660960418 -0.0011501023174946515 0.9999993104556918 0.2641188182375884
1566534887278215026 1566534888077732855 0.9998664029777399 -0.011893165788797733 0.011212885618603724 -11.198932282071832 0.011849806233404642 0.9999220833070553 0.003925481769207583 -0.03876483352497519 -0.011258698353119918 -0.0037920868146346415 0.9999294284043247 0.31803661455830334
1566534888177789998 1566534888979533472 0.9998738054817025 -0.015789256405800284 -0.0017528530157703102 -11.013103216033683 0.015787425936762536 0.9998748160864726 -0.001053251313630639 -0.05961793289437379 0.001769263641820643 0.0010254453619238197 0.9999979090818039 0.2434685743140848
1566534889079604058 1566534889871779532 0.9998320767356764 -0.017494925479934403 0.005453981378875124 -10.74109942358652 0.017460040438960395 0.9998272091453385 0.006379564288291163 -0.06984017749074514 -0.005564648982589528 -0.006283266275602594 0.9999647770029793 0.2774462374692096
1566534889971870845 1566534890771569829 0.9998554946016215 -0.016972210038421993 0.0009664374646082275 -10.504812483385654 0.016974570919191436 0.9998528224759125 -0.0024894435243246506 -0.0763985289940959 -0.0009240438683613656 0.0025054886475781397 0.9999964343284328 0.26166790973129933
1566534890871689799 1566534891672321568 0.9999931264983235 0.003574805966349235 0.0009837268012382599 -10.190125159106017 -0.0035721146706515 0.9999899095673729 -0.00272410723395169 0.021425813756435645 -0.0009934550298020344 0.002720574524857331 0.9999958057518898 0.2668196016545628
1566534891772107932 1566534892673264987 0.9998147643230813 0.01897624033422647 0.0032154850910724076 -10.965996985347541 -0.01896749086465156 0.9998163737380333 -0.0027300358291444267 0.15462674375013122 -0.0032667004595796556 0.002668540445019138 0.999991103740434 0.31609533140399826
1566534892772917220 1566534893678976857 0.9998471555999444 0.017427361875569435 0.0013973177047434773 -10.384808611596226 -0.0174318618576285 0.9998426877008378 0.00327567448761069 0.17813969219110826 -0.0013400115248005644 -0.003299531668309145 0.9999936587098397 0.290907779498418
1566534893779042897 1566534894771255659 0.9999961602049533 0.0009903674741974329 0.002588193892001353 -10.23047794851922 -0.0009846276269272008 0.9999970554041141 -0.0022180377692407847 0.023930473869232152 -0.0025903829432794507 0.0022154808452204194 0.9999941907635451 0.29128872252150684
1566534894871237677 1566534896172752511 0.9999925569229353 -0.002120344371665378 0.0032233892837149154 -10.643506879194584 0.002124570413161732 0.999996887405848 -0.0013081969180264363 0.020758712943488015 -0.0032206054226399045 0.0013150354985180608 0.9999939491728721 0.3318763941130969
1566534896272943825 1566534898072530378 0.9999900681970767 -0.002099974276470805 -0.0039311086554905394 -10.196249415222242 0.002108502997603031 0.9999954298887117 0.0021666602880954814 0.005357801188691412 0.003926540759015629 -0.002174927523636691 0.9999899259332288 0.2859520727507299
1566534898172348882 1566534936071958536 0.9998669216364712 0.0024315426138773574 0.016131541083438606 -10.327304060035882 -0.002444685786589676 0.9999966956738052 0.0007950804248795199 0.044383162061967976 -0.01612955450763021 -0.0008344111660800799 0.9998695621076769 0.3369747804684445
1566534936171892374 1566534938170788196 0.9999757744387621 0.004011834480649233 -0.00568820883026615 -10.148747333198385 -0.004030932603598088 0.9999862644016619 -0.0033500134860198942 0.055767672601582934 0.005674690999700864 0.0033728611164929034 0.9999782106075855 0.16308061385031916
1566534938271520520 1566534940074203500 0.9994431695566673 -0.0323069226047741 0.00834347519514318 -10.43366957401024 0.032261003322475064 0.9994638973984706 0.0055808119205245565 -0.06482969525089267 -0.008519301095173053 -0.0053085354735572295 0.9999496192108764 0.2706382581287137
1566534940173741313 1566534942077396772 0.9376053185271234 -0.3476985749209796 -0.0014027357465652174 -10.072069916667713 0.3476376372141824 0.9375029971603898 -0.0153689136713122 -2.0053014609719337 0.006658818348227817 0.013922331457635011 0.9998809073209635 0.21607117965099062
1566534942177455947 1566534944169925053 0.7911972133997764 -0.6114199896295962 -0.013136429871635573 -9.777797237162323 0.6114611422116208 0.791273720107029 -0.0010823277001040224 -4.330661575502708 0.011056268524627282 -0.0071760817535855455 0.9999131276150888 0.17239374148479839
1566534944269684884 1566534945869751061 0.92098054095474 -0.38960795755217126 -0.0006946903960796291 -9.561618741193978 0.3895974129967305 0.920966185058005 -0.005928049086104357 -2.8012836027567802 0.002949401460579713 0.005188968272980412 0.9999821876610063 0.16374690741639633
1566534945969577705 1566534947374299491 0.9967378206998906 -0.08044192874204406 0.006543155713964469 -10.511673142759205 0.08048736454814326 0.9967310135379557 -0.0070050552960341595 -0.6453773053041101 -0.005958266067558983 0.007508844908896567 0.9999540571014293 0.23060782005186803
1566534947474285960 1566534948674366501 0.9999632661602902 -0.00483449696574637 0.007077709314270297 -10.334774822086333 0.00483546705207593 0.999988301866018 -0.00011995627571301211 -0.013763906967221193 -0.007077046590027642 0.0001541758994520722 0.9999749455068159 0.21725077177919253
1566534948774253579 1566534949876271433 0.9999666236654373 0.007706745845996642 0.002712493984369468 -10.405923970414594 -0.007712427105874305 0.9999680740734704 0.002090287522644473 0.09873546956327685 -0.00269629807080377 -0.002111137668638204 0.9999941365200421 0.21259787616803216
1566534949975926604 1566534950969684945 0.999995772797748 -0.0027805349080783502 0.0008503012840426872 -10.104593821740986 0.0027796272595297005 0.9999955678286192 0.0010667686844441214 0.01847994922932566 -0.0008532637029275588 -0.0010644006543691097 0.9999990694957224 0.19527546225424536
1566534951069660894 1566534952072604807 0.999952550548802 -0.00882239096359448 0.004130625695764264 -10.60962284072561 0.008810076301078029 0.999956720079411 0.0029900708347365807 0.005233831331280391 -0.004156826496525056 -0.002953537829965555 0.999986998619367 0.24514531647407486
1566534952172722969 1566534953169541611 0.9999828803837219 -0.005754417344049514 -0.0010609526492531567 -11.136253884924479 0.005753400743604255 0.9999829894244667 -0.0009587708822554984 0.013834484747590274 0.0010664517696319636 0.0009526503827048051 0.9999989775684156 0.19474232976859981
1566534953269630098 1566534954168758629 0.9999887512867937 -0.004582164385205481 -0.0012251813873581415 -10.33688063595393 0.004581276427046418 0.9999892419336023 -0.0007265833484198551 -0.0023623412297329913 0.0012284975311174359 0.0007209622806833817 0.9999989855030899 0.1973711467236914
1566534954269663150 1566534955169450971 0.9999908827729113 -0.0039623391106998725 -0.0015919295929429486 -10.333828129287452 0.003962061263092564 0.9999921352244272 -0.00017765089228937046 0.0019167535740908528 0.0015926209858525735 0.00017134195003202805 0.9999987170993447 0.2110912189700905
1566534955269513723 1566534956169478389 0.999994613524509 -0.0030036909177195785 0.0013231639553424209 -10.419970329971155 0.0030043652332301008 0.9999953578870295 -0.0005079310400596643 0.015468270436860502 -0.0013216321452139998 0.0005119035718867454 0.999998995621102 0.2217447690003216
1566534956269650922 1566534957169483243 0.9999526634982243 -0.008596176779768717 -0.00455812544631749 -10.612468216407459 0.008599342990104678 0.999962796816961 0.0006754865998686075 -0.009363881883811355 0.004552149267317587 -0.0007146515088008697 0.9999893835487845 0.22230606907511974
1566534957269542697 1566534958169578562 0.9998888777105532 -0.014902136286554114 0.0003982020052577684 -10.809471047229234 0.014902222798281132 0.9998889325588263 -0.00021517911939956158 -0.056275580082921814 -0.0003949511494161647 0.00022108930320403574 0.9999998975665553 0.2322167616529248
1566534958269656440 1566534959169506571 0.999907650339565 -0.01348559325727653 -0.0016821316571800395 -10.848057503403975 0.01348680919432731 0.9999087942044639 0.0007136177824324907 -0.04868564061986868 0.001672354677869182 -0.0007362384687729325 0.9999983305899878 0.2215795421678303
1566534959269523825 1566534960171083904 0.9999066409970334 -0.013146913569472642 -0.0037239701447078313 -10.845382866185673 0.013143944364380215 0.9999132778463725 -0.000820678430638362 -0.04805957010009824 0.0037344365823921604 0.0007716541565215324 0.9999927292402138 0.22967750365266484
1566534960270926953 1566534961171478469 0.9999734863269173 -0.0072320288961116 0.000851117642017996 -10.60914415898017 0.007233340863972663 0.9999726399099447 -0.0015486159893313345 -0.0301238655006783 -0.0008398947197789105 0.0015547313538531507 0.9999984386924224 0.27039840691905104
1566534961271140969 1566534962169284901 0.9997769317664226 0.0207878982376062 -0.0037349691546029245 -10.288526482622713 -0.0208202544848883 0.9997441198375154 -0.008843746575675344 0.1484352267559021 0.003550170546234345 0.008919536825040568 0.9999539180141886 0.25277612543674255
1566534962269293183 1566534963269111358 0.9997596119724906 0.021868482823446903 0.0015772531890787024 -10.993429177448657 -0.021860686721762664 0.9997494970711414 -0.0048014041758208895 0.17737979279625107 -0.0016818575072825134 0.004765770137894398 0.9999872293136187 0.2907982942439597
1566534963369130511 1566534964369902738 0.99995807987874 -0.008533456631533671 -0.00331942813638681 -10.375944920300167 0.008530791310437184 0.9999632789708476 -0.0008162778289958341 0.016156206343739297 0.0033262719150224606 0.00078792626182872 0.999994157526617 0.25994131390806574
1566534964469745270 1566534965575523106 0.9999563470663222 -0.009225090444307185 0.0014838019003904851 -10.28613788614707 0.009238091910717916 0.9999167529002198 -0.009008047920606789 -0.052930677470971355 -0.0014005783213912521 0.009021362191221448 0.9999583258339281 0.28540194087460324
1566534965675860829 1566534966969129204 0.9999968183719226 0.0011819702415008736 0.002228495543010472 -10.359148834754567 -0.001178409311639105 0.9999980280022776 -0.001598544045085298 0.02124969588555661 -0.002230380579912952 0.0015959128792136985 0.9999962392252106 0.30441081186924107
1566534967069026212 1566534968469580260 0.9998931629290871 -0.014554381877889782 -0.0013537709621083607 -10.111191912514695 0.014541846142904713 0.9998550987329657 -0.008849646798097402 -0.06679638445074476 0.0014823759379648464 0.008829014998710897 0.9999599247248552 0.2575869539867544
1566534968569472140 1566534970076830801 0.9997162302376619 -0.023806938595618388 0.0008298639105667864 -10.170204458252751 0.0238100274699711 0.9997087546135839 -0.00393554835313274 -0.14512824471292765 -0.0007359288585483459 0.003954190646018724 0.9999919113598161 0.26122167719405476
1566534970176759423 1566534971669853863 0.9994667380019477 -0.03256856672058805 0.0023511889585937206 -10.310241080204396 0.03257294428339397 0.9994676520377292 -0.0018481966611767378 -0.2123234880828719 -0.0022897441916706054 0.0019237962350804152 0.9999955280297941 0.25762533731475357
1566534971769719109 1566534973169579466 0.9989906670797861 -0.044914195115266196 0.0006018011596665752 -10.063248103426009 0.044911952575705204 0.9989854005588534 0.0033295624497617082 -0.23196383027425355 -0.0007507351900626714 -0.003299173747628453 0.9999942759082514 0.24240606648968946
1566534976168945327 1566534977468960854 0.9259669406627239 -0.37751575319343644 -0.008190292455954163 -10.669126678794445 0.37753465792851465 0.9259950731320364 0.0008405938371916336 -2.548960668140606 0.007266833046147149 -0.0038704813644578518 0.9999661056813366 0.20906506802887057
1566534977568901812 1566534978672381494 0.9628327411697238 -0.27009820889810066 0.00026472936664577706 -9.913544940641069 0.27008162924146867 0.9627618119095825 -0.01206677566109234 -1.775446315650017 0.00300434316853899 0.011689785225500864 0.9999271587688356 0.17508521551996653
1566534978772003915 1566534979869100623 0.9938178909675991 -0.11101246891328004 -0.0014937665462589145 -10.970090874979979 0.11095227041358664 0.9935777173653488 -0.022201649604303826 -0.8622708456546959 0.003948833091830825 0.021898659795976175 0.9997523970545739 0.15961396794465893
1566534979969345840 1566534980969568481 0.9992841919017401 -0.03782067679752603 -0.000836792606519035 -10.781410747717002 0.03780333061907442 0.9991665595383737 -0.015397873046563105 -0.2673492986808503 0.0014184531695665618 0.015355217576776355 0.9998810955727608 0.22679188570087477
1566534981069697841 1566534981970711255 0.9999882807372461 0.0016835742797741266 0.004539159152642787 -10.271422775728897 -0.0016422310373497692 0.9999572772693878 -0.009096522039254035 0.04788311460317334 -0.004554279897909616 0.009088961086678003 0.999948323325252 0.207628309985536
1566534982070620453 1566534982972187689 0.9999567034905905 -0.006832784222840573 -0.006316977442006422 -10.865614765891475 0.006828442698522166 0.999976434856542 -0.0007085914984825432 -0.011157982404295951 0.0063216702343379455 0.0006654257004534583 0.9999797966429546 0.19956910087385427
1566534983072232983 1566534983874738964 0.9999587145787636 -0.00403507636667509 0.008141701094527082 -10.121073780846473 0.003981777295407923 0.9999706075912211 0.006552053359183694 0.02641985651271322 -0.008167899825983227 -0.006519364414336568 0.999945390158917 0.27510625109304304
1566534983975337416 1566534984777272090 0.999981933555201 -0.004582749697797071 0.0038898545493768716 -10.539537119793183 0.0045535341268687635 0.9999616071305183 0.00748662753892707 0.014941465772123979 -0.003924014546790375 -0.007468779696744839 0.9999644090864872 0.23175202782434495
1566534984868511716 1566534985668968693 0.9999823198215346 -0.0023720696147979128 -0.0054528277145226255 -10.721089337595679 0.002349463108993548 0.9999886348979058 -0.004148505528259288 0.0017495954509829678 0.005462606286489441 0.004135620964386064 0.9999765280104337 0.19830651958514772
1566534985768870207 1566534986569889145 0.9999840383407226 -0.0031932977068474637 0.004661106472308539 -10.954027761993187 0.0032307857861289604 0.9999623186955607 -0.008057494164258732 0.002231070857746483 -0.004635200858098747 0.00807242458982058 0.9999566744985818 0.2563831523606046
1566534986669147686 1566534987470813956 0.9999311564652216 -0.005123581430986428 0.010556099822153369 -11.341168171905984 0.00506331509531428 0.9999707760872169 0.005727984966153236 0.00930700136662615 -0.010585139129022295 -0.005674141771843617 0.9999278768715186 0.26365654247208736
1566534987571678882 1566534988276983644 0.9999704491946558 -0.007517215302033188 0.0016100346443376741 -10.25964054841792 0.007512385216067457 0.9999673254461275 0.002985315475856993 -0.008103019864250539 -0.0016324232963504804 -0.0029731320569210944 0.9999942478234386 0.17217252507453856
1566534988376944746 1566534989077464832 0.999961041389733 -0.006918375096597991 -0.005481951184707667 -10.528173745656495 0.006973645490632143 0.9999243919875087 0.010128108262640437 0.009211466004824068 0.005411466653294108 -0.010165942869777254 0.9999336826181223 0.17162010749081894
1566534989177303876 1566534989876524632 0.9999376369034858 -0.009754662562365006 -0.005437725827399339 -10.698092611644363 0.009796173456359185 0.9999226749076532 0.007660234404803449 0.007776792035878732 0.005362582352980181 -0.007713025594279394 0.9999558749998414 0.1706989211421138
1566534989977112433 1566534990677070900 0.9999369468667177 -0.01102324806365781 0.002142496907685563 -10.601402604947111 0.011044508573570548 0.9998872015545295 -0.010178555782725699 -0.04318231018504122 -0.002030054492042426 0.010201576818357124 0.9999459018912873 0.23173548292572468
1566534990776951341 1566534991477034072 0.9999602077303409 -0.007812793766288333 0.004306182701870693 -10.563820468450697 0.007789113262808083 0.9999546003938335 0.005488794566155109 -0.0003885702382911298 -0.0043488700228428556 -0.005455034809766437 0.9999756646662712 0.28236811420964525
1566534991576926322 1566534992269064904 0.9999671810817681 -0.008029639107463429 -0.0010778010977889497 -10.454066727597684 0.00803032690565821 0.9999675545662383 0.0006353460567000331 -0.004849795844159789 0.0010726645285207156 -0.0006439803004843425 0.9999992173397892 0.26949634894610885
1566534992369528914 1566534993074501573 0.9999504709318762 -0.007030399976523483 0.0070447966113912535 -10.309073548323314 0.007049660921346729 0.9999714706177448 -0.0027129746545998036 0.0016764739595294144 -0.007025522330747765 0.0027625037108632827 0.9999715048986317 0.3029529766759252
1566534993174093486 1566534993876359619 0.9999925172418276 -0.0022529388151250004 0.0031447936416050177 -10.093089836409362 0.0022533461772031443 0.9999974532744837 -0.00012599823677541963 0.0403648852838834 -0.003144501766359962 0.00013308360269170924 0.9999950471864387 0.23084112484362743
1566534993976943685 1566534994776663475 0.9999888975080407 0.0019276090889245897 0.004299905099259238 -11.330201078206548 -0.001921237078977075 0.999997051013807 -0.0014855341750429044 0.09077421317140343 -0.004302755948075956 0.0014772565447985998 0.9999896519486441 0.29869221632055704
1566534994876898333 1566534995676963438 0.9999939864846376 -0.0031351460843134743 0.0014825159711827443 -11.169127893824866 0.003129749006165029 0.9999885178159503 0.003628898926516536 0.04152270643657944 -0.0014938760769213349 -0.0036242372011896498 0.999992316589977 0.2469250896432925
1566534995776934045 1566534996569173772 0.9999643035500996 0.0022287696572552435 -0.008150104992052229 -10.98173902419209 -0.002182865191709705 0.999981729827434 0.005636941624893957 0.08630478378679743 0.00816251953268089 -0.005618949825593655 0.9999508991334225 0.25737651033620257
1566534996669155454 1566534997469119355 0.9999949739906551 -0.002058262191061577 -0.0024115451874280464 -10.797520389528884 0.0020324350512586765 0.9999410752745473 -0.010663732299136525 0.03721207685537586 0.002433351844796841 0.01065877739415161 0.9999402328455772 0.2451513093539767
1566534997568874391 1566534998369074895 0.9999570859619762 -0.0055987598807635324 0.007381065115071429 -10.696922845378742 0.005548925764464381 0.9999617896846923 0.0067548940366868315 0.03726341134347657 -0.007418602111977524 -0.006713647174521187 0.9999499443893806 0.27435624464371755
1566534998470503644 1566534999270669209 0.9999705227570376 -0.004933699307565762 -0.005883215802076605 -10.561927452458209 0.0049347400143395295 0.9999878109107876 0.00016239104184728232 0.032563397349361714 0.005882342902463571 -0.00019141839543868283 0.9999826805505101 0.222160827329957
1566534999370788325 1566535000170634458 0.9999888119896819 0.00028395597696341177 0.004721786153787177 -10.374404135008357 -0.00025781932504966595 0.9999846484277511 -0.005535019244032939 0.04080002161310583 -0.00472328536874277 0.005533739950461277 0.999973533798515 0.2925686880106236
1566535000270581911 1566535001072218162 0.9999876189591049 -0.004662072430933582 0.001739830208079658 -10.125386795351114 0.0046697522098609005 0.9999792554337128 -0.004436453148252416 0.01904042031825565 -0.0017191110501429568 0.004444522796303387 0.9999886453726945 0.2995436788593046
1566535001168743193 1566535002069034858 0.9999930280752851 0.003194543009251215 0.0019335707346384036 -10.830697585643478 -0.0031940563493442586 0.9999948665463264 -0.00025472540513326615 0.08550661111885521 -0.0019343745400048425 0.0002485476953250614 0.9999980982077844 0.3070194705013813
1566535002168854068 1566535003068306748 0.9999987284676266 0.00039867369150903227 -0.0015440603685036491 -10.162499453093632 -0.0003937068664801408 0.9999947521235151 0.0032156990432226137 0.06769788455206954 0.0015453342800739128 -0.00321508704718774 0.999993637558384 0.2633924725449437
1566535003168467132 1566535004170516187 0.9999656540472704 -0.004523125861861981 0.006944930399758414 -10.562773474302249 0.0045807029465389955 0.9999550864898858 -0.008297117783947705 0.01399785016594723 -0.006907089570529196 0.00832864547467816 0.999941461175714 0.3374067923946958
1566535004270336522 1566535005370423181 0.999978039187763 -0.006612868829243919 0.00043715907177346283 -10.65267407372647 0.006612140923292184 0.9999767847530552 0.0016460702769360847 -3.396473312803654e-05 -0.0004480341698428898 -0.0016431435705073472 0.9999985496712452 0.32998578619003377
1566535005470407852 1566535006668676025 0.9999786326996584 0.005199129535153088 0.003962725854495911 -10.079299786947798 -0.005210356196997455 0.9999824270722327 0.0028280267013997863 0.07388151985640846 -0.0039479529406513504 -0.002848613487316861 0.9999881494641708 0.31255693566106973
1566535006768496917 1566535008268445377 0.9999643326682925 0.007740867746174725 0.003378218140361875 -10.25677919037466 -0.007778333287259926 0.9999067799416232 0.011221807254398433 0.10502540739233367 -0.0032910366968400976 -0.011247683909089295 0.9999313269840885 0.28496007811967455
1566535008368432949 1566535010269284058 0.9999489114266406 -0.010050038926653224 -0.0010822450075213446 -10.299076389053342 0.010048747477995766 0.9999487993516768 -0.0011922035339126868 -0.016368529665255024 0.0010941712877997787 0.001181267419145257 0.9999987036974048 0.2884117365599691
1566535010370539266 1566535015268178456 0.9999625020884049 0.000497953084011218 0.00864560349715323 -10.308622645821089 -0.0005243587416582882 0.9999952044539225 0.003052231490263378 0.0010241002237202838 -0.008644042168679656 -0.0030566504357274317 0.9999579678282029 0.2842255674163236
1566535015368203324 1566535020571798000 0.9999014346866575 -0.006673982225375092 0.012352282089794794 -9.782308625458185 0.006711155579632469 0.9999730681005331 -0.0029704316868450088 0.0021233583965438564 -0.012332124811094946 0.003053036992183116 0.9999192955747916 0.23549012402380554
1566535020671850769 1566535022373304440 0.9999964429732137 -0.0018185542228486842 0.001951128252264556 -10.470171413451759 0.001836152984599971 0.9999573056798818 -0.009056233193216042 0.000594299270661112 -0.0019345756990536104 0.009059783549915719 0.9999570879487276 0.14231449956016098
1566535022473410878 1566535023776050021 0.9998378905047777 -1.363311282189458e-05 -0.01800534712510978 -10.232753838793707 -4.441513795191063e-05 0.999994803390936 -0.0032235412852448394 0.04519858780866765 0.01800529750526187 0.003223818428570678 0.9998326941326203 0.07577801316421198
1566535023876090574 1566535025067670615 0.9999704727091352 -0.005176051215146807 0.005679982718625161 -10.547946050214852 0.005128648437018006 0.9999521640977574 0.008328654238206886 0.017613308931628272 -0.005722820552417288 -0.008299277681118322 0.9999491843663337 0.21872555076651962
1566535025168158916 1566535026268628066 0.9999886009114313 -0.004434676803150342 0.0017696578355919073 -10.545390860200769 0.00444410938236029 0.9999757474102633 -0.005362320680805644 -0.01010768317406489 -0.0017458347576722018 0.005370124108228049 0.999984056786942 0.2297617187635941
1566535026370416574 1566535027371581542 0.9999808084742846 -0.003799173021877415 0.00489376822828798 -10.116882660956154 0.0037885726526552923 0.9999904611586293 0.002173547562544889 0.003557738533674909 -0.00490197923067053 -0.0021549654523727773 0.9999856632589924 0.2278225519080155
1566535027471842366 1566535028473335977 0.9999964775693926 -0.0004643236276842123 0.0026132838313993054 -10.472243486337215 0.00045745251210753776 0.999996438787033 0.0026292870617129725 0.01946611726373291 -0.002614495365045817 -0.0026280823469782273 0.9999931287749745 0.22871710221634556
1566535028573163113 1566535029572669583 0.9999961866843305 0.0013381505374017995 0.0024157752270100334 -11.167243679303322 -0.0013142954609204904 0.9999506294021813 -0.00984943580270884 0.021639033263008565 -0.0024288359865553073 0.009846223201285436 0.9999485749999467 0.22195957846196343
1566535029672976907 1566535030573274248 0.9999954553489919 0.0029748569115969426 0.0004893952646551117 -10.66350459841445 -0.0029770830735946297 0.9999849295818363 0.004612763334842158 0.05100566693834647 -0.0004756655783756167 -0.004614199341801309 0.9999892413954746 0.21606253705515716
1566535030673200070 1566535031574327220 0.9999363610422835 0.010883034647080932 0.002972107398865199 -11.252267322909 -0.010887549845812824 0.9999395928880596 0.001507260168730778 0.09199112370116519 -0.002955524297802515 -0.0015395232157168865 0.9999944473567818 0.22796686099785626
1566535031674819926 1566535032475846533 0.9998742284504754 0.015570656430580147 0.003013625539243549 -10.456868414121658 -0.015576682458370197 0.9998767026725551 0.001986558896160259 0.1339152580802694 -0.0029823219412174517 -0.0020332513316428545 0.9999934858012164 0.2317967174438401
1566535032575621742 1566535033368216529 0.9997761716461109 0.02114910175546371 -0.0005675417058618483 -10.802479419037333 -0.02115469617175526 0.9996916121463848 -0.013006130633284034 0.12975912842401544 0.0002922987026852055 0.013015225664826196 0.9999152556403792 0.20508516793689255
1566535033468216994 1566535034270060406 0.9997389061056668 0.022511026400154472 0.003920881158266464 -11.125138801765539 -0.022523014330326076 0.9997417008862489 0.0030406141720061767 0.20031335732972957 -0.0038514210522391963 -0.003128130348725856 0.9999876906024426 0.22879056337843512
1566535034369748497 1566535035073344686 0.999938353077419 0.010627497387613856 -0.003216573348917838 -10.017418651816314 -0.01065386123486125 0.9999088548096552 -0.008293208911276481 0.08529931562923122 0.0031281441176879395 0.00832696658657983 0.9999604373883269 0.18626103101909045
1566535035173551458 1566535035868743993 0.999927477361721 0.011910883972265057 0.0017806908850771372 -10.263813474175928 -0.011918148014887973 0.9999204639558084 0.0041259556843039735 0.10543621028758277 -0.0017314054765370835 -0.004146878996649222 0.9999899027638638 0.19795726060542262
1566535035968749981 1566535036668372529 0.9998190522441505 0.018969273790005313 0.0014245776556993598 -10.436962628924311 -0.018970199628203312 0.9998198452296738 0.0006392268658771464 0.14144427602913706 -0.0014121953418059592 -0.0006661357217246479 0.9999987809830226 0.2390543967755816
1566535036769613096 1566535037470194634 0.9997893565555214 0.020500455587823093 -0.0009868328125092081 -10.6395558876222 -0.02049592378383958 0.9997802454723165 0.004402030391345406 0.1744463681399375 0.0010768595800647817 -0.004380877082388215 0.9999898240929508 0.21451494464986842
1566535037570125832 1566535038271533573 0.9998757410212761 0.015692284116410632 0.00150157795876024 -10.770551670195575 -0.01568994942902973 0.9998756972919071 -0.0015541724270990778 0.14028005014261738 -0.0015257798238455047 0.0015304196249838625 0.9999976649031269 0.26693244434952257
1566535038370316178 1566535039073651187 0.9999694576762 0.007702544900513784 0.0013245817552526371 -10.704251158086663 -0.007692363414503307 0.999942083125782 -0.007527146814754016 0.06909122573665698 -0.0013824832259311914 0.007516727753965109 0.9999707933454871 0.2682940803712842
1566535039174137845 1566535039876122494 0.9998940301404724 0.007252123942314619 0.012622804275349269 -10.604703410324596 -0.007236228963349864 0.9999729673411224 -0.0013044452388652449 0.09309327950425868 -0.01263192304593537 0.0012129655050906129 0.9999194783755627 0.3151891500610821
1566535039967968556 1566535040668077370 0.999918202070334 0.01179823311792163 -0.004938710735392484 -10.544226994666174 -0.011767319136805076 0.9999112769551404 0.006242468924572345 0.13873054226129095 0.005011922661541755 -0.006183842918190474 0.9999683198571869 0.17213061658236575
1566535040768964611 1566535041468384744 0.9998865416335068 0.014596541166114025 -0.0037208663219624773 -10.473418854539743 -0.014577321949303512 0.9998805283650885 0.005141077818384649 0.1650317156030942 0.0037954637379939964 -0.005086254253787673 0.9999798620335804 0.22992002228742756
1566535041568253204 1566535042269733844 0.9999048920073905 0.013276560911363757 0.003733613539284211 -10.3939635964887 -0.013303481701612474 0.999884999706867 0.007280435138938967 0.15803909829910454 -0.0036365250320493365 -0.007329412770768328 0.9999665271368499 0.27236087800687103
1566535042369611222 1566535043068615454 0.9999986770773518 0.0010477677666745067 0.0012441970345882277 -10.291845048524653 -0.0010500705553419588 0.9999977344351909 0.0018516145169833666 0.07102109697010155 -0.0012422541537719612 -0.0018529185621116767 0.999997511745619 0.26009554692572184
1566535043169422878 1566535043871409163 0.9999980367378477 0.0006251993294516937 0.0018803314190039891 -10.244153520920834 -0.0006250672182233565 0.9999998021358594 -7.084639080949833e-05 0.06098854017125528 -0.001880375340069851 6.967091818993613e-05 0.9999982296657067 0.2689381148094339
1566535043971263128 1566535044673847154 0.9999999172830145 0.00037726725283342675 -0.00015199798339703363 -10.19564448133305 -0.00037810137538359155 0.999984662361389 -0.005525584251584344 0.050736674898456076 0.0001499110301159754 0.0055256412651713245 0.9999847222909439 0.25394329666339377
1566535044774099801 1566535045474271584 0.999999949276224 -0.0002636635327054984 -0.00017868717390581436 -10.315017484674375 0.00026348194118516093 0.9999994496515784 -0.0010155165247734063 0.03547085112435243 0.00017895483024011762 0.0010154693924191893 0.999999468398406 0.2307133486476355
1566535045573883710 1566535046274046356 0.9999978670072249 0.000545680768996048 0.00199203752743753 -10.397937539783657 -0.0005252117075140828 0.999947211065556 -0.01026154154560557 0.014063570885009393 -0.001997531895780485 0.010260473416380677 0.9999453647833043 0.23094067751287528
1566535046374037329 1566535047073776767 0.9999956222556462 0.0023980129801271614 0.0017334945319320367 -10.401117812845326 -0.002424580252545737 0.9998770868978849 0.015489754911168205 0.06082402029906772 -0.0016961368294054757 -0.01549389009759082 0.999878523866531 0.26559471449504374
1566535047174029353 1566535047867981598 0.9999622940951307 0.005947741448534254 -0.0063273027172820505 -10.383199793429307 -0.0058890397426629056 0.9999398205705423 0.009256049279240243 0.07386206662092142 0.006381974531762329 -0.009218438534360168 0.999937143420564 0.243147980654134
1566535047967824180 1566535048667714268 0.9998862412350283 0.015078590975448036 0.00037507743841760775 -10.361562393112514 -0.015075094334067002 0.9998541192878683 -0.008030048188397277 0.09861381790747238 -0.0004961045339997577 0.00802348037226612 0.999967688299482 0.2182247579726344
1566535048767792510 1566535049467284589 0.9999356488362144 0.01079141725851961 0.0034990713127465425 -10.381419544369024 -0.010817168994225737 0.9999139169381177 0.007426140883985442 0.10036892725462827 -0.0034186315170744107 -0.007463513048889251 0.9999663038980544 0.29417737072393674
1566535049567331966 1566535050267874129 0.9999173555941923 0.010073495776468584 0.00798790738384106 -10.378988136104033 -0.0100196673457374 0.9999270167448568 -0.006750366658116759 0.06660145438295637 -0.008055324190378526 0.006669772603301211 0.9999453114473961 0.26766402394076416
1566535050367659601 1566535051067399454 0.999903646740238 0.013742851312304983 -0.0019573638881969654 -10.253313365951437 -0.013741873015020986 0.999905444726466 0.0005123791664298076 0.10379287036376804 0.001964220359818798 -0.00048543195103081436 0.9999979530950097 0.20963321588516184
1566535051167447070 1566535051869070615 0.9999108115477567 0.012410200753668678 0.004935166376371424 -10.096309818813259 -0.012398774537718803 0.9999203961916416 -0.002339160088654126 0.09691091728982648 -0.004963802964628044 0.0022777614473796105 0.9999850861202507 0.2700547995012846
1566535051967552463 1566535052767833349 0.9998837324084104 0.013875285903729138 -0.0063244055952234035 -11.37259645467357 -0.013865476870153189 0.9999026019831732 0.0015921992503174496 0.12374209983260677 0.006345881830474666 -0.0015043232296470745 0.9999787331715776 0.2207281329317966
1566535052867889035 1566535053677284818 0.9998998280701994 0.010440294827260999 0.009556885952733072 -11.25498264817672 -0.010455256963618641 0.9999441916510776 0.0015169657543228712 0.11619432051320554 -0.009540515028989208 -0.0016167334953433555 0.9999531812769031 0.3011145402577497
1566535053767810296 1566535054568346169 0.9999994975517397 0.00034024176613692774 0.0009429378642079015 -11.181599749104432 -0.000334427964520354 0.9999809776289496 -0.0061589396965286095 0.025824668944164464 -0.0009450154558138642 0.006158621257189593 0.9999805889766095 0.24852461928054478
1566535054668211599 1566535055467683245 0.9999843919643052 0.005587002763997091 3.5041412637870764e-05 -11.12265703753073 -0.005586681115476516 0.9998095391068269 0.01869958569359482 0.09177718221084853 6.943989833652637e-05 -0.018699489594991806 0.9998251468466841 0.26148909053638475
1566535055567748237 1566535056367950131 0.999972869962133 0.007183304770783688 0.0016307888524265603 -11.108594796985177 -0.007192480154222826 0.9999579338859651 0.00569198451766784 0.10939125681239291 -0.0015898329919356827 -0.005703559510369209 0.9999824707663536 0.2558831869426526
1566535056467886821 1566535057268313808 0.999998313886873 0.0014886929630562493 -0.0010751821655129799 -11.159851063136415 -0.0014965143199490378 0.9999721570143433 -0.00731065256816565 0.0405592065403027 0.0010642689121978482 0.007312249267085528 0.9999726987984975 0.24916472811445
