151 166 0.9998306596211737 0.016231106885938353 0.008636155081635807 10.448126753569596 -0.016439879608971596 0.9995623158421513 0.024604597599339712 0.048949319982216494 -0.008232995172016241 -0.024742316043244318 0.9996599323586601 0.06481456073304827
167 180 0.9997148932904918 -0.023840191905362004 -0.0009269761603254218 10.213000017054448 0.023831183273689587 0.9996823232386403 -0.008163783035585957 0.0776948346020106 0.0011207484061683793 0.008139454012359163 0.9999663010199348 0.09981863447720205
181 193 0.9999404114202411 0.00491916486919218 0.009806911268442313 10.184572056984459 -0.00492532825456479 0.9999876512492301 0.0005495717868613121 0.05089631195503564 -0.009803954544121415 -0.0005979170267581052 0.9999517560182724 0.09061910151771481
194 207 0.9999587173095992 0.008904394214996978 -0.002107600790060033 10.586542077153316 -0.008894239553344308 0.9999506863952398 0.00444547581420009 -0.021526207231911836 0.002147501457307432 -0.004426528667854191 0.9999878984913665 0.17560412324654093
208 224 0.9108833459235277 -0.41249278585095706 0.011944241724538542 10.387724460240655 0.4121039834831401 0.9107717846276852 0.025775643877394096 1.8453919016252756 -0.021509931587321483 -0.01855650024893536 0.9995962980802956 0.11899241047784087
225 243 0.632149852481606 -0.7748331849225427 -0.004715731969106674 9.164665876805605 0.7748353237942365 0.6320960121841205 0.009130080671329104 4.9944945262036295 -0.004092726035078798 -0.00942538164991283 0.9999471265228789 0.21918665309746052
244 260 0.9782265571438101 -0.20697124190057764 -0.015365911366420756 10.418345248048418 0.20740455981913292 0.9775787927690728 0.03637024160761488 2.008291639895494 0.007493230533308668 -0.03876529035772532 0.9992202365742112 0.053259059188963634
261 274 0.9988820293938311 0.046334722578827446 0.00935938858486333 10.181842611000286 -0.046402582221567346 0.9988964920655921 0.007246910536353883 -0.18836694908100124 -0.009013712435788954 -0.007673315603676448 0.9999300184035917 -0.015811874090376946
275 288 0.9991949235879013 0.0398505820731414 0.004668666862203887 10.281072060668357 -0.039728011479562446 0.9989254840187936 -0.023871925799342816 -0.20949231856552744 -0.005614981164572493 0.0236677492862851 0.9997041136353025 0.10865709619437744
289 302 0.9990498179601024 -0.04339391942395096 0.004068268539787299 10.525062148162247 0.0434377248001549 0.9989937412366928 -0.011245750448446909 0.2561129158233736 -0.0035769361782431344 0.011411981743702759 0.9999285170212006 0.10386231378134853
303 316 0.9999739638619868 0.0037076005702836026 -0.0061083464491915405 10.687202288834557 -0.003589977324384203 0.9998088595387844 0.019224329423795105 0.23808663152955076 0.0061788838184567395 -0.01920242765364316 0.9997964910230841 0.12633506901779498
317 329 0.9917905069109494 0.12786873925134964 0.0010443607552772804 10.244724685412613 -0.12784510223383672 0.9917124840582168 -0.012759022933723723 -0.6707158923273581 -0.0026670430482499574 0.01252127985266927 0.9999180378879293 0.07820594359205961
330 342 0.9995457907437898 -0.030105493094237414 -0.0007078211614564297 10.64040041802912 0.030080458775326332 0.9992641866169732 -0.023806010276806223 0.0879674466932847 0.0014241526766162534 0.02377337753103107 0.9997163597350978 0.11516019321945266
343 355 0.9999860701575102 -0.004599188922748575 0.002372615061132555 10.409247132640127 0.0045121037163028 0.9993669311111522 0.03528431199775631 0.3298976588916069 -0.0025331314050229224 -0.035273108928799965 0.9993745199617171 0.1197998234855035
356 369 0.9943691319234412 0.10595453866568613 0.0017898479966029668 10.666634397058344 -0.10587686742945684 0.9940570241696874 -0.02530723914870875 -0.8044133581775033 -0.004460871083423135 0.02497527399922085 0.9996781574509901 0.12760048223269965
370 383 0.9992703410909337 -0.038199519342852165 0.0006285309063248431 10.734027828517675 0.03818237495073393 0.9991093285471302 0.017947723008784278 0.3477446187373411 -0.0013131657906943358 -0.017910956263562598 0.9998386221878529 0.14280529471393863
384 396 0.9977410788819442 0.06714837194342224 -0.001813338555509734 10.014469616069439 -0.0671218770251631 0.9976791943060656 0.011444175051142255 -0.18687962565774047 0.0025777794387857045 -0.011297167568602632 0.9999328545763819 0.1387822469914479
397 409 0.999823455346463 0.01830175224628337 0.004197560152820521 10.024454610164891 -0.018198662885563974 0.9995616555823353 -0.02336371513458166 -0.2583623321062941 -0.00462293935343528 0.023283279042788204 0.9997181640025264 0.1386108779372446
410 423 0.9972886871739993 -0.07357686138271952 -0.0011244624070512535 10.668193900103452 0.0735849798590971 0.9972332222890784 0.010597246466604385 0.5321955682549567 0.0003410005473992901 -0.010651245325706177 0.9999432946112298 0.1700112327161277
424 437 0.9986414929120435 0.05194425880713339 0.0040569772384365455 10.273989048011659 -0.05194649434871471 0.9986500164853396 0.0002777592407992545 -0.08335048501683542 -0.004037008040312543 -0.00048820392661935215 0.9999917719670104 0.13874721932888667
438 453 0.9780101419677241 0.2083247128546118 0.009859324338098736 10.270280235559499 -0.20838306600447215 0.9780324606226511 0.005433503569878889 -0.861595051828412 -0.008511627808006003 -0.0073683660600013 0.9999366905803416 0.18556039767894894
454 473 0.5966555578058836 0.8024328495445847 -0.010219150476096653 9.101065559849598 -0.8024738718497335 0.5964929443774791 -0.015234119189646927 -4.599535850052756 -0.0061285619513297895 0.017289978561450852 0.999831704455607 0.1131931631379904
474 490 0.9507446069807636 0.3090367113412017 -0.024112025283919845 9.864606527365359 -0.3094503012302892 0.950783555772813 -0.01584450354493268 -2.486346742723165 0.01802837189755168 0.02252532020719298 0.9995837744077273 0.21351625042464834
491 504 0.9990717953428048 -0.04238606518676981 0.007630739568640804 10.340749236394132 0.04238547524920346 0.999101540626316 0.00012862601417584077 0.2524992527866612 -0.007629359178503233 0.00019488016319034603 0.9999709608290284 0.06639669642962899
505 517 0.9995408960649964 -0.02980212651388518 0.005547923221191526 10.534280509928196 0.0297538413588913 0.9995205209100444 0.008671033940331451 0.27295110649008325 -0.005803995603820496 -0.008502296014662741 0.9999470174120266 0.07394126885782368
518 529 0.9999314893432121 -0.01134963885872411 -0.00290039331993003 10.358877615022061 0.011359691339291886 0.999929064500347 0.0034871665904925462 0.09413984201920061 0.0028611046583582006 -0.003520189464070873 0.9999895903197632 0.1497048772817065
530 541 0.999609800831798 -0.02636570140731206 0.00923391309527348 10.63010739251528 0.026337057225208498 0.9996488898363706 0.0031668421393469845 0.20381205220895796 -0.009314536335790224 -0.0029227173659877306 0.9999523548797119 0.07292340650014215
542 553 0.9996150825578453 -0.02538532689549394 -0.01118416278050562 10.760232574832163 0.02547760462994879 0.9996419065184864 0.008104774204641467 0.2152799072655712 0.01097445278454169 -0.008386632133389561 0.9999046355830256 0.19860373251104624
554 565 0.9996545986150305 -0.022965050125010787 0.012784708989967215 10.918976979300664 0.022867243393614036 0.9997085146263598 0.007703740380749587 0.20962341987887803 -0.012958150486638053 -0.007409310911986079 0.9998886011748218 0.13598416021737664
566 576 0.9999296066646908 -0.011877025249921371 0.0002091233811225279 10.078725619712197 0.01187886124824489 0.9996981800930752 -0.021492452456648648 0.062341293603181885 4.607264106412021e-05 0.02149349595057011 0.9997690346355896 0.13966016070435702
577 587 0.9998019940996303 -0.019821209799575606 -0.0016691190533450046 10.164336764940996 0.019818055827279347 0.9998010071787762 -0.0024127760284670843 0.12484693038742706 0.0017166751051216048 0.0023799650238851213 0.9999957089297021 0.14692336678444057
588 599 0.9996716255737264 -0.022340946858833775 0.012561702181119013 10.763367319012444 0.02233844872101837 0.9997493412720199 0.0003944277209706177 0.17821882237293277 -0.012567837133045864 -0.00011417431331962037 0.9999209873471673 0.10542184795672155
600 611 0.999860838078425 -0.016639667762928016 0.0014754028307924598 10.138255785937865 0.016640188993395658 0.9998615504449914 -5.757197258081571e-05 0.12438215899386788 -0.0014745906467535464 8.141320256838023e-05 0.9999990083448045 0.16795930274474039
612 625 0.9994365619777753 -0.03298414159689749 0.00623611538101959 10.384744255246359 0.032969316318216396 0.999453098250037 0.0023477778468493937 0.2548969811096405 -0.006309379207541775 -0.0021406967594039174 0.9999778131310767 0.17435136959354464
626 645 0.945625716542702 -0.3251618013636573 -0.007918584775062734 10.120721843668555 0.3252521973469342 0.9454798552825201 0.016704225176980413 1.1232516502240473 0.002055483690519005 -0.018372007323323225 0.9998290194617994 0.23792131820590845
646 667 0.5629340670105798 -0.8263718619119165 -0.014682355653920898 8.620833088657104 0.8264968558320084 0.5629003651624465 0.0066588175228393725 6.11706843083889 0.002762613421838085 -0.015882820842092995 0.99987005069886 0.05189959728078119
668 682 0.9910462640020697 -0.13302040198056614 0.011522852773966155 10.297293373583722 0.13271367710014825 0.9908588119545044 0.0242024482960604 1.2762793239279733 -0.01463694361976882 -0.022456910211213498 0.9996406619920843 -0.019733681901888088
683 696 0.9998544305251871 -0.016311401809677453 0.0049905942339800585 10.37743061933247 0.016450819614970795 0.9994351160847803 -0.029327887378070697 0.010962651204386402 -0.004509026693713338 0.029405345707694108 0.9995573432676467 0.10040555199591217
697 709 0.9995747499737708 -0.028806618371798463 -0.004689547731951817 10.333772050054273 0.028723469952892277 0.9994468483504944 -0.01673449519312115 0.15553203711823207 0.005169451481587668 0.01659340803594973 0.9998489142882715 0.11532957003538712
710 721 0.9994880648203349 -0.03155718756031929 0.005441609789264276 10.002632375472876 0.031562094994152086 0.999502165443998 -0.0007287258695608221 0.22213082999136807 -0.0054158050989947465 0.0009001514116119278 0.9999848692354052 0.0773514894672765
722 733 0.9999327857071235 -0.0029679370493621415 0.011226463605548144 10.038134620737736 0.0027898272349410986 0.9998717298377776 0.015802171270798773 0.1074459568092729 -0.011272327334595676 -0.01576982232773576 0.9998120581783091 0.1059960752955817
734 746 0.9999734314585736 0.00496948168289501 -0.005366209347704075 10.647873757420179 -0.004934972810618844 0.9999667686331198 0.006589426958902371 -0.0012457048634891322 0.005398381234375907 -0.006562331497442362 0.9999639428191922 0.18607453869869497
747 759 0.9999926326851344 -0.003906908818641054 0.0010551034161041441 10.514292006423172 0.003902043161828948 0.9999831378162192 0.0043572989378573915 0.10795984954732789 -0.001072112972198351 -0.004353258805368239 0.9999899475747193 0.1567842211111033
760 772 0.9999445022492327 0.0013319808433720855 0.010430190713526893 10.535535208536604 -0.0015405824601648459 0.9997988160740472 0.01997872212007218 0.08051831530083056 -0.010401096052439645 -0.01999336820332283 0.9997459453831011 0.09685441142038155
773 785 0.999749161182634 -0.022359916925182032 -0.0011447758142635875 10.866777558801447 0.02237365405543933 0.9996653732497452 0.013007182660481627 0.24096453237000454 0.0008531443804757466 -0.01302967284707064 0.9999147837396497 0.1831020763322225
786 797 0.9999336426990982 0.010817184841048511 0.0041013763635590955 10.05695630579328 -0.010833729956922864 0.9999322984691932 0.004208843561998692 0.04289707484829153 -0.0040557692582652944 -0.004252680392379985 0.9999827644980621 0.10664824384349463
798 809 0.999865862097295 0.013774874992800818 0.008863906788310387 10.123474474978634 -0.013802514814120903 0.9998995893296017 0.0031226275340609073 -0.024327387433198733 -0.008819595558580279 -0.0032439754584331986 0.9999558596235045 0.15388250336944967
810 821 0.9998639633825779 0.008828705006018 -0.013972804451745514 10.151488951605995 -0.008979503120785683 0.999901857967886 -0.010734486589338595 -0.0012194381470988064 0.013876643510704017 0.010858790504586305 0.9998446944346869 0.3019840324919125
822 833 0.9994658234500162 -0.03175652118072722 0.007784612460327529 10.053696537227825 0.03176773033815381 0.9994932771564863 -0.0013769380924959342 0.1843247574381514 -0.007737098425704041 0.0016226078588865516 0.9999687303172344 0.10531035736699076
834 846 0.9997793943887605 -0.02079191092613878 0.002994518039342352 9.982505777115218 0.020804956175109635 0.9997746778561586 -0.004257786186851841 0.2488729814513924 -0.002904994131528086 0.004319300456928481 0.999986408507701 0.19193488522038482
847 863 0.9641379425425846 0.26540176979275026 0.0005025621862905225 9.939089426680027 -0.2653134326268927 0.9638601934329528 -0.024126713749163142 -1.0340749772299256 -0.0068886128693575474 0.023128528249225642 0.9997087998282153 0.1880281849850549
864 885 0.622940905895614 0.7822674415739991 -0.002036368770625179 8.943746668807153 -0.7820763492914178 0.6227268426404364 -0.0238416002885603 -4.562478578437211 -0.017382678592984133 0.016443749750173972 0.99971369209643 0.07189347115321314
886 904 0.921193813990748 0.3891033753363624 0.0010810603295543797 9.848555475809842 -0.38909403842567203 0.9211410373541296 0.010238642107208209 -2.9423126592324653 0.00298746917070194 -0.009852990164916432 0.9999470759016515 0.17695654686083181
905 920 0.9996684452079292 -0.02569343797484914 -0.0017966751564906258 10.205810493172676 0.025718144888042624 0.9995450312413113 0.015781019002992218 0.2762081653147282 0.0013909737567268114 -0.01582211158484184 0.9998738123110509 0.12919832898776704
921 936 0.9998176636280373 0.00857647447468777 0.01707639037006447 10.1351882285144 -0.008639207493617958 0.9999559605915875 0.0035829766776902614 -0.045502429569529206 -0.017045685267395614 -0.003729644233133865 0.9998478539564909 0.10360938296526906
937 954 0.999801936087013 0.01814628264363772 -0.008197218205573764 10.540735092381116 -0.01786159554971417 0.9992812837510153 0.03342501501405678 0.2408895563506171 0.008797669844846786 -0.03327169581090522 0.9994076475465689 0.2292437783020458
955 976 0.966519524976275 0.25659026917723055 0.0016756981359614528 9.992695981476972 -0.2559002666975746 0.964362763698114 -0.06722198809724361 -1.5137266777593616 -0.018864842716269765 0.06454245498537566 0.9977366517888714 0.11732577003594964
977 1007 0.7322398246383875 -0.680006517622576 0.037639590284650214 9.793498803573414 0.6801905397874736 0.7329725907860076 0.009637820844161694 2.4375181294279167 -0.034142416969682905 0.018545748706287286 0.999244865703115 0.07568363527055255
1008 1147 -0.8787810573344493 -0.47332062058433416 -0.060926232175027274 -8.239687683644334 0.47233883115652114 -0.8808881454576527 0.03050846900332284 5.984768683559303 -0.06810799643182684 -0.0019676558982355758 0.9976759888094981 -0.4749413055872295
1148 1165 0.99974982167838 0.021930526905654123 -0.004506396117013858 10.014172800934706 -0.022149825745861742 0.9981584943000847 -0.056477768053221813 -0.5881652727836977 0.003259410380320197 0.056563366715156854 0.9983937474053683 0.06858436800497547
1166 1180 0.9995776777147222 -0.028370347940515538 -0.006212232276094884 10.049336644949358 0.02848768273482174 0.9994002995190487 0.019666742939820257 0.2374002988741041 0.005651369248788673 -0.019835197656662577 0.9997872250318433 0.12191402775321174
1181 1195 0.9995472962652551 -0.023951759932386744 0.018210095547330985 10.536432029763391 0.02351980011874707 0.9994452830480145 0.023566678869377206 0.28673527289624245 -0.018764638545675057 -0.023127458842415568 0.9995564689781022 -0.012924213917114437
1196 1210 0.9998407496556713 0.017607294811511985 -0.0027013428826324695 10.219481729724865 -0.01757004261426878 0.9997569375573252 0.013320782323604173 -0.026967173240715504 0.0029346392314570442 -0.013271793668017565 0.9999076901929631 0.17664061983699145
1211 1229 0.9893712879070472 0.14518142323294483 -0.008268549981226968 10.070602190590561 -0.145118298594761 0.9893844608353796 0.007780349351702378 -0.3289044563982114 0.009310667875774885 -0.006497831855521068 0.9999354648025698 0.1532975463669154
1230 1256 0.607693646821951 0.7940674669103135 0.012890642766825942 8.611008994912936 -0.7941410508658164 0.6077314834923119 0.0012150154381687934 -4.877996261520618 -0.006868570241812364 -0.010976497101941 0.9999161667070087 0.08174606288621358
1257 1275 0.9566539428983533 0.29091684347568275 0.013439885688200303 9.858937215374903 -0.2911229154174017 0.9565276769277762 0.017379082159590414 -2.2662423111866516 -0.007799900061933287 -0.02053849765666627 0.9997586196746127 0.018547820941442583
1276 1291 0.9995243904249497 0.03072728259666189 0.0028079151074705683 10.544680359800482 -0.030711582387202497 0.9995141003936132 -0.005410352464813373 -0.10715384177303346 -0.0029726620355195695 0.005321593999797145 0.9999814282376236 0.07613101591245983
1292 1305 0.9993791335067538 0.034989896012099946 0.004194739409691225 10.283564439248265 -0.0349199656833331 0.999267740808077 -0.015634881524941496 -0.14609395235034 -0.004738831041789225 0.015478488752606736 0.9998689494055765 0.08787378725291575
1306 1318 0.9999033150375675 0.012984577485694 0.005026477239916223 10.207137949675541 -0.012976722987126649 0.9999147740689277 -0.0016650811654178534 -0.017813419384300654 -0.005047319263617153 0.0016003464165180604 0.9999859830878259 0.09275041114339595
1319 1331 0.9993264268239869 -0.03649290341831007 0.003911300335742126 10.426373304705542 0.036608456625918134 0.9986960685482444 -0.03556924689176021 0.17040385792841922 -0.002608387259042471 0.035688280606749015 0.9993595553556316 0.13462854680061415
1332 1345 0.9992334705197551 -0.037333143021454566 0.011769844724227463 10.311692521354447 0.03749690559359948 0.9991976933276389 -0.014033093603341835 0.22699955173802647 -0.011236484144553086 0.014463504884321604 0.9998321997702249 0.16273222958979824
1346 1365 0.9033244317830192 -0.42889514083858465 -0.007413412543940896 10.084656530243976 0.42882519518080364 0.9024788360294363 0.040521078735943315 1.7722313226899191 -0.010689443368846755 -0.03978275854084976 0.9991512711014942 0.2196725348114114
1366 1384 0.7065153960204369 -0.7073173497263276 -0.02320708200747504 8.767217578513943 0.7076934694001623 0.7062340681915019 0.02006938186828883 4.954268222432498 0.00219393841915472 -0.030602304750314453 0.999529311727665 0.1583763359387232
1385 1399 0.9991426598796193 -0.04140228320816543 0.0003443267236041092 10.65435082969874 0.04140152611222502 0.9991426592587963 0.0012460880806238423 0.3972134723629213 -0.00039586700812429854 -0.0012303516549064062 0.999999260184189 0.08393637629053373
1400 1412 0.9999949729744266 0.0028381096653261276 0.0013413050933309839 10.149114205124787 -0.002848983612567463 0.99996503016776 0.007839455920212743 0.08196703408517061 -0.0013181567524333032 -0.00784339628047368 0.9999683115538387 0.10951785441118886
1413 1425 0.9995344277989057 0.02827680360849045 0.011487665134175349 10.2180797300231 -0.028266694516901874 0.9996001086313454 -0.0009661941995696729 -0.048359975925574776 -0.011509802517978616 0.0006410339129521313 0.9999335808754931 0.1118745896275519
1426 1439 0.999797875339243 0.02010153401921664 0.0003532576441016746 10.516912786200825 -0.020092004979521835 0.9996541511490621 -0.016958074909341685 -0.10517407571768156 -0.0006939438189144359 0.016947620904728053 0.9998561653168931 0.18323209168067514
1440 1454 0.9895816610887379 -0.1439526755122668 0.0027144902193838617 10.596698975481196 0.14396338419714946 0.9895728224156736 -0.004450119609353869 0.6415030204195157 -0.0020457709444564993 0.004794017758815575 0.9999864563296765 0.18371733884487473
1455 1473 0.8327932222934393 -0.5532536024170386 -0.01915057019693693 10.211066210355225 0.553233225130869 0.8329986087125206 -0.006798773321229783 2.6493642352812743 0.019713835869280785 -0.004932018747424922 0.9997934684357516 0.21416175265278725
1474 1495 0.8002400558065138 -0.5996360058119479 -0.007272492557547333 9.647455166461205 0.5996329559195579 0.7999694583802608 0.02209695103486283 4.487938398643858 -0.007432207051044336 -0.022043247034998888 0.9997293323121813 0.02193194998188573
1496 1511 0.9937948605193648 -0.11119298396259013 0.0027710615056731227 10.47452164573467 0.11121750588028566 0.9937240329200847 -0.011968302774198204 0.9192772701726717 -0.0014225551592856943 0.012201739056134463 0.9999245469368575 0.0695646732376766
1512 1525 0.9999235798118762 0.012214276040094512 -0.002079625641131138 10.182482068121248 -0.01220565104585091 0.9999165630440916 0.00422232254232171 0.02898637850971207 0.0021303546875188484 -0.004196494898277876 0.9999890117920672 0.07516288545280797
1526 1538 0.9996780222227257 0.024803727391256025 0.005388844669262567 9.979092442804982 -0.024846309316992943 0.999658944480692 0.008069796453097827 -0.07032779569385682 -0.005187046253762935 -0.00820153969524816 0.9999529006030642 0.06257306533032675
1539 1551 0.9974286261016808 0.0713126209291375 0.007106685063476683 10.334562132804907 -0.07128702625770819 0.9974486059588787 -0.0037347199808277186 -0.306251745034333 -0.0073548922735146415 0.0032187307159685964 0.9999677348238053 0.08935197135224912
1552 1564 0.9999663937596922 -0.0031496439363559235 -0.007609566594969136 10.906222338812377 0.002912597421235107 0.9995185058170788 -0.030884593621469506 -0.10934557859397169 0.007702855622461233 0.030862047101960506 0.9994940383389507 0.07567554152853118
1565 1576 0.9997372151784965 -0.019900441454151853 0.011411551273205867 10.611644982170047 0.0198356344601369 0.9997861858862176 0.005781234209187202 0.2035271444797054 -0.011524422712203084 -0.00555359043693464 0.999918236402528 0.04065292895016332
1577 1588 0.9999615945067429 -0.00031331671212271584 0.008803819733683323 10.662679584548819 0.000196081344677123 0.9999114286269184 0.013258865232346526 0.06926654194937613 -0.008807796182397052 -0.01325680441346034 0.9998734663416664 0.08568228240791753
1589 1600 0.9999466905214772 -0.008440513917170557 -0.005909044975561331 10.821510432595186 0.008375781405805704 0.999904768598088 -0.010971147471373338 0.06436614818720053 0.006000651819664458 0.010921866426554397 0.9999224029807061 0.2008246652640936
1601 1612 0.9999803697847386 -0.006179730933552156 0.0009190420042396326 10.95782968497115 0.00616339030703279 0.9998289487965402 0.01745236907621634 0.10086921865553301 -0.001025864718835841 -0.01744634152154571 0.9998471348670583 0.14368044648437941
1613 1623 0.9999964588179073 0.0009835444508871898 0.002360655344591569 10.009959173684 -0.0010122908651203353 0.9999277477187147 0.011985752811278703 0.08939107953194991 -0.0023484097120861106 -0.011988146048736928 0.9999253300583023 0.12064796848530279
1624 1634 0.9999472336663887 0.010256343853505408 2.0349849499775108e-05 10.039650348517926 -0.010255195565621014 0.9998498439448741 0.01398862618872915 0.07557752858744515 0.00012342100467430383 -0.013988055087292587 0.9999021182598488 0.11823036726517416
1635 1646 0.9989497719135835 0.04580971924267224 -0.0010308827112848356 10.956280079241285 -0.04581596862074954 0.998914959693873 -0.008318086066924708 -0.20344547751856157 0.0006481850217028042 0.008356683353642277 0.9999649710961257 0.1428968775075101
1647 1658 0.9993296212556175 -0.0362544829375005 0.005027861866540687 10.745637734258048 0.036368672945391575 0.9990318418368462 -0.024741469857365386 0.1685508815790793 -0.00412619305109756 0.024907539982840864 0.9996811910659207 0.09495683602601487
1659 1670 0.9996527823036938 -0.023948388047300973 0.01100438806827972 10.59073509724777 0.023779166902817183 0.999602203511374 0.015171432367425726 0.22393855411480668 -0.011364085940970674 -0.014904642380583599 0.9998244250788055 0.08673059980232299
1671 1682 0.9999458602660297 0.007264725323022475 0.007419023449714338 10.58412040542996 -0.007340495102239719 0.9999208422479292 0.01015725478092143 0.08061074503988891 -0.007344609451713771 -0.01021128734033923 0.9999209199908998 0.12226063572581328
1683 1694 0.9998831156660531 0.011314405154876602 -0.010248663107544 10.464768639756027 -0.011224922261728052 0.9998991231920765 0.008675160331290408 0.01190239011872092 0.010345429167184034 -0.008559005148481869 0.9999099243312094 0.201640196432121
1695 1706 0.9998125964686357 0.018936058741294635 0.0039304484942201375 10.271929696308817 -0.018846975637734874 0.9995865790177452 -0.021711410471797817 -0.08610060376087217 -0.004340485686627149 0.021633573463996386 0.9997566180904086 0.10055166235270817
1707 1719 0.9990333671013802 0.04117604920521428 0.015360597744920134 10.789130212680467 -0.041056863152865136 0.9991252801126571 -0.007994466940238696 -0.2336039195051071 -0.015676099505798288 0.007355511234005848 0.9998500484901024 0.0674566385892494
1720 1734 0.9886307498445664 -0.15028964120142488 -0.0045855125206811734 10.48341238585928 0.15032719367496333 0.988593112433877 0.009266343401898589 0.8518129960891654 0.00314022450741633 -0.009849649896043753 0.9999465878724566 0.20663780455132905
1735 1750 0.9957974098390708 0.0913753571983543 0.006198989600527889 10.34356969484785 -0.0915003077558924 0.995507556249031 0.024320853547857707 -0.24991983509813248 -0.003948694283702052 -0.024785914799059387 0.9996849160815825 0.15082961518923566
1751 1766 0.9995112744571367 0.03120414268840465 0.0017305914627291357 10.527578331130742 -0.031137363071859964 0.9990415156180819 -0.030767587121962252 -0.5262559346745096 -0.0026885555842024087 0.030698378064715665 0.9995250388411102 0.1145672752142627
1767 1783 0.8438428574396841 -0.5365475579417518 0.006747745671177444 10.030125791900101 0.536415452318981 0.8438235099910418 0.014818655665137641 3.0362201530991837 -0.013644291236984992 -0.008884566003407339 0.999867363503601 0.06633245212924577
1784 1799 0.7508839961616035 -0.6601146482834226 0.02056501766564121 9.243811784468626 0.6603532959899089 0.7509144285573371 -0.007765391529867611 3.9580366546125774 -0.010315486921497825 0.019411634041283737 0.9997582919959536 0.14947812278617525
1800 1814 0.9724411723518936 -0.23292677609402035 -0.010101161521486627 10.41511066462091 0.2330437960077598 0.9723855372981953 0.012525644731536677 1.9078780941653277 0.006904776583731896 -0.014534238068851717 0.9998704937043258 0.17499330931460946
1815 1827 0.9985705317766497 -0.052389605987331174 0.010648802980015904 10.308796495116553 0.05233931409203914 0.9986175526479564 0.0049858613900647525 0.34294846630478304 -0.010895471896169006 -0.0044210882309917085 0.9999309390701343 0.03336307233777639
1828 1839 0.9995414547697157 -0.030269902856044535 0.001425528172131547 10.024949357670792 0.0302661690256453 0.9995382817300952 0.00268404308131624 0.2283434443466952 -0.0015052560880552642 -0.002639148628670568 0.9999953912504514 0.08574347070244472
1840 1851 0.9999617794892643 -0.00597848389757393 0.006313983603055622 10.110789522438594 0.0059317738245160696 0.9999558323565813 0.007341036321046703 0.08996578995352528 -0.006357865882007276 -0.007303447671751839 0.9999532094708058 0.13948266763405703
1852 1864 0.9997958544089119 -0.018240353953385816 0.008740207364476732 10.59508022749141 0.018227653254216988 0.9998324368133006 0.0015873643864624501 0.1353555714179053 -0.00876820783924004 -0.0014268872360909594 0.9999606048797649 0.14803375365472562
1865 1879 0.9512867945617157 0.3083000625765148 -0.0020522689904689893 10.127068323344501 -0.3082669460935759 0.9512516162787751 0.009525146631849175 -1.110245450223911 0.004888775558127018 -0.008429533330568244 0.9999525591369569 0.24710162530650404
1880 1897 0.665022642933983 0.7468025107166957 0.0055147805600624135 9.165663813774177 -0.7466411911590677 0.6650062415108821 -0.01711725088049085 -4.664352831463663 -0.01645015262522096 0.007265004763686139 0.999838297802715 0.0775471915162061
1898 1913 0.9125093052300346 0.40886493125030876 0.012444624171219113 10.161095335063147 -0.4090463141190276 0.9122645243015713 0.021310945744079147 -2.5548264595457097 -0.002639651676360541 -0.024537458628307383 0.9996954784378926 0.0753757401815612
1914 1926 0.9907444890651648 0.13573836351457472 -0.00036765202733877165 10.066574561936388 -0.13555470929744579 0.9892575718117331 -0.05474030529284171 -1.1905496661081854 -0.0070666366941704185 0.05428332838073939 0.9985005733133522 0.03896582321883341
1927 1939 0.9923000397586197 -0.12381697503318953 0.0031052192224673637 10.915647005042539 0.12383648685280674 0.9922760928606987 -0.0073029180647051 0.7815530618854235 -0.002176190782685518 0.007631123205885231 0.9999684856006832 0.05887246916636885
1940 1951 0.9968914699980942 -0.07702168291776942 0.01659644564140394 10.339599069308084 0.07693038065723169 0.9970175067795142 0.006104009365095364 0.5070523089127911 -0.017016602112517938 -0.004808120825499071 0.9998436107399944 0.09188351635957975
1952 1964 0.9999864481734355 -0.004167579594647497 -0.002997802323952198 10.872939192402301 0.004245352938940216 0.9996431638895545 0.02635353977416914 0.22266026340920356 0.0028873129939099547 -0.026365273089935037 0.9996481090947178 0.18661736599015286
1965 1977 0.9998872115719671 -0.014999759394756337 -0.00035936481498461054 10.741264097250005 0.015000250294695861 0.9998802367788155 0.0037521381388377164 0.09963818564538868 0.000302720323086328 -0.003757326068993056 0.9999929591208708 0.10577439963985748
1978 1989 0.9998987531356086 0.013694336994369902 0.003930057764389016 10.335154908711484 -0.013634971670415772 0.9997990900350535 -0.014681847828499503 -0.09660227587321073 -0.00412962263579377 0.014626614518960045 0.9998844560263933 0.10158167876164774
1990 2001 0.9956339680870195 -0.09316482692321361 0.005900999034286122 10.592718010080612 0.09317093355187965 0.9956501331493727 -0.0007772955377725405 0.5274679948117711 -0.005802329751602494 0.0013231465313758108 0.9999822388932981 0.13286582065783523
2002 2013 0.999056164198883 -0.04342465471205702 -0.0007114622201332173 10.103119628176547 0.04343053232453045 0.9989560281024047 0.014169182219374028 0.37467115384449073 9.536484079644733e-05 -0.014186889901705491 0.9998993728282831 0.13936710522382736
2014 2026 0.9995364409123119 0.030121263222283895 0.004432459657059403 10.734394117579395 -0.03014734097828132 0.9995288913187996 0.005778454973951257 -0.10368171453175273 -0.004256542187153973 -0.005909554617814332 0.9999734458857801 0.10976850053295811
2027 2039 0.9990248746278619 -0.044119340666493555 -0.0016751207494522249 10.380558967274254 0.044091469960409524 0.9989280154374635 -0.014168789185625351 0.22508385289381985 0.002299012977550595 0.01408072879877339 0.9998981111971175 0.1708866962788516
2040 2053 0.9997113612235918 0.023856300008101187 -0.0030988879182524925 10.27834523487857 -0.023823116662313033 0.9996617301729668 0.010455325506954693 0.09959512011833811 0.0033476494413584358 -0.010378445886521339 0.9999405198125434 0.11970365071196679
2054 2070 0.9999141692604078 0.00851748014536377 0.009980839988885406 10.122281234320804 -0.008538587430798663 0.9999617987407846 0.0020358852034868327 0.06027325615558435 -0.009963170099550887 -0.002120359349911787 0.9999480903861873 0.1521966632426477
2071 2097 0.7445572183809301 0.6674929802180347 -0.009402206477277257 9.62181158203722 -0.6675503480840249 0.7445455093555114 -0.005419351628193075 -3.107202115344515 0.0033824310928671944 0.010310778188905467 0.999941161028082 0.15596058457184075
2098 2118 0.799394031329351 0.6006782618392104 -0.012419876424995048 9.103519760793349 -0.6006860190799953 0.7986501438230895 -0.03652473275460346 -4.305418605148335 -0.012020596492332588 0.03665778182364686 0.9992555611256948 -0.0015321168678770706
2119 2134 0.9977801853447197 0.06659504553105802 0.0003848766848407958 10.333067446296072 -0.06659144650105413 0.9977578341137515 -0.006627081468291092 -0.5128528001135292 -0.0008250587778627008 0.006587153699458887 0.9999779438510161 0.08401856681698043
2135 2148 0.9999980071459895 -0.002057038764396644 2.1856270402916704e-05 9.999923131047215 0.002057956464028677 0.9999378442865562 0.010946346148778749 0.11186689735516117 -4.3737707613168566e-05 -0.010946652081414628 0.9999400848305011 0.1083531007863779
2149 2162 0.9999672114547935 -0.004159390517333033 0.006957519931874349 10.727561715766065 0.00418257813548905 0.9999859331709183 -0.003292961600319153 0.020083942020329648 -0.00694350993967973 0.0033220466317869955 0.9999704236546996 0.08245111343563413
2163 2176 0.9998441180526234 -0.01746983580385172 0.0028588780635359205 10.773267425654796 0.017448586120674067 0.9998214844709372 0.007174929822082011 0.18847416809241951 -0.002983730561644931 -0.007124084556269025 0.9999702213314228 0.12040182284017348
2177 2190 0.9979007569130744 0.06450652347307316 0.0057576099094471655 9.98536219490198 -0.06452943947160719 0.9979071151101014 0.0041423892707863254 -0.09205389400387796 -0.00547792605775997 -0.004504632851757409 0.999974810876054 0.1002319055286433
2191 2208 0.9022673969413606 0.43104046426860965 -0.010843989680808562 9.877254641920446 -0.4311750189244856 0.9020405215140507 -0.02025107377770147 -2.256967762824485 0.0010526502065311169 0.0229466967128682 0.9997361410242558 0.10588104896266153
2209 2247 -0.14747615686736065 -0.9890170088310418 0.009901865745831325 8.64666364246889 0.9882956580815205 -0.1469589493417901 0.040909607939460566 5.201846332425991 -0.03900408560832858 0.015819804108554988 0.9991137922690465 0.060484413034415443
2248 2280 -0.31391020893106686 -0.9492905368415662 0.0175414601175693 2.0084224890094386 0.9490904268313535 -0.31322975118575663 0.03337086840014415 10.026632050571049 -0.026182980143647366 0.027124144331972373 0.9992891211017305 -0.23717004756162666
2281 2294 0.9998483275398973 -0.014012190313996196 0.010342588281263143 9.999781382851335 0.014174310319213991 0.9997760959465767 -0.015702646253219436 0.10301476774333396 -0.010119813512358383 0.015846847156148744 0.9998231661524952 0.01586258252167461
2295 2306 0.9999052684995815 0.013577429617491954 -0.002274064007338488 10.267888233426559 -0.013523907128070195 0.9996745649114271 0.021611441442390893 0.0017926862753805941 0.0025670198426104604 -0.021578837122501346 0.9997637800940172 0.1450932250000131
2307 2318 0.9999380563436285 0.005704752472806708 0.009601251948898399 10.29011780304616 -0.005760468082629465 0.9999660485024391 0.0058492368082860725 0.01116368990210204 -0.009567761274137512 -0.005904557616822367 0.9999367848630404 0.08327649455771223
2319 2330 0.9999295689504564 -0.011321090378147443 0.003439808708552374 10.209451116018418 0.01133901294531028 0.9999223200245406 -0.005202970276246035 0.11780636818047767 -0.0033800671216496552 0.005241768058412203 0.9999804934000709 0.13469231325291528
2331 2342 0.9999993143408704 -0.00016895941104522617 0.0017673588227032535 10.330380361018218 0.00017259268717154553 0.9999973009220067 -0.002184149890069432 0.03759046131772672 -0.0017672511564045682 0.0021852135804059326 0.9999960689933778 0.09287084064718004
2343 2354 0.9999467050877268 0.010219285737955885 -0.0010454448652880864 10.672244642263896 -0.010231944692789643 0.9998747557331825 -0.012079591834102585 -0.038607210444542066 0.0009223478604601236 0.012089594136638415 0.9999265127248059 0.12924336830727226
2355 2366 0.9999570556819893 -0.0065265509553887055 0.006641848539679123 10.924497941658842 0.006444696151910708 0.9999063781940446 0.012083600210471748 0.09775094758005633 -0.006720298041385677 -0.012040432762373335 0.9999048889324478 0.0965051767196164
2367 2378 0.9999686592831191 -0.007416662417381898 0.002847751684289553 10.974566078235041 0.007453528682413835 0.9998838765093537 -0.013294920547307255 0.08703165704887218 -0.0027492358038939462 0.013315642170378547 0.9999075442129114 0.1384968593202242
2379 2389 0.999995915999934 -0.0016619845435282513 0.002289197560827619 10.001816605752772 0.0016710684757897405 0.999990822892227 -0.003899446303039966 0.014170135918026967 -0.0022827335746826204 0.0039034420027327884 0.9999898247224968 0.16710006061656754
2390 2401 0.9998879591752048 0.014443839419875037 0.00389234653555487 10.905814530602186 -0.01448162556937414 0.9998492656113782 0.009582797321545825 0.050400664662605094 -0.0037536435771170994 -0.009637842068263588 0.9999466078328331 0.1536081918461847
2402 2413 0.9999403213231333 0.010893941851061417 -0.00013504980071668744 10.712577246282146 -0.01089501546328363 0.999892341959685 -0.009842252866970396 -0.03695913562932852 2.7410631173894868e-05 0.009844026465609758 0.9999516824939322 0.16981377871515965
2414 2425 0.999978887941499 0.0037698280026642736 -0.0053253089536788225 10.182540084429673 -0.003682054467550222 0.9998594166236359 0.016354725220680544 0.049474912135841216 0.005386669403299736 -0.01633473614987803 0.9998520392319863 0.21165797970002817
2426 2438 0.9997040581621646 -0.018247880142389185 0.016085973733219364 10.626801035029114 0.018142830561399457 0.9998132540747098 0.006696155584633147 0.1669144401363682 -0.016204747867924817 -0.0064023160541229 0.9998480922909582 0.07926885639286935
2439 2451 0.9999800353866996 -0.006210962906092141 0.0004150624825631387 10.04647360411397 0.0062179372226139 0.9998546575006059 -0.015854830153324895 0.06361298298160159 -0.0003163561624595327 0.015857418134051834 0.9998742328018796 0.18086089248585913
2452 2468 0.9965610544307939 -0.08229111013808696 -0.009702134322453135 10.530104960332377 0.08229917951203977 0.9966079675415357 0.0005201461584229255 0.2271985528474307 0.009625952724480464 -0.0013169370926371118 0.9999528361951263 0.2288942305168368
2469 2487 0.8171846813713366 -0.5762467638717013 0.012208856694851236 9.904430189968421 0.576040211164903 0.8172479873611739 0.016816578581803666 3.430696855836115 -0.019667488600097916 -0.006708948015201502 0.999783971587608 0.03120969727590335
2488 2502 0.8745213789263938 -0.48440304285439395 0.023787632689440445 9.841740983851697 0.48483204431424126 0.8744296528951047 -0.017614987958703872 2.708851865614887 -0.012266906028398951 0.026938262238630852 0.9995617464590334 -0.030495100714279556
2503 2516 0.9343814793845743 -0.3562698374995331 -0.0017591255708493583 10.466161913247477 0.35619695096386805 0.9340668634887369 0.02533150926995053 2.7284624868339833 -0.007381269270522385 -0.024295429009703072 0.999677572661025 0.026422393052528026
2517 2528 0.997286380026539 -0.07361510381823502 0.00041553324087834325 10.524077198151081 0.07361631541909862 0.9972857776681736 -0.00148569431629763 0.441470202635727 -0.0003050957774979201 0.0015124434030769484 0.9999988116418106 0.07332113862250864
2529 2540 0.9989198192317719 0.04641980374054109 0.002008697704192406 10.412430869689304 -0.046422341003935 0.9989217194778676 0.0012583860713445906 -0.0345925932015457 -0.0019477647180898192 -0.0013500038283463251 0.9999971376684945 0.054444409367021177
2541 2552 0.9975980075300204 0.06877102474101698 0.008233782327673777 10.534350106672699 -0.06894402614920864 0.9973541926700826 0.023087989677370177 -0.34335027600613915 -0.0066238086054746055 -0.02360018998872735 0.9996995316827396 0.10314461654754407
2553 2564 0.9997583974739715 0.021898038974961367 -0.0017174476215434064 10.925378026838594 -0.02187940760395777 0.9997099307125148 0.01012126049454287 -0.0719018879583498 0.0019385035449615542 -0.010082065719110678 0.999947304527088 0.13859514013085628
2565 2575 0.999994085344086 -0.0034303302086071915 0.0007561236140592698 10.31925110351107 0.0034321747080588755 0.9999895459843801 -0.0031923412725464255 0.056646192657943774 -0.00074531331455165 0.003195127348998902 0.9999946968333293 0.0953229234388783
2576 2586 0.9999597099104294 -0.009037054452673074 -0.0008646257677744399 10.58624820115587 0.009044234202910102 0.9999158131163502 0.009307891823760305 0.1352906587664484 0.0007801265873127059 -0.00931475061073542 0.9999563321651546 0.17480732981794736
2587 2597 0.9999920830729723 0.0039502984964486666 0.001277053645703753 10.486449246714663 -0.003958497239249695 0.9999703937486921 0.006578020963189174 0.07027745317139904 -0.0012512067192236834 -0.006583259215981143 0.9999775453531765 0.16157656089322497
