1 106 0.12128632526384493 -0.9890999223345784 0.08349702244614927 -4.9124867565097 0.9924999247038894 0.1221303760093053 0.005065072141911789 -2.9380624474616517 -0.015206332104020897 0.08225783946848242 0.9964951853209791 0.2789491094573361
1 116 0.1360291686621078 -0.9873024547262679 0.08203957451248135 -4.86481046918433 0.9907009407672162 0.13577373400437373 -0.008691921046786951 -2.7571295328672 -0.0025569109112661094 0.08245981261630979 0.9965911818459661 0.2651083346313722
1 122 0.16111665395998337 -0.9830218441501442 0.08781033985555368 -4.700233468442031 0.9869109706417499 0.16108580593389862 -0.007466371064021369 -1.89419016127337 -0.006805007168464642 0.08786515905282362 0.9961092741111871 0.26308229925801724
1 127 0.15565827471664373 -0.9834716023336209 0.09249642176229464 -4.486946982056398 0.9877836470574479 0.15565928874339316 -0.007239810041228644 -0.6449224959205306 -0.007276528424592602 0.09249397342990374 0.9956866860708893 0.26034088142615175
1 132 0.13554152787812226 -0.9864332384870667 0.09261643508615965 -4.2791595605713875 0.990743273186347 0.13563403375205005 -0.0053185158497010086 0.9893138913179705 -0.007314197294551181 0.09248104144073023 0.9956875586713779 0.26149472213849906
1 137 0.12465201267262464 -0.9873448510091475 0.09804467385948198 -4.02531324185922 0.9921807237043875 0.12465276694938394 -0.0061244712434342825 2.8966132441403136 -0.006173558664448356 0.09804253123291433 0.9951631404461811 0.2637494493642711
1 142 0.10884257365573707 -0.9897915771144163 0.09200841691906982 -3.773354383569579 0.9940586643761178 0.10838840624875411 -0.009922001512953053 5.183769196516742 -0.00015073863544531402 0.09254224239439028 0.9957087202611867 0.2708522462780711
1 147 0.09764796538835616 -0.9915453111244495 0.08545941486928013 -3.5225236884043882 0.9952154706378603 0.09753502587970138 -0.005502575004504365 7.915353122590803 -0.0028779651397174014 0.08558918387826438 0.996326443607445 0.28405638785365867
981 1087 -0.5937250635440501 -0.8045188965950854 0.015505999391636867 9.542658627129285 0.8046458839332756 -0.593460373808851 0.018665324622477875 2.1581046359655907 -0.005812740488494778 0.023558862571587954 0.99970563324062 0.007096976932596809
981 1099 -0.6435438076007349 -0.7652826123153469 0.013934239098550188 9.328953620870562 0.765406908944146 -0.6433927470291941 0.014068561022995462 2.341268125409686 -0.0017990107928429848 0.01971935883686789 0.9998039262667938 0.018534199442354973
979 1105 -0.7726561537407372 -0.6347431977646849 0.010179227508252172 9.383902069958864 0.6347837652173646 -0.7723250668662655 0.02372629463285528 2.8934740758194843 -0.007196601321788591 0.02479361639372483 0.9996666209094422 0.04256194045190427
977 1111 -0.8894452068047637 -0.4570417087404767 -0.00024752439063268006 9.299281368109368 0.45698992633336627 -0.8893528894141512 0.014539386001885585 3.2027387029802363 -0.006863417503496242 0.012818993162473409 0.9998943035311171 0.0767051719855955
975 1117 -0.9690420661023061 -0.24682325117527418 -0.005920676607942486 9.117570784889118 0.24671311164863594 -0.9689719533532828 0.015073505051657436 3.329389909023166 -0.009455332714321144 0.013145225610489414 0.9998689091551369 0.07187952600034829
972 1123 -0.9984012503800268 -0.055507998649770914 -0.010722613737858494 9.321995657357313 0.05542103381850219 -0.9984279796916116 0.008368427550232831 3.104349995884205 -0.011169215822407189 0.007760416212002146 0.9999075487747673 0.07493748213089137
970 1128 -0.9954067083744899 0.09549253808033763 -0.00676688963285254 9.208564067877441 -0.0954321215563438 -0.9953961908627583 -0.008928160294716263 2.678394928728401 -0.0075871373302289 -0.008241702451626608 0.999937109063821 0.11423857895059879
967 1133 -0.9826230185261023 0.1855260779139677 -0.005672416657518314 9.41810123952909 -0.18544276852083313 -0.982572153716164 -0.01274361055845218 1.9200669076324477 -0.00793603290459148 -0.0114714299802481 0.9999027938663523 0.12008549152409673
963 1138 -0.9838067630149913 0.17919584607833086 -0.0035352876373081275 9.901581993326733 -0.17884277616807917 -0.9827853884097333 -0.04634677446121851 0.870521269629508 -0.011777554583299774 -0.04496555447223046 0.9989190981888195 0.096896861899009
1021 1143 -0.4322711427050844 -0.9013949585330878 -0.02508674995164749 -4.867515097411332 0.9015128454748268 -0.4326217951974232 0.010556958426939935 8.570557323831022 -0.020367338366433205 -0.018051842918734892 0.9996296270630607 0.003150843317694045
955 1148 -0.9994256972148383 0.019152767519681455 -0.027948879709483874 10.081057552278455 -0.017150434604430265 -0.9973841924774257 -0.07020689156185778 -0.5770348281621396 -0.02921890574802406 -0.06968845863868399 0.9971408056695338 0.16800346187316834
995 1153 -0.9988233698889588 0.031356516904896756 -0.036992283724952744 -9.54697954249147 -0.03215687387341037 -0.9992575283510007 0.021232636836652663 1.5737781608179446 -0.03629696760178793 0.022397510709241755 0.9990899508051624 -0.21350338882395983
987 1158 -0.9874258179545429 0.14930935135451326 -0.05193647068136825 -9.81235848400512 -0.1517536292080416 -0.9873085080543289 0.046824051363830665 0.22018001566423787 -0.0442838870002369 0.054116181288526896 0.9975521481204745 -0.29437813001359847
941 1163 -0.9980801938417307 -0.05870486175847987 -0.019729871893937132 9.694491175153118 0.05842061467344259 -0.9981850711598865 0.014637624642812557 -0.14401216364826797 -0.02055183975387002 0.013456143046948145 0.9996983098349483 0.12690621257070578
936 1168 -0.9994175501643959 -0.016883860751259118 -0.02967403328163865 9.526896509237496 0.01667710126612112 -0.9998357771257848 0.00719443704824906 0.13128296878096618 -0.02978893804619343 0.006694907786065418 0.9995337119419694 0.21866705176605425
963 1173 -0.9933835747147433 0.1132665226006332 -0.018982587290280607 -9.782479958765142 -0.11304813333710875 -0.9935145911573641 -0.012171328191106461 -1.0030977407316872 -0.020236212826212716 -0.009945479192697573 0.9997457460348991 -0.06666247709510331
956 1178 -0.9991156412660271 0.03315891824834314 -0.02584662639890985 -9.82959022676722 -0.03247899406650373 -0.9991278746722226 -0.02624686442481119 -0.42775105804435876 -0.026692788504789403 -0.025384618827428797 0.9993212222763477 -0.1487741238036639
920 1183 -0.9999293281203442 0.003992527032816186 -0.011248078425200128 9.453618049538923 -0.003961340995718681 -0.9999883538007336 -0.0027546782251255163 0.07299325316769227 -0.011257315460886515 -0.0027101090305357966 0.9999329649225882 0.11561984525092964
914 1188 -0.9989335590367325 0.021270999887195694 -0.040979781042168005 9.738204246833554 -0.02155790033175467 -0.9997460335637904 0.006561198708348991 0.10499264566643099 -0.040828190879675506 0.007436947197032676 0.9991384847253628 0.179290429741447
909 1193 -0.9992311095888169 0.037095406603751435 -0.012730837821723212 9.41713047420747 -0.03711110224141459 -0.999311398830263 0.0010076216445023707 0.10056021109318496 -0.012683952408840777 0.0014786442108650837 0.9999183882666931 0.07771015596997892
932 1198 -0.9987766863893185 0.031586962687852826 -0.038038688519356226 -9.982441125137141 -0.03075680596521068 -0.9992804901540069 -0.022213761959610515 -0.36949939555614447 -0.038711550706921595 -0.021017361255805563 0.9990293110920053 -0.253451865225797
897 1203 -0.9995292344495987 -0.02864940567266244 -0.010983362779899539 9.739653404281746 0.028960235159566836 -0.9991512207728905 -0.029259598161854125 -0.7176437643032658 -0.010133742107090437 -0.029564611498390257 0.9995114900086729 0.017977016772322874
921 1208 -0.999630334494458 0.002201137914102171 -0.027101467135988905 -9.578776294036878 -0.0012439528239365305 -0.9993761702737529 -0.035278802264523276 -0.32508778909121594 -0.027160205567935972 -0.035233339180585514 0.9990099943607205 -0.11406348631597496
916 1213 -0.99942872672819 -0.000540224652959075 -0.03380365783978069 -9.586121628760365 0.0013701921754175742 -0.9996981582032234 -0.024553672289834957 -0.314660283271448 -0.033778505872291406 -0.024586045748953497 0.999126751269355 -0.11718785793216657
877 1218 -0.701657656099905 -0.7116795612437469 -0.034476705059991945 8.620629922190322 0.7114611726570209 -0.7024303126437353 0.020363640761481585 -4.658930609001716 -0.03870850560283695 -0.010241255355921896 0.9991980411632958 0.14702531198189708
871 1223 -0.4586916105130348 -0.887796987146305 -0.03768271124278359 8.669672588230235 0.8881683323043338 -0.4593724042428086 0.011470739641543281 -4.900323493192361 -0.02749286657875375 -0.028206767168256347 0.9992240053984318 0.12224925364032059
904 1228 -0.9949804906476383 -0.09837408038905344 -0.018321369506151063 -9.79264038154863 0.0988531610707375 -0.9947232107538152 -0.027459799407675976 -0.2861095974632366 -0.01552243479402484 -0.02913351217451075 0.9994550086341889 -0.12688091637540183
866 1233 -0.04814887371895896 -0.9988062532710097 -0.008338281745788963 9.40299117451384 0.9988363499468632 -0.04816700143481057 0.0019338647751892789 -2.3297885998581087 -0.002331904142138432 -0.008235303374393968 0.9999632753852461 0.07245467280941609
897 1238 -0.8764381230721641 -0.4814652065678379 -0.0068894541851860416 -9.259084112810907 0.48144761604082076 -0.8759912182523127 -0.029090273517242967 1.6441601502510903 0.00797264850185769 -0.028813164029965598 0.9995530798636474 0.0926949939085645
867 1243 0.29997796241338476 -0.9539217082955237 -0.00691487557216434 9.676697375474408 0.9539418007329772 0.2999487054382706 0.004840765221032225 1.8095494891284103 -0.0025431225755761515 -0.008048716387429673 0.9999643214966653 0.15166272905814093
891 1248 -0.510665127671579 -0.8596396531744331 -0.015509503299282407 -7.83710374061932 0.8597630350045512 -0.510464141959917 -0.015237802163785572 5.662487446192646 0.005184089933102932 -0.02111588494125888 0.9997636165093252 0.0932654798839943
886 1253 -0.18167882636222368 -0.9828432953316787 -0.031837740271217385 -4.514691351551054 0.9833020198537312 -0.18191601912124197 0.0047092887317009054 8.691438478825466 -0.010418890776851352 -0.030449692949687475 0.9994820637763303 -0.0078075165417606065
473 1782 0.13203788764644214 0.9912167538378256 -0.007484342885624216 -2.0748474767965406 -0.9910478186011878 0.13186005958242494 -0.020868111772457672 9.49917730231749 -0.019696690378687785 0.010172084768353728 0.9997541208517852 0.030473373291503358
481 1787 0.5975416740173074 0.8018390331405056 0.00042338754937668727 -7.82863346294625 -0.8018381577405046 0.5975410627188791 0.00024023209332553263 5.476617398307888 -6.141245096808995e-05 -0.00048378270265580126 0.9999999157292347 -0.054763169423127186
459 1792 -0.1338674347569637 0.9907143392403516 -0.0237854050413851 9.691695869820702 -0.9909554605726868 -0.13404636551951102 -0.006071214301817837 -0.8002083343376616 -0.009202831682427678 0.022755659616743563 0.9996987052431177 0.14350451621007546
460 1797 0.1589358833232469 0.9865481534034399 -0.03825213693574633 9.215334367085287 -0.9871040402238913 0.15803997286351032 -0.025438450367765264 -3.50287631338843 -0.019050390900257536 0.0418011259737716 0.9989442727757275 0.17776412589330173
496 1802 0.9850594382773633 0.17217141790367035 -0.003915898017844279 -9.78108009322299 -0.1722104622558269 0.9849528820864322 -0.014583311533408397 0.3854815092861988 0.0013466837565416783 0.015039962042965371 0.9998859346180338 -0.07003732047553879
472 1807 0.89594464617891 0.44359589542189143 -0.02246204607261153 9.239628632491321 -0.44413082572369933 0.8953502139348483 -0.033124554664123514 -2.9180887147786185 0.005416986215190765 0.03965369050391463 0.9991988025614723 0.11339740524103412
505 1812 0.9985258736039303 0.05394677798125816 -0.00606068593996109 -9.60251073502328 -0.053957192691406274 0.998542675774556 -0.0016443696182627478 0.13860400246465648 0.005962566258000588 0.0019687122463447003 0.9999803677596242 -0.11629536638795104
485 1817 0.9999654149394603 0.0016001287228566284 0.008255262476838372 9.900941295609469 -0.0015399988671416266 0.9999713440468764 -0.007396523654280499 -0.09785927381434406 -0.008266634528475824 0.007383263081458617 0.9999385323981306 0.06952593220722099
491 1822 0.9993441079548839 -0.03539590714998463 0.0076789709351413205 9.928826116496117 0.035399906799184096 0.9993735337714376 -0.00042274966994487826 0.1633048373551357 -0.007659095058225059 0.0006942831926390147 0.9999704718064875 0.06430787655228747
497 1827 0.9990334911341913 -0.043039040489597405 0.008921185725378889 9.698438067401637 0.04300478607240045 0.9990676333978722 0.003959492132106022 0.2050017222262719 -0.009083040877125956 -0.003572335752569735 0.999952373735074 0.04691303664041782
524 1832 0.999965670983847 0.005635201475968091 0.006064416380732432 -9.428385956358603 -0.005616468734957001 0.9999804099119477 -0.003105682418637405 -0.1191954221895573 -0.006082263811311484 0.0030714537184344214 0.9999768709719591 -0.056463292340125926
508 1837 0.9995491440005797 -0.029768475800676077 0.003931500241446165 9.642418724386562 0.029763267763626113 0.999555704325877 0.0012011858921130737 0.11490927040888607 -0.003966097812777916 -0.0010836696886564225 0.9999915338289825 0.0770265984022554
513 1842 0.9997501147292156 -0.02227488594165763 -0.0019231339645529907 9.903185635789512 0.022279848815998874 0.9997470137381441 0.0030951546235752064 0.10791030445079211 0.0018534121363618197 -0.003137743533442626 0.9999933532451136 0.11823937549134692
519 1847 0.9998417778734111 -0.017750025847157954 0.00022426920488609326 9.106561684762017 0.017747717432304598 0.9998221529875738 0.006362239370665421 0.13389255998026123 -0.0003361767101293247 -0.006357992480241508 0.9999796543255913 0.13424932209485224
523 1852 0.9997611063165577 -0.01923993013422262 0.01035906499072755 9.902327268231645 0.019180390574141472 0.9997994477447232 0.005770755211626375 0.21121908209342083 -0.010467721704388706 -0.0055712705746898405 0.9999296714801399 0.10606855606806165
548 1857 0.9995214425723203 0.030443764528838714 0.005580869783015012 -9.756153925000227 -0.03043970006389181 0.9995357283646232 -0.0008028188258158249 0.0939108755166048 -0.0056029480570366184 0.0006327479019025037 0.9999841281951185 -0.04765948831806967
552 1862 0.9994246045508212 0.028922691338656964 0.01773330762445015 -9.292564219717706 -0.028833435939812673 0.9995702326831961 -0.005236812497306217 0.04277500967270013 -0.017877535498311455 0.004722119341186416 0.9998289970770714 -0.03387900410759604
557 1867 0.9987861564249941 0.047291445074731674 0.013776109952436956 -9.990074165894075 -0.04722430958022596 0.998870564935726 -0.0051646615003038444 0.001202677871574744 -0.014005123999584404 0.004507965885293258 0.9998917344982503 -0.07158650888757494
541 1872 0.996597798013407 0.08241287784992843 -0.0004457393799267232 9.563963208731275 -0.08240233905818287 0.9965345598728312 0.011359146932885474 -0.11395278372752263 0.0013803106367000215 -0.011283518979217838 0.9999353521471881 0.13192387473945855
564 1877 0.9591125938982331 0.28302225720273694 0.0009820224155862014 -9.813460474326378 -0.28301388582512715 0.9591028189726283 -0.005056968314332041 -0.9528491663815262 -0.0023731815279207486 0.004571845543378665 0.9999867383261811 -0.23178984911915762
567 1882 0.8679719781686556 0.4965976662213189 -0.004003453464315816 -9.916502253061386 -0.496545885089952 0.867958621705381 0.009437783769834106 -2.246601408460737 0.008161846840071527 -0.006203725960870681 0.9999474113628478 -0.19727957541637517
551 1887 0.7327220067436625 0.680353513242325 0.015419788980273285 8.611354765704158 -0.6805154943983709 0.7326578817866217 0.010598174135017065 -4.096993318533245 -0.004086166266142283 -0.018259225350902745 0.9998248576628297 0.08260772270813424
555 1892 0.5273268933585459 0.8496618613260063 0.0012301843101991576 6.446703352769062 -0.8496609167602652 0.5273273026095072 0.0005625348977369005 -6.655522501494438 -0.0001706778895400604 -0.001342533138295679 0.9999991526003047 0.06772812642798479
561 1897 0.3109740684118606 0.9504062273133461 0.004850076727200368 1.550843241826853 -0.9501939292079609 0.3110072498845992 -0.02011036464575786 -9.65175503629525 -0.02062132370169326 0.0016439279424004618 0.999786010683305 -0.0942663348565615
241 2208 0.20728327897371582 -0.9782120915277839 0.011674396042973913 -3.1970414153997453 0.9779796057087851 0.20749979537198743 0.0223109209268316 -9.503451991622505 -0.024247063314093348 0.006793313962341148 0.9996829623941825 -0.03478133761504566
247 2213 0.5074499352873418 -0.8615032731928326 0.017548548021481286 -7.708136504127573 0.861625717948585 0.5075421022910165 0.0009579375509646659 -6.455716134380058 -0.009731241043796817 0.014635415748177175 0.9998455668098835 -0.11490889656382547
250 2218 0.5535735107162071 -0.8325400554554013 0.020833232606058065 -8.828727304435072 0.8327893630714365 0.5532714843580316 -0.018724562665238666 -4.321219802110585 0.004063069229925087 0.02771603305534688 0.9996075787047765 -0.1448654274654947
252 2223 0.44902040989699055 -0.893470962709522 0.009664570231583122 -9.44478305346898 0.8934228415292379 0.4487838981471615 -0.019678470760231725 -2.482391463840097 0.013245567149242677 0.01747095280789984 0.9997596250379491 -0.15497138082127837
253 2228 0.21100396744786254 -0.9774453350931938 -0.008893538353563305 -9.760714500382154 0.9773216874198875 0.21112495823014335 -0.016323914515728847 -0.8375924619912052 0.017834215329401663 -0.005246424082497561 0.9998271821493763 -0.17139404937241626
253 2233 -0.1355840525318076 -0.9907312792021461 -0.00828021977924685 -9.939928410190547 0.9907504986772374 -0.13562457280428394 0.004418568645526114 0.5960609999945718 -0.00549932762226088 -0.007603606032670547 0.9999559953335176 -0.13843880685695256
219 2238 -0.9418176510383847 0.33271575102578604 -0.047742177902530505 8.988477605492315 -0.3339977985064921 -0.9423210950768075 0.021796806043850998 3.7804477146934437 -0.037734771086237774 0.0364737770272203 0.9986219231755316 0.07329060731481465
217 2243 -0.7359122567137539 0.6750418472259905 -0.052469443447879925 9.032725888279806 -0.676602515259243 -0.7360843370926415 0.019693154713138487 3.3381673683175603 -0.02532682029658735 0.049991896434382725 0.9984283116585524 0.05763771355260331
215 2248 -0.3965234080643946 0.917345450854244 -0.03531753542784905 9.611580545386973 -0.9179931265633529 -0.3958949446415411 0.023552072777798066 2.573483489359645 0.007623895484635834 0.041759289833655906 0.9990985573360013 0.08606943723761916
245 2253 -0.984026759534404 0.1775711815364193 -0.01263841202689991 -10.069259172984097 -0.1777889257892721 -0.9838858453029812 0.018976125348934645 1.2582739718063838 -0.009063869957156549 0.020919398114651398 0.999739954346778 -0.08550352541190921
243 2258 -0.8185490856743575 0.5729948245829584 -0.040689141553733967 -10.06765364358632 -0.57384480647708 -0.818865644656377 0.012642031647653585 -0.2094294662553137 -0.026073851249505318 0.03369568668478715 0.9990920113546384 -0.18548492887856427
217 2263 0.598637001171774 0.8007933569286894 -0.019130878312272347 9.596630422335537 -0.8010191761014944 0.5984335264854631 -0.01563901836888158 -2.0016112269580333 -0.0010753274051513498 0.024685297870244986 0.9996946274361924 0.14864702737059227
240 2268 -0.09474381496369522 0.9948023323060076 -0.03732817496745633 -8.971415149709753 -0.9954966318623378 -0.09479117759131686 0.00048034128830048636 -4.342977071059825 -0.003060119888810832 0.03720497302365955 0.9993030200766961 -0.12260063580380504
223 2273 0.8530317629642638 0.5210399008871821 -0.029239119212799813 7.879353934483725 -0.5215843000269167 0.853061794941324 -0.01535805335404104 -6.123970599800262 0.016941269085281038 0.028351046626682523 0.9994544978274857 0.17297241602226893
232 2278 0.6522893963831919 0.7578957397505257 -0.010631363234164616 0.6913862284514983 -0.7579688862817993 0.6522251834870263 -0.00922086851176489 -9.891057574361152 -5.461933020137624e-05 0.014071865017832214 0.999900970992428 0.07536704656520513
2187 2287 -0.9998470885738224 0.0015106050404552812 -0.017431696343138084 9.311911124053003 -0.0021778770414204477 -0.9992630123603443 0.03833516022269583 2.159705395547782 -0.017358808696645307 0.038367121903464266 0.9991129197618813 0.11598373242475365
2182 2292 -0.9995463799981033 -0.018464022300422486 -0.023806310948255093 9.109776836219766 0.017109382773472907 -0.9982894660386891 0.05589812429691822 2.0191578486444772 -0.024796261196972928 0.055464865990788745 0.9981526029854143 0.0778461914863385
2176 2297 -0.9997353540261577 -0.0177325019987643 -0.01463326566226585 9.472173291889256 0.017068405631276918 -0.998870195662897 0.044346549777191734 2.0907067087081264 -0.015401608299588794 0.04408473994211798 0.9989089626200374 0.05796779520780956
2170 2302 -0.9993025767262186 -0.02149365677743562 -0.030528674980289338 9.682849789305507 0.019931253671323163 -0.9985200471492481 0.05059467159982794 2.2435467844043546 -0.03156979723269213 0.049949947190431485 0.9982526134878288 0.09827825010926097
2188 2307 -0.9996345857828551 0.0037834421912623425 -0.026741547779684172 -8.97548977762655 -0.004160154077322771 -0.9998927945969938 0.014036687117852862 1.9697448006935196 -0.026683859732741493 0.014142801033220903 0.9995438474169657 -0.18117628005778524
2159 2312 -0.9997424804345036 -0.004781071284796726 -0.022164940965449645 9.51177892701578 0.004107142702195517 -0.9995304082735443 0.030363613200249998 2.5836852040529834 -0.022298036420306682 0.0302638514352167 0.9992930900196038 0.04606182926149301
2176 2317 -0.998896032792827 -0.03650766050794577 -0.029566729035172257 -9.176843204181035 0.03590423621760903 -0.99914107505014 0.020680270644250667 2.4942359820737283 -0.030295045241832786 0.01959510895341684 0.9993488168185103 -0.1715164284341223
2148 2322 -0.9997785462820855 -0.004918017897597417 -0.02042852921952449 9.156264126078716 0.004372779455713788 -0.999634426374929 0.026685552491946096 2.5828386203693445 -0.02055036913906301 0.026588945871660982 0.9994351627434868 0.033173491505333406
2165 2327 -0.9994887770578974 -0.01128438157884427 -0.029911478772567005 -9.138353412023733 0.010221248319657568 -0.9993185030127218 0.03546133159602932 2.6421262056677213 -0.030288981934792788 0.03513682429720198 0.9989233571360706 -0.19779152600145727
2136 2332 -0.9998019286022735 0.0012708859700464566 -0.0198629868118665 9.145241679630544 -0.002007289997151513 -0.9993129326264233 0.03702219685539502 2.6359971408402747 -0.019800551186000378 0.037054049819481225 0.9991171089677683 0.02385850949952682
2154 2337 -0.9996945070353795 0.0018857342434339705 -0.024629560756985774 -9.289479728671571 -0.002600531409146228 -0.9995756559660144 0.02902568660141646 2.488002859382 -0.02456303623504317 0.02908040740048296 0.9992751480767543 -0.15416672046184784
2148 2342 -0.9997138558255533 0.00040391857954641435 -0.023921296843044264 -9.201159688268557 -0.0011164360513497556 -0.999554530481395 0.02981502271087544 2.521499553398245 -0.023896721558221402 0.029832508203510633 0.9992692503208297 -0.15449563374207143
2115 2347 -0.991945980582468 -0.12546761570604054 -0.017318078813442862 9.578338126906086 0.12491472290492203 -0.991714010384456 0.030011081642351438 1.732424782721735 -0.02093821809619801 0.027605281649793693 0.9993995259593952 0.04512089059663144
2107 2352 -0.9404307224453714 -0.3398996117128806 -0.007520230670345113 9.634608442529139 0.33953925185069606 -0.9401047547866014 0.030264788884600467 0.5613211757986483 -0.01735458993088328 0.025908779127263998 0.9995136060266968 0.05353739488733474
2097 2357 -0.7190941463967236 -0.6949088045809929 0.002430129180103639 9.786186141485011 0.6948829315816681 -0.7190281787863665 0.011630302458882927 -1.2131422351129224 -0.006333523628825928 0.010052317505099554 0.9999294169180835 0.008924908976692644
2089 2362 -0.4676764236405055 -0.8838585754722633 -0.008582157726423812 9.652434918628877 0.8834635936785331 -0.46772921633322306 0.02687948674083588 -0.33879653501991325 -0.02776972083248154 0.004990030905385068 0.9996018281224313 0.15431163089914798
2084 2367 -0.30585321671843513 -0.9520400836854529 -0.008643647053805064 9.694550841337168 0.9516587573056344 -0.3059747619779128 0.02690364470768772 2.4476746103973475 -0.02825693768046973 3.308305949198898e-06 0.9996006663848955 0.06518197545091714
2102 2372 -0.8462148355327974 -0.5325986024405343 -0.016096429957677048 -4.863202162242252 0.532315065495806 -0.8463361395991603 0.018866152829326736 8.809267386926166 -0.02367009384372978 0.0073962945699844514 0.9996924778490408 -0.09321049362669737
654 2654 0.7363483096901318 -0.6764862970878349 -0.012514944452508005 -3.7289982692866612 0.6766015235022099 0.7362366098261599 0.012848148576604199 -9.134433095718112 0.0005231517563679343 -0.0179279212292373 0.9998390170657809 -0.07221967984561559
665 2659 0.96683951530084 -0.2551985575765368 0.00974302390853678 -8.937244418813458 0.2553179874810251 0.9667551377124913 -0.014050203514756977 -4.083736666520433 -0.005833413220269564 0.016071797212927605 0.9998538763989354 -0.040526530146418695
641 2664 0.1882422470933581 -0.9820945666751358 0.007541685463458534 9.701181361174598 0.9813177808526399 0.1883920203525688 0.03902425049828575 1.8611822183008604 -0.0397453915635063 5.5667822703289534e-05 0.9992098799951201 0.003928989981474109
647 2669 0.39827719308242504 -0.9172343716203682 -0.007649909002956862 9.059417056888952 0.9172162129800165 0.39815578209921754 0.013573432157122632 4.183902972346527 -0.009403921516431385 -0.012421974243988646 0.9998786046046835 0.10149644921340457
657 2674 0.7969638232221506 -0.60400921578003 -0.004700085540715899 9.323992398330104 0.6039028912385508 0.7966195217550348 0.026436864791900317 2.986382798515857 -0.012222857767377287 -0.023907785552056977 0.9996393446336591 0.07580867004815425
691 2679 0.997050101276698 -0.07660451322835303 -0.00489165008834299 -9.472757650519858 0.07666199040035578 0.9969744638255605 0.012857091075049705 -0.3396421617426127 0.0038912154548409517 -0.013194087128794248 0.9999054619656836 -0.15588113459083516
697 2684 0.9990322862396716 -0.04377100713930803 -0.004211624714558654 -9.474116528282249 0.04388545815376081 0.9985005032831069 0.03269556688274298 0.20370358857974785 0.0027748289229096645 -0.03284818775637448 0.9994564588211154 -0.1186363239786404
679 2689 0.9987745753138387 -0.04864290565360381 0.009054016631725588 9.714040433172654 0.04859874641030323 0.9988050785185844 0.005010903354323192 0.33054259588499146 -0.009286786342757593 -0.004565146343529664 0.9999464417200683 0.09757621258973743
685 2694 0.99771768089549 -0.0672940552892724 0.00565377903828871 9.811442775265553 0.06731505542307711 0.9977247412895542 -0.0038404924271240016 0.7053148943358769 -0.00538309165621223 0.004212460105710421 0.9999766962618174 0.0976291542195579
714 2699 0.9998621092115387 -0.015572416307083139 0.005727123718096201 -9.84829366515072 0.015288366878164756 0.9987950868684784 0.04662525831782073 1.0323226330994009 -0.00644596536395238 -0.04653061693681441 0.9988960863187126 -0.16068115915920483
697 2704 0.9973752401894729 -0.07239113454586625 -0.0015174428076632773 9.722883353240517 0.07240037363912478 0.9967861199333108 0.03428051161220861 1.3085727933455664 -0.0009683863637992706 -0.03430027853738673 0.9994110395560744 0.10308416310585977
724 2709 0.9999775847975445 -0.006578328195391185 0.0016361820346571217 -9.496592738489822 0.006453285436309997 0.9977386825163506 0.06689815067696721 1.4257432737708893 -0.0020723384906660655 -0.0668857314936086 0.9977584236329927 -0.14269000611630686
708 2714 0.9993624414142467 -0.03564061596836258 0.0022714251468487195 9.672718442075304 0.03540686780140404 0.9971012430230338 0.06733854777330207 1.6930884767468253 -0.004664952179685592 -0.0672152783851166 0.9977276320629569 0.06539870326316097
713 2719 0.9999874687781609 -0.0014167002437511017 0.004702599674373418 9.7947678783942 0.0009974809563525798 0.9961238270873845 0.08794790469712936 1.6767940208652516 -0.004808386254695453 -0.08794182899632937 0.9961140312672578 0.03482043920101591
739 2724 0.9994810470341849 0.031850314431529914 -0.0047580426817225956 -9.120084365833039 -0.031516107397623117 0.9977775254318231 0.058714122778599685 1.170082666690333 0.006617991962251349 -0.05853357212275352 0.9982635393659741 -0.14647096835700105
745 2729 0.9994441510280917 0.03291282700079486 0.00526981833679441 -9.809078584524924 -0.03308940697485891 0.9987230296069146 0.038174448754956736 1.0156236996474621 -0.004006843932878872 -0.038328584335104714 0.9992571038595489 -0.137031521788846
750 2734 0.9995761032560235 0.02905471138873741 0.0018126704198240143 -9.649839484701056 -0.029095946415989553 0.9991070168678843 0.03063155567597644 0.9132982849509518 -0.0009214098656997713 -0.030670564119421966 0.9995292145451228 -0.11319356520133121
755 2739 0.9997408736679936 0.02269117841419836 -0.0018961208307990802 -9.488144144415726 -0.022657895942835467 0.9996095256565887 0.016362828026347156 0.799899081343676 0.002266877249423811 -0.016315747799218995 0.9998643380312322 -0.1548219619290064
738 2744 0.9998394138172357 0.01790247644852269 0.00031707355225712915 9.952021287053121 -0.017905212868341874 0.9996045406043265 0.02168505989264656 0.8310806249084154 7.145202723991354e-05 -0.021687453474153465 0.999764767828227 0.12973130460791615
743 2749 0.998557375665589 0.053426911371418105 0.00538372868113708 9.639342131821827 -0.05355838002124302 0.9981699062998867 0.02806626467844676 0.7281767699902164 -0.00387376839042761 -0.02831356889196529 0.9995914615682249 0.14776049578111825
747 2754 0.9834524546605876 0.18062925666063165 0.013984201633367586 9.739729023166673 -0.1808944978873463 0.9832808404652196 0.020903611879701075 0.2431683862668901 -0.009974799757887202 -0.02308729043751405 0.9996836235106817 0.13734204592136698
773 2759 0.9176383587217072 0.39741566542547513 0.0007427473766674836 -10.02677910227711 -0.3973272605253337 0.9174720927797747 -0.019407449164234158 -1.0113062392633023 -0.008394169758976354 0.017513207876659366 0.9998113635133905 -0.21051942762069262
754 2764 0.7685289986165291 0.6398097494416235 0.002450370939771597 9.221226360470794 -0.6397691296406435 0.768515803457849 -0.00886253287517765 -2.6076946880366245 -0.007553299809819526 0.005242468441148525 0.9999576678086523 0.09307625018327247
757 2769 0.5603527498338897 0.8281573826593556 -0.012623067595730317 8.495211606962089 -0.8282534608139708 0.5602773470999746 -0.00922704419638192 -4.944411400604285 -0.0005686159588281878 0.015623993392724382 0.99987782740111 0.13326210085844653
775 2774 0.33527894710474115 0.9420101495724033 0.014326794330683694 -6.196563869166506 -0.9409494433080325 0.3355816748312399 -0.04470674059713429 -7.9216011916040365 -0.046921699715542574 0.0015075856993666703 0.9988973123144289 -0.32226095380715736
3082 3183 -0.967626359386532 0.25120368289719486 -0.02441365237922754 9.504188347563193 -0.2512352369467469 -0.9679234183689607 -0.0018180084489864184 0.5723999506556474 -0.024085948583083293 0.004374070893711661 0.9997003297033 0.20365288881569718
3078 3188 -0.9780819883552079 0.206763938000966 -0.024580175901707958 9.359211841530215 -0.20691985273987343 -0.978349279475455 0.003944350423602029 0.1848413485506697 -0.02323163904625424 0.008943106555463418 0.9996901304795568 0.17283922719618772
3073 3193 -0.989191093128333 0.14358960540580012 -0.029699686981487255 9.684614275788812 -0.14371235293084128 -0.9896168251920819 0.002043045704226044 0.25183020375002635 -0.02909631044341984 0.006287826732399625 0.9995569131760017 0.18802834585123937
3069 3198 -0.994925378450148 0.09809057624510932 -0.02242104642134619 9.443902089413115 -0.09817532999507395 -0.9951655937938311 0.0027222272862588263 0.4086870756045047 -0.022043444086192743 0.004908973123652788 0.9997449601802068 0.15636916081155736
3093 3203 -0.9875056410009831 0.15566045023603706 -0.024534034866281744 -9.569078744349156 -0.1541435287364832 -0.9865273540104468 -0.05480677176774676 -2.0960376975083905 -0.03273345922750531 -0.0503410142825076 0.9981955562892076 -0.24226417731258912
3060 3208 -0.997963949920153 0.05827372579952252 -0.025922050423587462 9.698058414042258 -0.057954659871611 -0.9982358036130182 -0.012891456809757743 0.36472105814291433 -0.026625229616767304 -0.011363273203358016 0.9995809060938315 0.1482594716288516
3080 3213 -0.9886973420932883 -0.1465705148108698 -0.03155827499301704 -9.511450591468577 0.1472097500274211 -0.9889226929597595 -0.01900933951415586 0.6202504279323486 -0.02842051826511814 -0.02344080440785163 0.9993211295857954 -0.1855622122298834
3051 3218 -0.9983464578555933 0.05299232921483095 -0.022307073645946723 9.696605516161043 -0.05298478421512451 -0.9985955895954155 -0.0009769007297133188 0.35882198627819617 -0.02232574407149142 0.00020607694487322778 0.9997506689946681 0.1251663744827807
3069 3223 -0.997992621265835 -0.05707525612332104 -0.027441933881907337 -9.422831420624808 0.05723661771197668 -0.9983473091694414 -0.0051676451581799026 0.3189739464468108 -0.027099897618410362 -0.006728500683856096 0.9996101403286917 -0.16798713454541156
3064 3228 -0.998766018673571 -0.04007184216214949 -0.029366995499207415 -9.386612323773887 0.04047150496197842 -0.999094527925854 -0.013128451855695807 0.1548620703800095 -0.02881302410050237 -0.014300904328997137 0.9994825302578542 -0.11737739897601752
3037 3233 -0.9942048080256409 0.10594453556969789 -0.018262563222961676 9.641442482111678 -0.10589607271153212 -0.9943707866447421 -0.0035710011767336393 0.7394541994433748 -0.018537273727159097 -0.0016167758074587119 0.9998269013174417 0.122654930714755
3032 3238 -0.9938797065221103 0.10807753399684275 -0.022864849462555473 9.86377122436265 -0.10780922126587354 -0.9940910405747065 -0.012628662657394199 0.686200738647546 -0.02409290320558868 -0.01008694595167967 0.9996589169029658 0.12444435414253961
3027 3243 -0.9973566147924191 0.06841721895158771 -0.02448169858177027 9.899599766193367 -0.06804506161319056 -0.9975573487572059 -0.015757111707962613 0.4786075562068007 -0.02549793427154533 -0.014050728693949502 0.9995761316897592 0.13748362720785434
3044 3248 -0.9906874789744687 -0.13343349163531332 -0.027067617904689922 -9.689899498300585 0.13376013187789265 -0.9909562713373917 -0.01065540795999602 0.7213019978783509 -0.02539893613365204 -0.014177385705034724 0.9995769087541913 -0.12803785827433792
3039 3253 -0.9929786306279477 -0.11472245287460385 -0.028849570181045208 -9.55357951120174 0.11482404246668898 -0.993384747856945 -0.0018577441735824695 0.7724397465311839 -0.02844359251159142 -0.005157738766957978 0.9995820577645214 -0.1499872167238841
3034 3258 -0.9971113800597631 -0.0698330394048361 -0.029891044424634076 -9.356944108196197 0.06963076632939555 -0.9975437555794084 0.007728511568505888 0.7874313834018849 -0.030356152928924296 0.005624648540178031 0.9995233206524142 -0.15540694786223325
3029 3263 -0.9990484529941812 -0.03421756274051246 -0.027072286493389594 -9.272547824876508 0.03402181141662662 -0.9993927247510006 0.00765447032527866 0.7879768245139884 -0.027316069355595992 0.006724997842497301 0.9996043494243336 -0.11216417358178245
3024 3268 -0.9994338326662588 -0.01032680880884837 -0.032041239306314584 -9.223503488963233 0.010038271884888657 -0.9999078146403028 0.009130764899090782 0.7863648499866386 -0.032130839891066236 0.008803768997390118 0.9994449273556568 -0.12890522477641125
2998 3273 -0.9994485193303921 -0.019544590433190363 -0.026850548057848207 9.205072252875356 0.019219815382829925 -0.9997402763706557 0.01224662431618011 0.9197874322145163 -0.02708154740613041 0.01172294545245981 0.9995645337095004 0.10459831449801167
3015 3278 -0.9994508963311258 0.014426305771969768 -0.02980799485969503 -9.803051957937988 -0.014841530425286416 -0.9997950775291328 0.01376852775031793 0.8025461692989124 -0.029601303538546387 0.014203036757066342 0.9994608799304621 -0.14635723454993815
2988 3283 -0.9996822105774261 -0.002774992068601188 -0.0250701197551509 9.506490614839215 0.002527711371433888 -0.9999488272102776 0.009869433959250376 0.8718314296999177 -0.02509460883990794 0.00980290349859349 0.9996369144467047 0.0905003213473165
2983 3288 -0.9997734813703394 0.0025693827906673886 -0.021106044920463862 9.574175572002714 -0.002853802478437197 -0.9999052601024804 0.013470952917420826 0.8373892140125425 -0.021067746938234797 0.013526921446191052 0.9996866105196707 0.04510554983402466
2978 3293 -0.999598757858536 0.010216400855789473 -0.026425694339821584 9.766577822533984 -0.01037660543532999 -0.9999279998399618 0.005921196997948379 0.7934392381309322 -0.026362236088116792 0.006192254767250596 0.9996332329848486 0.06641915337296055
2974 3298 -0.9993281154593512 0.007013583996481776 -0.035990291218046346 9.454332581300314 -0.006843935306537383 -0.999964640105957 -0.004812671535176348 0.7641166872814803 -0.03602150967089557 -0.004563777414251542 0.9993405204709608 0.1211325026105871
2996 3303 -0.9994304994971852 -0.011874355357965558 -0.03160166079131617 -9.775696662197706 0.011963917575877527 -0.9999250122936234 -0.002646150187066673 0.6560688730006801 -0.031566247270578 -0.0030231822341664346 0.9994970143430687 -0.10107754351069939
2964 3308 -0.9970256209910642 -0.07704540297048544 0.0020373618032838822 9.930617745102042 0.07707021290559422 -0.996853733414798 0.018533549188818926 1.1476412671027965 0.0006045031643229018 0.01863556029420818 0.9998262164335279 -0.18467700961971495
2991 3313 -0.9819246064854159 -0.18734659494405353 -0.026935402135295942 -9.901748872170636 0.18678316141118423 -0.9821514700531618 0.022122832080239574 1.2252120307655145 -0.03059748873320477 0.01669116600569248 0.9993922837410719 -0.1010410747154396
2954 3318 -0.9534926677757432 -0.300756283104368 0.019890297491096828 9.5517994693951 0.301363179739048 -0.9524628874375832 0.044661955778679624 2.228843797937917 0.005514558029016119 0.048578893039345344 0.9988040850587 -0.22771334911898503
2949 3323 -0.8833322236040911 -0.467143247953475 0.038734211879346815 9.474582520236684 0.4685586074237626 -0.8822967067243631 0.044783083254529545 3.2106218722430495 0.01325648500025722 0.05770751000470625 0.9982454623514927 -0.15373721171105234
2983 3328 -0.7402759038397102 -0.6722772147527153 0.005946458941927087 -8.703005265068382 0.6720831982256102 -0.7397801797624931 0.03208426122134724 4.221249810606519 -0.01716802599903357 0.027747588798173572 0.9994675220726089 -0.07036079053028105
2945 3333 -0.6202811355785189 -0.7843780603284345 -0.0018768915794259743 7.515595941402299 0.7841363057780703 -0.6201491644462732 0.023367673253106465 6.354360342161981 -0.01949107584117026 0.013022398078393662 0.9997251049664487 -0.030229997094895236
2949 3338 -0.46087262650595207 -0.8867728873438445 -0.03509746982668595 4.6096512891483075 0.8871945962571 -0.4613500614632222 0.006487360845749462 8.662208093638698 -0.021944509744881692 -0.028148144177680464 0.9993629586959204 -0.15740263622296163
1359 3684 0.13665638207377953 -0.990566894524779 -0.01018919999962908 2.012030163517427 0.9905425543227853 0.13651114622547578 0.013764592345827775 -9.773148678485919 -0.012242187777380323 -0.011973420178988938 0.9998533016185152 -0.009606761706762368
1372 3689 0.46611854454240775 -0.8847115278393458 0.004499233720663092 -8.607879328693164 0.8844899176679286 0.46610580109567284 0.02052912988817596 -4.776123282778794 -0.02025867019042591 -0.005588871715153996 0.9997790904971189 -0.06045862646636547
1375 3694 0.3388009105509732 -0.9408575171051852 0.0010926906995240135 -9.570423859919053 0.9408388517566281 0.3388004376142133 0.0059011097759425046 -0.6980340035111744 -0.005920903195730489 -0.0009706852109539047 0.9999819329518076 -0.07792983136078033
1376 3699 0.09738676513314214 -0.9952472466972498 0.00064016618928012 -9.460580869273652 0.9952299129689334 0.09738680078933175 0.005635539442286469 2.598406673846531 -0.005669375259330479 8.798462179768604e-05 0.9999838102687761 -0.043537543391796975
1338 3704 -0.933594771277939 -0.35746772322999937 -0.024877777611306662 9.819161428704465 0.3556655338913365 -0.9328640303760611 0.05715068255619804 0.8268184058960598 -0.04363502464827781 0.04450757895574215 0.9980555793063561 0.1337064936497808
