4972 5072 0.5566606047270417 0.8303362359589127 -0.02592473056650186 8.537974852336289 -0.8307276538624209 0.5562146698711817 -0.022714980875334162 -4.140111540761415 -0.004440890673395993 0.034180537466495325 0.9994057286976453 0.058517981881084785
4973 5077 0.392535989167417 0.9195074292891933 -0.020573925880849258 8.424094128684256 -0.9196329409688991 0.3920601288897917 -0.02371646900416995 -4.801776332585116 -0.013740906180579654 0.02822979556037533 0.9995069208810908 0.03056982195085655
4975 5082 0.17234729762275713 0.9849686579519764 -0.011525233637150691 7.853795459685284 -0.9847667369363156 0.17201686037521272 -0.025360763668063484 -5.641987334596256 -0.022995985060167576 0.01572018421636113 0.9996118284327005 -0.007073895745242772
4978 5087 -0.04603961909309792 0.9989395993498081 0.0013268630115903209 6.958740995450906 -0.998380947210423 -0.045969092913442755 -0.03346855653692574 -6.676009450738932 -0.033370921049668184 -0.0028675300380924043 0.9994388397024482 -0.007222284346557533
4983 5092 -0.16442052490866504 0.9863460693542058 0.009453103777533918 5.842231245564897 -0.9857467431144441 -0.16395963620039133 -0.03765928947337036 -7.8341340817965675 -0.03559417170176779 -0.015511121726373875 0.9992458756674997 -0.023550231036965692
5549 5649 -0.91058684792371 0.41250778106794134 -0.02589409627711467 6.6786394232338315 -0.4125287499424288 -0.9109324835371492 -0.004721492841020017 7.03555976867352 -0.02553440262122294 0.006381594740383227 0.9996535332688519 0.11594853192981976
5544 5654 -0.8936767825379979 0.4474488500125903 -0.033657001609348626 8.0855843200589 -0.4481278492526513 -0.8938243473421809 0.01605782429713719 5.619066377386611 -0.022896708959750156 0.02943187865969515 0.9993045232201262 0.0912237094020735
5540 5659 -0.9255736624936799 0.3781872702471818 -0.016982236915597963 8.918970802965266 -0.37833692832117716 -0.9256446909162307 0.00662035228866002 4.214180287682334 -0.013215054258472806 0.012551016868847712 0.9998338547223456 0.04328390125437956
5536 5664 -0.9680522726556333 0.2505113003991215 -0.010921357485811137 9.551032098014597 -0.25065182274110426 -0.9679718570362319 0.014301056021133421 3.073044820536144 -0.006987439575986845 0.016580752704965344 0.9998381322970337 0.028034920952977334
5569 5669 -0.8717933514269063 0.48926554300897135 -0.024449153369601708 -9.297513753968179 -0.4896008414632988 -0.8718881683015888 0.010039392469951036 2.241690601694026 -0.016403466498801672 0.020721986019870985 0.9996506951574271 -0.19654798199738116
5562 5674 -0.905268641220243 0.42377726980194574 -0.030017071259974607 -9.467568777086974 -0.42389972292669637 -0.9057060952766367 -0.0024199729699967225 1.313516292863213 -0.028210891578982183 0.010533140810632724 0.9995463949557553 -0.19799265313344136
5555 5679 -0.9378451476016048 0.34568063976998853 -0.030864164391163657 -9.613268848168175 -0.34515863411677683 -0.9383076027280717 -0.02105434344275688 0.6105201637656156 -0.0362365993458623 -0.0090935293312274 0.9993017532756587 -0.1739571370247387
5521 5684 -0.9936905028566669 -0.10923657321308414 -0.02542230864273171 9.925601753333009 0.10938790034301281 -0.9939884585924226 -0.0046429038311385255 0.47783644128614794 -0.024760687914735343 -0.007395772970170069 0.9996661449530387 0.14300997936205886
5543 5689 -0.9838464541011119 0.17230646385732107 -0.04854174184287385 -9.589260501582503 -0.1717420894752669 -0.98501808318577 -0.015573540147721486 0.37005072660482535 -0.05049608123917485 -0.006986417336088947 0.9986997487503175 -0.23057514317415725
5514 5694 -0.9845790491132793 -0.17307920600954516 -0.025445821271444794 9.892866927664489 0.17286876384973635 -0.9848914170349558 0.010268918959174164 0.6256738748234991 -0.026836685194880652 0.005711333566608015 0.999623380986176 0.1264676943435919
5534 5699 -0.9925363095999814 0.11495884067106872 -0.04071636535243717 -9.556706793039817 -0.11537459513236822 -0.9932898750614704 0.008032936859297266 0.5644138662862411 -0.03951844788766317 0.012670961034638934 0.9991384366952171 -0.21055678862370283
5530 5704 -0.9950812512806013 0.09522048666620714 -0.027312287936076624 -9.65926724461458 -0.09567670061112285 -0.9952852283822852 0.015918846823390325 0.7560989982208645 -0.025666269949199884 0.018452974875484533 0.999500270393561 -0.13865666407761534
5505 5709 -0.9938761501715198 -0.10887672207602907 -0.018832829088257983 9.210142918761045 0.10835909574710076 -0.9937541461105092 0.026658768030065984 1.4049351134439498 -0.021616169104507702 0.024454581489197335 0.9994671291238071 0.09266907221482727
5501 5714 -0.9975061788680529 -0.06756015417891893 -0.020439518030113814 9.960630312590872 0.06680424470146822 -0.9971305067365579 0.03561055873200552 1.6340410090130226 -0.02278465611421003 0.034156360071092566 0.9991567964626116 0.07500213550139925
5517 5719 -0.9971902300474462 0.05981267521060396 -0.04508983818720039 -9.19785983181098 -0.06064769565482422 -0.9980074747720147 0.01737486343097175 1.3916668441026654 -0.043958437998788666 0.020059257475889644 0.9988317925192193 -0.2650995953126723
5494 5724 -0.9994002079324916 -0.030921428370942527 -0.015606096425253737 9.27320797555415 0.030721992011347475 -0.9994447064964315 0.012875922474595904 1.8142329007054245 -0.015993796587423826 0.01238769605459571 0.9997954136894546 0.07034207544552151
5509 5729 -0.9996499778940733 -0.004387731164203575 -0.026092572905219134 -9.130038066082705 0.004191067139365575 -0.9999617916063318 0.0076132362982360485 1.6779021605817166 -0.02612365208175505 0.0075005913239229016 0.9996305674168386 -0.11828482342154867
5505 5734 -0.9994026301175806 -0.01843995182794233 -0.029210465732329615 -9.286412049724511 0.01790230867841267 -0.9996673557136145 0.018586671308503545 1.9474123195792012 -0.029541930116726407 0.018052618781376265 0.9994003969178571 -0.14879339309761766
5481 5739 -0.9997036658461463 -0.008195386281051611 -0.022920850324954764 9.327121218405235 0.007355961858870646 -0.9993072314014493 0.036475129360310506 2.219894935920771 -0.023202132497592287 0.03629458784914863 0.9990718606109545 0.04321429279470928
5496 5744 -0.9995026146309848 0.003989710148381126 -0.03129362171517807 -9.440601683261201 -0.004968375893954888 -0.9994982811683173 0.03127985823571458 2.077890884455565 -0.03115106222862841 0.03141938460472475 0.99902066793565 -0.13692778341841239
5472 5749 -0.9994909535975385 0.01726341276958264 -0.026845262295861625 8.949972603801012 -0.018305339482877728 -0.9990672622120632 0.03911153111420962 2.4352503023992784 -0.026143557414889478 0.039582471391298585 0.9988741843434018 0.04092939125937348
5467 5754 -0.9985759449369058 0.042279026061933615 -0.032516242733640205 9.201388563729871 -0.043316780800891214 -0.9985517354810579 0.03192776762780946 2.5694044787517063 -0.031118157635274243 0.0332901034502068 0.9989611809579273 0.06400836231277533
5483 5759 -0.9995564126279036 -0.015373672144307 -0.02549152448688526 -9.534137052898647 0.014768163232147047 -0.9996086869291165 0.02375446907455098 2.2722907642047483 -0.025844684782193164 0.02336712045899649 0.9993928760608832 -0.11229263086962192
5458 5764 -0.9855009432025263 0.1658438882174385 -0.0358163365994064 9.322216434365899 -0.166275156097901 -0.9860348064415961 0.009389996394153078 3.1287936405961654 -0.03375726087151919 0.01520815319343063 0.9993142835880282 0.06120350854483674
5476 5769 -0.9996887528959034 -0.005660876530232164 -0.024284704322641806 -9.276010471741836 0.004813864953751371 -0.9993845404240199 0.03474873949694514 2.276434400313768 -0.02446500579612254 0.034620448637353175 0.9991010552240386 -0.10570221964065465
5452 5774 -0.938190911512744 0.34565001754234703 -0.01805255894373162 8.529548063818634 -0.3457692827208276 -0.9383111543507286 0.003937421738064147 3.2950084814451386 -0.01557640646774024 0.009934974923725746 0.9998293667668169 0.021550318870308453
5449 5779 -0.857709460829819 0.5139173538846044 -0.014972322836067387 8.784309187207825 -0.5140509283852756 -0.8577308473307325 0.006981269673545996 3.1681933570493683 -0.009252561876536388 0.013683530707351257 0.9998636062992001 -0.009414847581175646
5469 5784 -0.9447040728142553 0.32622037176774854 -0.03339053660179851 -9.745166311029317 -0.32756597869732684 -0.9435194804991313 0.049698673368244115 1.1970819544811697 -0.015290919878281687 0.05788745266734941 0.9982059617990586 -0.0963872906369337
5445 5789 -0.4470580076690086 0.8943136122865664 -0.01854644896420534 9.343731973779214 -0.8944699871691179 -0.44676017931108186 0.018108418037271833 1.2211199585138957 0.007909874733790031 0.024683108256475683 0.9996640507091681 0.045125873114346904
5444 5794 -0.15441547309148684 0.9877284575084917 -0.02344943894086403 9.687796192797295 -0.9879825552017683 -0.15420813887341545 0.010382971655240273 -0.6171704433446693 0.006640380666673434 0.024770557852376966 0.9996710190484773 0.11462256932791298
5445 5799 0.09484877195705142 0.995139665044339 -0.02648847462334714 8.843118045046149 -0.995276431456069 0.09534747372769393 0.018249472663786674 -3.325127803451621 0.020687234788842542 0.0246308423671475 0.9994825801877371 0.14031319004111154
5447 5804 0.3018017149286772 0.9528910422630376 -0.03027256581211178 7.391005482120417 -0.9530076947155879 0.3024107739445066 0.01798188994190853 -6.411083561301531 0.026290175655799886 0.023421551766064762 0.9993799269189985 0.2020507571560587
6063 6164 -0.9353218456645982 0.35373010818364703 -0.006923566003565959 9.874717674128282 -0.3537287795423196 -0.935347272286161 -0.0012871670136715464 1.1281118648685096 -0.006930460758012523 0.001244103201520281 0.9999752565006723 0.08299390720310072
6060 6169 -0.9824806014526826 0.18477636998601393 -0.024296401101830137 9.894452632653337 -0.18454165937193742 -0.9827570742832994 -0.011549942568768274 0.15475375170926572 -0.026009815540442786 -0.006864833674084391 0.9996380898457429 0.17854012932513977
6058 6174 -0.9963446676797371 0.08093944763323081 -0.02728307557220589 9.09646740463349 -0.08059382056563301 -0.9966541248751027 -0.013537853976673918 -0.319252167264008 -0.028285411879399328 -0.01129074443155595 0.9995360578685079 0.14468807501273045
6055 6179 -0.9996559398163474 0.012882375383368483 -0.022842028726446133 9.139864331850148 -0.012621346189361508 -0.9998535490181361 -0.011556295904321792 -0.5954757158274413 -0.022986076418312185 -0.011264862816239098 0.9996721924384758 0.10992500558672473
6076 6184 -0.9670882511498116 0.2511226859645305 -0.04096319521089817 -9.571202082850338 -0.25126095206797155 -0.9679180943346317 -0.0017844902562380357 -1.4243873981640935 -0.04009547429806542 0.008565749819154395 0.9991589893108915 -0.21390928337645818
6071 6189 -0.9883748720546197 0.14828802159896098 -0.03355271668519448 -9.153995191876918 -0.14683351065190972 -0.9882551068268952 -0.04233035043481947 -1.3095978129538843 -0.03943496017287566 -0.0369120335133631 0.9985401617806057 -0.2615740461508666
6045 6194 -0.9973830044982905 -0.0687668976442299 -0.02232009675823495 9.691730419676837 0.06912305142112751 -0.9974849221328593 -0.015634166103316343 -0.2898546481449884 -0.021187325799897884 -0.017137343996059002 0.9996286397112869 0.13965565526377338
6063 6199 -0.9986761151040051 0.044236940517439864 -0.02623162552665267 -9.81878518339115 -0.044065011847588445 -0.9990035023821324 -0.007112730082643601 -0.6798781347604368 -0.02651894827292504 -0.005948334821529009 0.9996306268199846 -0.17049517830055597
6058 6204 -0.9990864641925954 0.03652058716245047 -0.022193027089970688 -9.440545890957264 -0.036355181462025356 -0.9993075669617139 -0.0078058293870217335 -0.386391876751151 -0.022461253398931534 -0.0069921748545008055 0.9997232973705298 -0.21383441043849205
6054 6209 -0.9994523929734388 0.02478320933715426 -0.021944591993624585 -9.671824155699568 -0.024743446095274502 -0.9996918931532477 -0.002068471365561161 -0.26402203630263293 -0.02198726104274534 -0.0015256845599801267 0.9997570578497199 -0.13237867869097422
6049 6214 -0.999933486743095 -0.00788963259110292 -0.008446873686054132 -9.55188812506411 0.00790154797538122 -0.9999685682863477 -0.0014264024077087884 -0.19940538976267214 -0.008434224358798538 -0.0014938780346543956 0.9999631734697229 -0.11688965179808111
6023 6219 -0.9974476559996698 -0.0678014586636579 -0.022414884742247034 9.778594422752002 0.06751096635474307 -0.9976271297060099 0.013479992393186084 0.04384934486084016 -0.023273756356023453 0.011932351306570773 0.9996578806133937 0.15386940346817887
6038 6224 -0.9988453320363394 -0.041902461099151404 -0.02350304101973614 -9.330056772075556 0.04227664415318744 -0.998983653363072 -0.015646110626981923 0.18998378054367315 -0.022821811830653994 -0.016622465368986993 0.9996013394159288 -0.20311087292893332
6012 6229 -0.9981853718984551 -0.05259881958558818 -0.02932763077514711 9.48678371703809 0.05214294722321328 -0.9985094278493631 0.016083537342081358 0.813051907722321 -0.03012745475867349 0.014524146264930484 0.9994404583392126 0.13699718742431727
6027 6234 -0.9987216652208342 -0.04127960755911481 -0.02917663012045355 -10.091650483786387 0.040830832772390226 -0.9990416065543056 0.015812757438142776 0.9171402305061672 -0.029799593641840594 0.014600795118180384 0.9994491391376505 -0.14704607648425896
6021 6239 -0.999110928269819 -0.03180428305446626 -0.02767888447827343 -9.270742431004695 0.031186646783740498 -0.9992611337156208 0.022472442499383613 1.183824163922338 -0.02837120626147705 0.021588685687726927 0.9993641660456748 -0.1657851023345979
6015 6244 -0.9994217439301492 -0.011750782583834055 -0.03192784005675404 -8.903183769656449 0.010583447011440341 -0.9992777103926046 0.03648200811430759 1.296228022775239 -0.03233237986688896 0.036121923521744745 0.998824119041957 -0.12432444958844559
5990 6249 -0.9982327108509745 -0.04731780824234633 -0.03593353431292419 9.59609423681935 0.04613834255524025 -0.99839073000932 0.03297083208318983 1.2920440428408533 -0.03743405966552262 0.03125341613823171 0.9988101187597016 0.11827258040875954
6005 6254 -0.9998987970626106 -0.002953192197767913 -0.013898512780342077 -9.481647244905801 0.0029143508104790485 -0.9999918243214063 0.002776624134550127 1.3015476531626666 -0.013904987846141286 0.0027353799619726283 0.9998996061190016 -0.15872306581929738
5979 6259 -0.9987530953990954 -0.04689108103526649 -0.01713644640986079 9.271014907108759 0.04680396956124735 -0.9988893505053019 0.005474197922700992 1.722245837875679 -0.017372194395006292 0.004664995593273717 0.9998382482890517 0.08568740993069611
5995 6264 -0.9989316318259054 -0.026407878643574512 -0.03793128727037389 -9.750236560256894 0.026403079440623946 -0.9996514374543817 0.0006348965698420951 1.643112890531127 -0.037933033839103535 -0.000367506684031319 0.9992802287129321 -0.10469337790480623
5968 6269 -0.9988207651673616 0.031180965274708802 -0.03720882962689254 8.941830340626392 -0.03166976036116994 -0.9994194846214369 0.012590313637804626 2.629355599832032 -0.036792570236787295 0.013753295777687396 0.9992282782789993 0.04423101986473041
5962 6274 -0.9848146231396205 0.17323257376670576 -0.011477371712920133 9.039027334010035 -0.17338824427522187 -0.9847496828942067 0.014336426024432558 3.607559691210166 -0.008816628307220268 0.01610794084901812 0.9998313740346103 -0.06738802589389956
5983 6279 -0.99909992034379 -0.027398932241011795 -0.032393535621560006 -9.385111343336966 0.024059206554293375 -0.9947635791602197 0.09933767815093364 2.424384286873095 -0.03494344902749769 0.09846849264457698 0.9945263155329153 -0.15434455149598272
5951 6284 -0.7798740021659564 0.6255073054864781 -0.023204566155098076 7.801438181579538 -0.6258407875144458 -0.7798669449898059 0.011383015653079608 5.572478961939322 -0.010974731735503156 0.023399237177166184 0.9996659102444803 0.01337904752773017
5946 6289 -0.5777670607523199 0.8146931943429973 -0.04962458762427489 7.543225852442162 -0.8161225133763332 -0.5774857073262873 0.021275275600078445 5.742125828601733 -0.01132466356054596 0.05279131651116808 0.9985414559605026 0.017625617910915613
5942 6294 -0.3396685790977306 0.9385746308640958 -0.060859704895116086 7.939267824134907 -0.9405295459971182 -0.3393159726234406 0.016353872844370832 5.231827669253534 -0.005300572937171384 0.06279483123747326 0.9980123424403082 0.07507869215736762
5939 6299 -0.09189661348629642 0.9939487361863424 -0.06019293547250968 8.801324778626705 -0.995768354385693 -0.09175747178872441 0.005074630075340063 4.269996189145651 -0.0004780590693966867 0.060403499534205964 0.998173826455038 0.1271894609556396
5938 6304 0.1246853911759123 0.9911683373710978 -0.04517326053329089 9.446696254093172 -0.9921947013656233 0.1244859742561012 -0.0072336054974176485 2.726145617085599 -0.0015458019200895166 0.04572132917840176 0.9989530357321772 0.2330789038043848
5968 6309 -0.7371809943727652 0.672905195436068 -0.0613491975022074 -9.974803074915565 -0.6755567568033776 -0.7358261175689043 0.046714015464926845 -1.2759846489552649 -0.013706880066785013 0.0758806338157639 0.9970227453631135 -0.18881732034935467
5940 6314 0.44407711318923343 0.895481809471379 -0.030161160035387095 9.704331867597045 -0.8959080025320539 0.4433371263361635 -0.028282561689851705 -1.6865795180342045 -0.011954938271124165 0.039580779326112356 0.9991448056374969 0.18792744793081526
5963 6319 -0.29303063487028747 0.954106246473976 -0.06177710789933816 -8.249528928603223 -0.9560967238637426 -0.2926343768906746 0.01555867461934395 -5.927839560804869 -0.003232185649556845 0.06362213459493765 0.9979687206233904 -0.049269208171215856
5950 6324 0.4300761106155255 0.9019683228746481 -0.038577192950853045 4.168037021112524 -0.9026665745943647 0.4289135780142769 -0.035000538972153536 -9.060861891201991 -0.01502273022942313 0.04987485603969482 0.9986424092246433 -0.019644465312147398
6612 6713 -0.872998096828637 -0.4872931776320653 -0.020461516808610167 9.266741026400352 0.4860207738136917 -0.872689828051661 0.04687501995746729 3.0327707702223905 -0.040696650153293115 0.03097770110935461 0.998691197429978 0.06860603774897042
6610 6718 -0.9755191940476763 -0.21838588334464293 -0.025854251633635885 9.097679788824381 0.2169445783651727 -0.9749310154236729 0.04944736885866515 3.400625954079946 -0.03600310554961317 0.042627947798171986 0.9984420457669896 0.09747885878938115
6607 6723 -0.9970277620981082 0.07431770275827708 -0.02032420001013076 9.176597054752483 -0.07499530137314961 -0.9965713862684039 0.03494632230204143 3.348298345427327 -0.017655649852268845 0.03636618412132585 0.9991825827354223 0.12564376158144275
6604 6728 -0.9734309991916104 0.22772436109477112 -0.02393141965467861 8.982928262742934 -0.22824403441165103 -0.9733585945664477 0.021842646277815535 2.64320517769501 -0.01831793850689685 0.026724228400452948 0.9994749792682428 0.1074385762717461
6599 6733 -0.9785075147746038 0.2054504460634763 -0.017742071456913377 10.022770058895174 -0.20552466425748683 -0.9786492326918551 0.002457641691877956 1.4656330937968838 -0.01685739939264855 0.006050180390301761 0.9998395967252924 0.1814017824573671
6634 6738 -0.7193763126245717 -0.6938004839748885 -0.03375769951007965 -7.320041703071186 0.6941395457913119 -0.7198379063886788 0.0022187196835293287 6.763262209732661 -0.025838431590732708 -0.02183652785313218 0.9994276248181008 -0.2111368845166206
6622 6743 -0.9952584872135034 -0.09215831359371104 -0.03111673383636653 -9.31910757750489 0.09169602153772326 -0.9956590839004934 0.015972390457360056 2.5245009744635665 -0.032452312610023314 0.013043121680508418 0.9993882187139237 -0.25077508124694436
6614 6748 -0.9910972352262563 0.13209983702131015 -0.016642057113477243 -9.330590093674417 -0.13222112221491028 -0.9911991284516876 0.006427763731081796 0.028709356388299256 -0.015645547911358623 0.008570566295040492 0.9998407722566195 -0.12155306309335481
6607 6753 -0.9910786598305673 0.1314800823087698 -0.02182555439121555 -9.527518417654344 -0.1310198816759495 -0.991149356539659 -0.021339727022472794 -0.9551488373156671 -0.02443643569639544 -0.01829067844974407 0.9995340990228117 -0.14617115897693855
6574 6758 -0.997580457153205 -0.06693035568614278 -0.018773457327486077 10.227181047415653 0.0671001557425122 -0.9977093171682815 -0.008623297917172102 -0.30614124561104444 -0.018151498857115252 -0.009862699061926935 0.9997867082066603 0.08350841939331437
6569 6763 -0.9955731205607075 -0.09175591252159722 -0.02036604958218077 9.987556639637454 0.09191424263438527 -0.9957421245180704 -0.006963233237322986 -0.04692798742886659 -0.019638795296086052 -0.00880451076587389 0.9997683827677547 0.09578555946711091
6588 6768 -0.9980018303627033 -0.05251897784206619 -0.03513307871844133 -10.02727365881598 0.053222939252092136 -0.9983934816973923 -0.019428302722426974 0.1311036571722207 -0.03405542266358096 -0.021259550194115753 0.9991937889875606 -0.1678394213470469
6582 6773 -0.9972495511607988 -0.06514977578380585 -0.03532378496379893 -9.666517820969418 0.06552119240397991 -0.9978064339519382 -0.009476008346694792 0.5586573944172093 -0.03462725792801444 -0.011764910396449071 0.9993308882909828 -0.19636165311011
6576 6778 -0.997348470021806 -0.06838630598581391 -0.02488552805807258 -9.28008347206999 0.0683728243169823 -0.9976582595035008 0.0013976814325826403 0.951058980617443 -0.024921116240246816 -0.00030872573867575347 0.9996893028126743 -0.13727447463377096
6548 6783 -0.9990212913472684 -0.03281038743034368 -0.029659385713247385 9.78402764338177 0.031582873460977705 -0.9986626017711165 0.040919991704049676 1.7155184370062169 -0.030960732576785107 0.039943339420849516 0.9987221316147696 0.11750972860482765
6543 6788 -0.9992828519266717 -0.0008962978152786379 -0.03785166912522658 9.467431364347249 -8.860552930029883e-05 -0.999660853314565 0.026021946047834824 1.9064972970386247 -0.03786047041243727 0.02600597161041529 0.9989445727604267 0.16767008237517175
6537 6793 -0.998756294173896 0.04406174427072113 -0.02333110240880153 9.807328922906468 -0.04393237520007798 -0.9990156556792558 -0.006000209918653319 2.0331710348066565 -0.023571258397239916 -0.004968002064560094 0.9997097818733001 0.11054845749218215
6531 6798 -0.9959503614086166 0.08758410612222027 -0.02031005730082395 9.494294806758333 -0.08749966844632456 -0.9961526299701603 -0.004985479650181615 2.0729248925516233 -0.02066681462575647 -0.0031887126927869227 0.9997813358228024 0.12351702251178862
6525 6803 -0.9936762565900225 0.10768526217608983 -0.03180904834342377 9.420446255829921 -0.10712650816531244 -0.9940684327218933 -0.01878183667609182 1.797412877781078 -0.033641831394055244 -0.015255808139178052 0.9993175277012369 0.1879905528051717
6519 6808 -0.9940459342743606 0.10416238467548676 -0.031985532741300886 9.426920015189836 -0.10369228086664821 -0.994480883623799 -0.016021838332279447 1.3785513126065336 -0.03347679499445931 -0.012610855089239854 0.9993599794010992 0.1732225777997356
6538 6813 -0.9993556776994152 0.024751771668933487 -0.025992172353897783 -9.754112369259177 -0.0261767983608981 -0.9980857455379338 0.05603543825290949 1.2368882419392133 -0.0245534903607841 0.05667962405950652 0.9980904493555471 -0.2001002048736004
6532 6818 -0.9983923508643774 0.05138883739823856 -0.023899622699998218 -10.008788696138406 -0.05222162899019705 -0.9979996982275211 0.03561848440737723 0.6913613790605387 -0.022020329445255782 0.03680853848189322 0.999079595934001 -0.13493803133807125
6526 6823 -0.997603626433935 0.06643959227871525 -0.019324164877468207 -9.981233890817844 -0.06648386929454148 -0.9977859050285017 0.001635143431072856 0.13438449497590077 -0.019170730882408542 0.0029153844609955165 0.9998119810547793 -0.08285620015956825
6520 6828 -0.9974119161808497 0.06585254340546581 -0.028861171162825737 -9.912826190108614 -0.06556099121845382 -0.9977882349360537 -0.010940359040676558 -0.21830476306378785 -0.029516349818054233 -0.00902092006077689 0.999523517060493 -0.09249790112470833
6487 6833 -0.9987438144791274 -0.03856384192191122 -0.032005515742774264 9.790702316825982 0.0388427984814995 -0.9992127956542096 -0.008155569070011715 -0.5417580459317275 -0.03166343204554123 -0.009389308887619595 0.9994544827222294 0.11451104009108214
6481 6838 -0.9964205299037678 -0.07981453733513619 -0.027852200186500715 9.413909114462658 0.08039893491495032 -0.9965511479515741 -0.020539989368098657 -0.569978952457794 -0.02611589824772278 -0.022706202207351395 0.9994009860020255 0.09211893754442264
6502 6843 -0.9996071960716141 0.004307185976468909 -0.027714455537275973 -9.728167579528517 -0.0037327920028891884 -0.9997778772763924 -0.020751949008634137 -0.4943744429412365 -0.02779635695764995 -0.020640445559011185 0.9994004410327793 -0.13040463374150119
6497 6848 -0.9997474445548852 0.0018128068666241612 -0.022402439589667283 -9.833752202653933 -0.0019161678912406458 -0.9999875337793721 0.0045962062191343515 -0.16757718230740765 -0.022392935209172973 0.004637113691091981 0.9997384543014177 -0.08907043211952174
6493 6853 -0.99784862680162 0.060487930542972315 -0.02527010846689003 -9.598371011644616 -0.06092610386339554 -0.9979983893692955 0.016940111043005385 -0.07442832165708983 -0.024193403567170237 0.018443392152987428 0.999537178291699 -0.09811626372786154
6490 6858 -0.9779313965813246 0.2082394425273124 -0.016951458213106903 -9.898659029864211 -0.20873652199280945 -0.9772879685630826 0.03658186420675937 -0.36783924574497723 -0.008946794391956638 0.039312511191838845 0.9991869301060025 -0.03621014577289028
6487 6863 -0.9304569630303807 0.3661633929972656 -0.01323985153183424 -9.85760013000889 -0.36640157286030767 -0.9299479098737743 0.03077986742965692 -1.0396902744450174 -0.0010399692893705958 0.033489473589861284 0.9994385592533516 -0.0009066015647402057
6442 6868 -0.2298004785074225 0.9731969885390463 0.009010501016097712 8.974663193925831 -0.9730750885625958 -0.22992037976032148 0.016154523660320566 4.051704092823344 0.01779343743596671 -0.005056185429236616 0.9998288587892441 -0.10242321786876274
6482 6873 -0.747402016396381 0.6641151490109757 -0.018476961206294874 -9.600559816055664 -0.6643596935440093 -0.7469370218851137 0.026652735059848276 -2.942712467036032 0.00390017507187767 0.03219489533950703 0.9994739209517317 0.0592993954286377
6440 6878 0.24476797878656165 0.9695370979734467 0.009414481959476598 9.709479049286779 -0.9695754599053281 0.2447201249366557 0.005977421739996637 1.5366485205577358 0.0034924429783491466 -0.010591491313467817 0.9999377295495626 -0.0007373935580195616
6442 6883 0.34800669223326386 0.9372943478908952 0.01926095404042268 9.750882063515736 -0.937486053558919 0.3479984218523592 0.003921469429752723 -1.1871112800396892 -0.0030269924374761287 -0.019422712702519017 0.999806756176793 0.004721011922972464
6472 6888 -0.2755065604540093 0.9606957487279473 -0.034057944056343034 -6.533339880795236 -0.9610148840352438 -0.2761111894799166 -0.01449694119207822 -7.766891918521353 -0.02333044221315405 0.028735226537400654 0.9993147089952458 -0.10891555729045586
7342 7443 -0.935852362381332 0.3519789318225082 -0.01706463005348503 9.241956293666995 -0.3513326790921477 -0.9356968180289125 -0.032192962966190335 3.910993751715055 -0.02729666213121206 -0.024134042148227744 0.9993360506230088 0.17923850164017088
7339 7448 -0.9561097503132908 0.2924534416750669 -0.018020005849416026 8.85531367249026 -0.2918585762952814 -0.9559996780631068 -0.02972969693357664 2.6749507519013256 -0.02591974496430231 -0.023165583411178543 0.999395591164897 0.15207906280429953
7335 7453 -0.9801614397762624 0.19666883158468293 -0.024611748334206 9.085711635890089 -0.19580636643296456 -0.9800676312433779 -0.03359329276194177 1.4182242218922136 -0.03072577068261597 -0.028108514865335974 0.9991325715124469 0.1787849882601318
7354 7458 -0.9547020808020185 0.2963631829522465 -0.0266982977750052 -9.629616738512373 -0.29627878647851985 -0.955075089717001 -0.007129377553863534 0.6809510454683352 -0.02760996117928854 0.00110350580457947 0.9996181377497153 -0.17104938267825404
7349 7463 -0.9731036808411105 0.22876263169471853 -0.02716950035629718 -9.969453206106557 -0.22880129290089934 -0.9734721834410172 -0.001721839860238579 -0.009075948369734235 -0.026841051262295433 0.004539968792664208 0.9996293544917593 -0.16290908849101707
7344 7468 -0.9847265587756063 0.17120434828802744 -0.03167476484596613 -9.951295402266393 -0.17102760041562715 -0.9852318376791356 -0.008245174651348282 -0.5287517817995406 -0.03261761728072137 -0.0027018223746199106 0.9994642855699303 -0.22149424797580314
7339 7473 -0.992453376392584 0.12003768525106015 -0.025036261292791552 -9.57483478827293 -0.11993481496040954 -0.9927662843038115 -0.005592092757925537 -0.7276506107267999 -0.02552474908477943 -0.002547661794305374 0.9996710175977869 -0.12144320387160683
7334 7478 -0.9976582767277924 0.058616798985058206 -0.03523977530006968 -8.881848245246118 -0.057939859777755814 -0.9981207065242552 -0.01993416329213736 -0.5081762717171853 -0.03634062217825902 -0.017846301519575773 0.9991800956234475 -0.14861518744782568
7309 7483 -0.9998445386097232 -0.013449635749788415 -0.011462233054878932 9.735858794249907 0.013523746336179834 -0.9998879847644512 -0.006343074211451351 0.08969987719638256 -0.011374146971384244 -0.006496806702767955 0.9999142672743435 0.07275453843764765
7305 7488 -0.9996337533470393 -0.014773241551108906 -0.02265914093083383 9.438333032984223 0.015112608961928613 -0.9997757995230938 -0.014874771352335597 -0.03934658264882134 -0.0224326306553377 -0.015212644486455996 0.9996326199732662 0.11305624278172617
7321 7493 -0.9987386457339436 0.01732726923294566 -0.047113660191193264 -9.810515963522484 -0.016802655019745965 -0.9997930555178638 -0.011495509690902187 -0.02178548981666186 -0.04730185219562506 -0.01068976110616442 0.9988234226790721 -0.25579205215498957
7297 7498 -0.9986994600353221 -0.04877526380868322 -0.014825133002394623 9.157531412313421 0.048886474008751714 -0.9987783094305098 -0.007261704717207175 -0.2658507332852021 -0.014451815212517653 -0.007977934125307758 0.9998637319904922 0.04782395016797993
7312 7503 -0.9990009770569452 0.018650324817901725 -0.040611941714580456 -9.789828671424196 -0.018414850188129498 -0.9998116469525421 -0.006132882863231001 -0.20106662252448393 -0.04071666498513575 -0.005378673097790026 0.9991562051156455 -0.1960977295502348
7308 7508 -0.9991051355325424 0.010986622345681681 -0.04085698434209951 -9.96903416454277 -0.010511431470351317 -0.9998744666362535 -0.011835090763343175 -0.23939477716794424 -0.040980481835193025 -0.011395433306767521 0.9990948674979885 -0.17435702646959964
7304 7513 -0.9984138604645891 -0.012500628306058739 -0.054901317903166914 -9.668036547611088 0.013978161159358704 -0.9995475290623338 -0.026614233387805195 -0.004824327310420507 -0.05454236172415257 -0.027339887039738605 0.9981371203839919 -0.23362793728087236
7300 7518 -0.9988023332100041 -0.0032081027989063 -0.04881685162992604 -9.779104777983507 0.003951297784708313 -0.9998783152650732 -0.015127581324893849 0.2583193703926639 -0.0487601893953659 -0.01530250577662644 0.9986932735812362 -0.2558810826639131
7276 7523 -0.9546788313976569 -0.2975724934870428 -0.006174578603081319 9.799872898473815 0.29754458148975615 -0.9546940603637039 0.005188817769738749 -0.4304478070154019 -0.007436444279221121 0.0031167185955852973 0.9999674451641355 -0.011025405615884467
7272 7528 -0.9488138992361452 -0.31583386499498656 2.6044845879678805e-05 9.738855011945464 0.3158301561970852 -0.9488028124745075 0.004979442473211397 -0.4347986327870155 -0.0015463451170216885 0.00473286991992263 0.9999875230264792 -0.024896215809320287
7268 7533 -0.949394373031736 -0.31399265912049096 -0.0075952548571426096 9.680034305325353 0.31384157512432936 -0.9493356884933184 0.016285568087776044 -0.4060891376113623 -0.012323053259672779 0.01307726305384552 0.9998384815065967 0.07520413713105686
7264 7538 -0.9512347327340891 -0.30764313889346434 -0.022515559798999187 9.76559289881094 0.3071514484675266 -0.9513866784979974 0.02281679137430355 -0.42837592021081744 -0.02843814763341627 0.01478802649365119 0.9994860696226847 0.09677708416897446
7260 7543 -0.95607749961075 -0.2917596724276173 -0.028154459160916124 9.500325155242198 0.2914866470425417 -0.956480365990853 0.013450369445893689 -0.3500238749138277 -0.030852507029289263 0.00465185427954612 0.9995130788933211 0.10589865039594451
7256 7548 -0.9634708942698861 -0.2666349113974425 -0.025114173114521722 9.093813608804114 0.2665136946948455 -0.9637978177645651 0.008089230117997566 -0.22262312644689958 -0.02636027536952215 0.0011005749264608765 0.999651877535698 0.09735272594032333
7251 7553 -0.955867065826273 -0.29287462116301893 -0.023270769646164233 9.380148888418415 0.2926283375441538 -0.9561309613666621 0.013458299016871676 -0.5646642084786189 -0.026189182056301635 0.006054066646054282 0.9996386296139553 0.08874677930034497
7246 7558 -0.9326027659899749 -0.3603368356639072 -0.020224914809692858 9.742172027370295 0.360218520312211 -0.9328219885804785 0.009323568771084452 -1.1539062017542114 -0.022224579218167922 0.0014092972556787346 0.9997519606542983 0.0896210118793845
7264 7563 -0.9644350583616242 0.26391583522071044 -0.014600032871391362 -9.642698316162514 -0.2634511135062113 -0.9642730741478608 -0.02775472111730071 -0.46777769623986293 -0.021402022633623938 -0.022922318167794515 0.9995081675303199 -0.015926107624598018
7259 7568 -0.9596014373482641 0.2808696681703003 -0.016685704214041037 -9.385618627296804 -0.2805005123919991 -0.9596147590038235 -0.021426579434012504 -0.547207200748692 -0.022028296988847035 -0.015880584881776898 0.9996311286744457 -0.04203553327150603
7232 7573 -0.9078826747586172 -0.4181905746177424 -0.02939691221404814 9.52379286327834 0.4180749799952049 -0.9083547915585847 0.010241841476200652 -1.1873167971737089 -0.03098477375356432 -0.0029927682036456744 0.999515322154162 0.13251379037303687
7250 7578 -0.9173724847009413 0.3974179418473548 -0.022069029922947268 -9.813110428642924 -0.3970483670765175 -0.9175931084436493 -0.019381802147065134 -1.3135834635319563 -0.027952007764289976 -0.00901809671655466 0.9995685235950639 -0.09506307839408631
7245 7583 -0.9079460991251777 0.41877030798798964 -0.01630242719763178 -9.640206265918717 -0.41814174099434354 -0.9078229393639918 -0.03185332413077623 -1.4524100346488074 -0.028136542652161756 -0.02210523266207387 0.999359609430769 -0.05820972984777224
7218 7588 -0.984586643973396 -0.17446987069206396 -0.01219392330801254 9.358505241496053 0.1743630677478073 -0.9846369823171263 0.009371465577359824 -0.2846544379383704 -0.01363984288167094 0.007100265746228395 0.999881746077317 0.023441148562392725
7213 7593 -0.9815929410779392 -0.1895059614394047 -0.02371194128006923 9.834690187327528 0.18941452177859833 -0.9818780529447229 0.006032306180322779 -0.3882251267628759 -0.024424322209201776 0.001429343730541497 0.9997006089943826 0.1089021252090089
7230 7598 -0.9856973436671906 0.16598616142880127 -0.02917038743844335 -9.515137613965594 -0.16408082859140732 -0.9846993353481835 -0.05867938477136283 -0.6175332150791032 -0.03846245043456415 -0.05305376056534956 0.9978506272007279 -0.17521241752352193
7204 7603 -0.9789470080618743 -0.20335514371089794 -0.017590138279214997 9.765527058195424 0.20326624073281868 -0.9791003339521639 0.006684743475772084 -0.07645564574279932 -0.018579939019814654 0.002967988100064061 0.9998229176784419 0.11108244803502618
7220 7608 -0.9935046326767307 0.11147217699876867 -0.022827543871475682 -9.549330536295114 -0.11077471248044779 -0.9933975888440965 -0.029819714968436925 0.000826037116762084 -0.025999097958102877 -0.02709895206151999 0.9992945308058905 -0.08576683599936787
7215 7613 -0.9930689550839914 0.1136437733488115 -0.029993512559433937 -9.60939289655858 -0.11262081309603038 -0.9930628633247809 -0.03381196531866832 0.17370222135492655 -0.03362673369099162 -0.030200530698838685 0.998977943193766 -0.11450249579742013
7210 7618 -0.9943282861133715 0.10202396261830725 -0.030040093659200164 -9.613545726811196 -0.10108288157510663 -0.9943854751471696 -0.03132936930233936 0.3868148924457527 -0.03306550288556408 -0.028115620314388176 0.999057674558979 -0.13008887471467293
7205 7623 -0.9965905263067815 0.07709445899295073 -0.029411363341907318 -9.621089470932795 -0.0760548694329098 -0.9964890942314234 -0.03498844213096782 0.5912993045181112 -0.0320040014321916 -0.03263254006096494 0.9989549118119713 -0.1366929093724018
7182 7628 -0.9998079824805511 0.0032979362436387338 -0.019324629250688754 9.921841596036703 -0.0029535565775329923 -0.9998368431986091 -0.017797474917126188 1.1114505697432466 -0.019379201009105236 -0.017737544556890552 0.9996549249146813 0.05013430658918948
7195 7633 -0.9996448868898351 0.010510761248229058 -0.024494478763368417 -9.238420025039622 -0.009980820684053147 -0.999714922680257 -0.021687091293622535 0.9479934984661553 -0.024714408772595967 -0.021435322368802946 0.9994647136892664 -0.10228340295392561
7173 7638 -0.9998491689682495 0.006302815850775873 -0.01618712098601392 9.568167171335954 -0.006165395286637204 -0.9999438475578245 -0.008549776964309993 1.108022301207454 -0.016237990278257362 -0.008448695340679789 0.9998324124832231 0.05295244329628025
7168 7643 -0.9992590906552653 -0.02897163869581001 -0.02533045512164688 9.223688530679743 0.029462985829166555 -0.9993801953704333 -0.019255258200557464 0.7733578846248583 -0.024755462505677353 -0.019987687915138715 0.9994935632226563 0.1126436005164378
7181 7648 -0.9995935181914518 0.013430929658081656 -0.025158109741389056 -10.01978378495888 -0.013066079265464726 -0.9998079109829763 -0.014593235069958844 0.9179992687004802 -0.025347009344615368 -0.014259554987062393 0.9995769693592808 -0.11317191481603624
7176 7653 -0.9988929445843758 0.04194540532859809 -0.0212875854264628 -9.560265613396272 -0.04210782535199527 -0.99908747753682 0.0072193063774651876 0.7646433636211476 -0.02096436875975413 0.008107397136203462 0.9997473152452716 -0.021243459232709528
7171 7658 -0.9964543486279176 0.0780963481302252 -0.03131068550392721 -9.757182536850934 -0.07835468389155832 -0.9969006061356084 0.007120973145294252 0.49772401478635186 -0.03065617294086286 0.009548479926362263 0.9994844376150664 -0.10676310033735908
7166 7663 -0.9952137382443325 0.09438851002302912 -0.025287539633647032 -9.915489169058144 -0.09404363843544752 -0.9954624336393421 -0.014487751383167522 0.45740740970530014 -0.026538073346642734 -0.012040877691756576 0.9995751710897298 -0.07499181266337407
7161 7668 -0.9937540588076484 0.11155897554602315 -0.0026319833141240927 -9.557185316006334 -0.11139764353911204 -0.9931488031500864 -0.03530835727595156 0.48981693305263624 -0.006550820119088983 -0.034794973913431775 0.9993729582105604 -0.008481975182783008
7156 7673 -0.9900880629732038 0.1404106093859127 0.0032168549261633868 -9.361565446628902 -0.1404373953766271 -0.9894861912951752 -0.034580451130075004 0.49454668619195286 -0.0016714037516873733 -0.03469002631278931 0.9993967333836721 0.09205714742508875
7133 7678 -0.9787909959305026 -0.19993631002551784 -0.044659051397872476 9.38184628459898 0.20007138779291853 -0.9797799491136682 0.0014493400637934537 0.6110416463153636 -0.044044952787951154 -0.0075163153035618345 0.9990012712497123 0.21764881819263612
7128 7683 -0.97514356318718 -0.2158909114607849 -0.04986317765968949 9.67476705787211 0.21532890532081728 -0.9764033662801318 0.016451995794007555 0.6735598792477431 -0.05223686397305865 0.005305778156958165 0.9986206311277058 0.15894479404506023
7123 7688 -0.9746495637200652 -0.22151758614833597 -0.03145188029793577 9.671701242939164 0.2214748498393464 -0.9751535698395063 0.004899147102550438 0.7911398077630208 -0.03175430524019377 -0.002191918105209428 0.9994933432648417 0.17740474220249117
7118 7693 -0.9805837488869803 -0.19515527468354296 -0.0192809675953932 9.603522566282592 0.1946646761475937 -0.9805584888866928 0.024698732328575206 1.0272516413901411 -0.023724550274721132 0.02046505985768442 0.999508987980285 0.0704006799606395
7113 7698 -0.9887851132329696 -0.14506069719402076 -0.03551775963098487 9.434769532084152 0.14467869740978367 -0.9893921243261684 0.013098202548520555 1.1359702522823265 -0.0370395261687147 0.007812533005731715 0.9992831912255218 0.20006906143468828
