4391 4401 0.9969028004372507 0.07863150857866913 -0.0012751030672664026 10.324238157594683 -0.07861279832489124 0.9968430846043713 0.011131173601182777 -0.3852120642633762 0.0021460833199350013 -0.01099667141525453 0.9999372428293075 0.12891929788918274
4402 4412 0.9980682261502667 0.062024595490740984 0.0036627962849881735 10.216531770873994 -0.06205608652036096 0.9980280110524797 0.009386918665593099 -0.21947292474735053 -0.0030734255740848928 -0.009596286866300515 0.9999492569507511 0.08169543873051544
4413 4424 0.9979214480776729 0.06421585986800023 -0.005496780440994776 11.121053668955527 -0.06431416661518874 0.9977253358916982 -0.020213772411858812 -0.3928803523575592 0.0041862515958181025 0.02052538574966405 0.9997805303772835 0.12245347048952485
4425 4436 0.9976284876967272 0.06864126153127001 0.004936657666885908 10.305452308214512 -0.0687573180042347 0.9971940334682652 0.029600953565445676 -0.19738719293339294 -0.0028908049090492654 -0.02987030089341911 0.9995496563737004 0.13330639796998212
4437 4451 0.9606530212936062 0.2770305095496819 0.019993771112763167 10.587265937142963 -0.27750653468303804 0.9603374871024972 0.027251662446635842 -1.2301781589458316 -0.011651062194342518 -0.0317279834193778 0.9994286355613892 0.1034526103068455
4452 4471 0.6394576271116598 0.7688259923955065 0.0015095560323169633 8.507816763911812 -0.7687800901100681 0.6394405185016251 -0.009561997757560265 -4.023924351221985 -0.008316401920115795 0.004953237502749902 0.9999531055386786 0.07358666292490929
4472 4488 0.8156216868662345 0.5781256195289391 0.023083466393939628 9.14998566232208 -0.5785839983347917 0.8150343570043587 0.030958701175171865 -3.716898920381023 -0.0009162348514006076 -0.03860766711071809 0.9992541410454776 0.03822404168855918
4489 4501 0.999763675774384 0.005651728553159161 0.02100222861815932 10.28635242780293 -0.006392493471203058 0.9993535522331951 0.03539508877391791 -0.001252712588514746 -0.020788408555247488 -0.03552062911160145 0.9991527011120058 -0.030026795927907492
4502 4513 0.9997601022394503 -0.021736999988271097 0.002669832061742026 10.100341664185583 0.021714453771243203 0.9997326034210942 0.00793565687319338 0.19643513623296158 -0.0028419194380430056 -0.00787598350654368 0.9999649851769482 0.09211869671473491
4514 4525 0.9997704873712995 -0.021297043550300043 0.002447245833459831 9.953389896639093 0.02130978117356093 0.9997610171000911 -0.004903989198466689 0.1836401387366944 -0.0023423963548763337 0.0049541393310092606 0.999985012788185 0.10556038468311434
4526 4537 0.9999533980264157 -0.007794921686100236 -0.005674682411182072 9.867992340149428 0.007742732521844653 0.9999271927735585 -0.009218495239673668 0.11448043022337834 0.005746454131403446 0.00917456027560661 0.9999413635972303 0.13373617982564479
4538 4549 0.9992962169631936 -0.03744619338748069 0.0024595723141361747 9.88258684130141 0.03747131621136708 0.9992341553555757 -0.011266919369263901 0.23319603226387825 -0.0020359153378950424 0.01135134611255644 0.999933541417943 0.08384353497831223
4550 4561 0.9984051025201 -0.056368683391505116 0.0029960186121596546 10.167048390460756 0.05641593674190903 0.9982272957092817 -0.018954270642422045 0.32184788032201755 -0.0019225179529042229 0.0190927831437702 0.9998159280302662 0.15235654331224133
4562 4573 0.99925363482067 -0.03845518109015946 0.0035164341501471115 10.46973843205129 0.03839950592045268 0.9991514170950562 0.014876456472058186 0.30302723944035453 -0.004085722453514386 -0.014730809724184103 0.9998831505214619 0.10074870408238489
4574 4585 0.9998843750842248 -0.015222418836018721 0.0004097463307450039 10.399832886507525 0.015215271184807271 0.9998010709918398 0.01288949834293784 0.2249094564347604 -0.0006061395511870382 -0.012881490538743918 0.999916888670854 0.13152485818633855
4586 4599 0.9998754996083935 0.013336692235026934 -0.008445338941082207 11.025548019586452 -0.01344129977912411 0.9998323691871771 -0.01245813318489255 -0.15263049937755957 0.008278070487842917 0.012570081175630032 0.9998866142022584 0.19059373630234197
4600 4613 0.9916623749997772 -0.1288313735222082 0.002932545938593476 10.679559737531145 0.12877134361277212 0.9915524650148477 0.01556032508778448 0.8571523984645995 -0.004912721974552505 -0.015052956504210228 0.9998746506188847 0.07993191605854535
4614 4626 0.999668105933537 -0.0037589872572857267 0.025493559821532827 10.813887783767392 0.004066228772663544 0.9999193728847205 -0.011994585555667478 0.110395848343969 -0.025446843693705812 0.012093810394403987 0.9996029713106843 0.0022437516363185213
4627 4638 0.9995860641143284 -0.026361372106126133 0.011486542311268813 10.687547828330642 0.026264320550625657 0.9996191240727114 0.008444009856438048 0.19702658845191934 -0.011704761692092829 -0.008139320837978511 0.9998983822466753 0.05361757343858416
4639 4650 0.9996058051534158 -0.027817768066895482 0.003776971593553078 11.103741835296812 0.027784103386221025 0.9995790323584308 0.008414413608585412 0.2564437038694988 -0.004009305697500524 -0.008305798474930563 0.9999573660808113 0.1311864591769164
4651 4661 0.9999469022706327 -0.01033482191473926 6.761298895133287e-05 10.335607400318215 0.010335597078811482 0.9999456173235897 -0.0007336937170221875 0.10821007470175488 -5.969743823379499e-05 0.0007344482160762801 0.9999997242274812 0.1407210273720213
4662 4672 0.9994398409462331 -0.03340585382641893 -0.001695657693597175 10.444812044725943 0.033406708783867256 0.999441527119581 -2.1046653563162602e-05 0.21546245502814054 0.0016953332675492055 -3.5877586053679885e-05 0.9999985579599918 0.1792524348225761
4673 4683 0.9995860860379421 -0.028496546599095233 0.0038696051276578022 10.511645424528702 0.0284350286836879 0.9994768242876139 0.015451945414737246 0.27153846349923844 -0.004307344346540599 -0.015335432339146375 0.9998731174876018 0.1256661966465982
4684 4694 0.999697957087921 -0.02458874004512185 -5.2469738458809186e-05 10.645666275071108 0.024588147930888773 0.9996895086778962 0.004110907655082025 0.18193126257477316 -4.8459813911428155e-05 -0.004110125000185225 0.9999915058435414 0.15280009884218482
4695 4705 0.9993889258167278 -0.03493849328910745 0.0015202322299735134 10.77262964920149 0.03494788273457773 0.999372805443914 -0.0057562570594141054 0.25014153756471574 -0.0013176876059949531 0.005805854291297023 0.9999821732243197 0.15183646702777762
4706 4716 0.9995910237529072 -0.02860340181557638 0.0002889261007711665 10.739785023971562 0.028600544190589855 0.9995603766589589 0.007742664152073503 0.24197174144365557 -0.0005104020082959189 -0.007731204243893025 0.9999700413297509 0.14918472109064385
4717 4727 0.9998659345299612 -0.01633271248773807 0.0012506842993943023 10.282698409109825 0.01634006313213744 0.999851198555703 -0.005513776626221507 0.14400542312153086 -0.0011608008805571693 0.0055337358522974806 0.9999840285776989 0.15289150873605134
4728 4739 0.9959267127544021 0.09012929597286931 -0.0026044513572059335 10.311013376206688 -0.09012620465138989 0.9959286718447836 0.0012182947559937645 -0.3663886582558309 0.0027034545541735826 -0.0009787317036484852 0.9999959542898256 0.1898914718298208
4740 4754 0.9865460783300422 0.1621845001439567 -0.020540985323164715 9.860394274812487 -0.16282830704169335 0.986035295696333 -0.03493907245839267 -0.9160948325912809 0.014588245977895545 0.037813645188892894 0.9991782753515431 0.2765478314440427
4755 4777 0.9718082207801497 -0.2340131221438722 -0.028751191654223785 9.441223046781293 0.23415140807651075 0.9721980682154036 0.001539659548141924 0.8841264203975154 0.027591691765758364 -0.008228378565884452 0.9995853527279679 0.2953175176461217
4778 4797 0.8876132736225212 -0.4604439995215678 -0.011562182914783175 9.754544892031994 0.4605212819242698 0.8876326348592974 0.0052023546186142685 2.5671920503670633 0.007868183005099635 -0.009941896984304009 0.9999195837132432 0.1083696351762124
4798 4812 0.9767231107934946 -0.21447886621010023 0.0032680374605159697 10.627752167823626 0.21443608965286462 0.9766856640573474 0.010133864842495751 1.6566662402621053 -0.0053655630946743025 -0.009197255029305617 0.9999432766472994 0.025619439758628466
4813 4825 0.9984995056197188 -0.054747111670124325 0.0005928987186727973 10.628627185265506 0.054747405010389376 0.9984987582790448 0.0015493816648788552 0.3509707930353208 -0.0006766157461676433 -0.0015142485225454832 0.9999986238100217 0.08090919360426593
4826 4837 0.9996410207196802 -0.0267863103697985 0.00041150886697426895 10.42698504548017 0.026782654665407368 0.9996007197882237 0.009048896524275055 0.3057479911496283 -0.0006532354463157263 -0.009034781410749565 0.99995899483861 0.10621829732038078
4838 4849 0.9991183302243135 0.04180850283564328 0.003940483838903867 11.024397028454853 -0.041788712730448464 0.9991138024202091 -0.005138139183617282 -0.20791087730460778 -0.004151043349699781 0.00496833565548993 0.9999789820111644 0.09405772255253633
4850 4860 0.9945420854942736 0.10430975571251716 0.0023785474289053565 10.417335147522154 -0.10432218597025174 0.9945281493815387 0.0055598214814083415 -0.3966844368322647 -0.0017846956056159825 -0.005778101341392195 0.9999816199065948 0.10369717449119208
4861 4871 0.9907766490515489 0.13549053987228662 0.0018374445052409328 10.641908885237553 -0.1354698998839124 0.990742657765515 -0.008731823239307135 -0.7616037174779576 -0.0030041242989432013 0.008401827166767024 0.9999603047515163 0.05526869137883548
4872 4882 0.9899422968813227 0.1413681294668152 0.00539473602507441 10.833585144957574 -0.1414448412579507 0.989771957364026 0.018591762614591365 -0.6165138581691705 -0.0027116254546844533 -0.019168297221552454 0.9998126162349003 0.07766389219483864
4883 4893 0.9855807494597264 0.16907053798263666 0.006858075149876663 11.145425372660766 -0.16915036695443988 0.9854965002493552 0.013627148075847723 -0.9458661240625252 -0.004454621095046691 -0.014590920032227889 0.9998836324018675 0.11639123984227469
4894 4903 0.998626999205682 0.05228563351348725 0.003095634703826716 10.67385838394932 -0.05221809048928752 0.9984580136072291 -0.018877801369861547 -0.31527687181755376 -0.0040771227261303606 0.01869030888368412 0.9998168898647223 0.06778942814601448
4904 4913 0.999984251707326 -0.0010914230940334058 0.005547240937612566 11.04493915697507 0.0011292660873599963 0.9999764486724102 -0.0068163052416229325 0.04188590879988338 -0.005539656000553089 0.006822196532600994 0.9999614350902244 0.10963278597095258
4914 4923 0.9999868408773306 -0.005240997652053627 0.00033110499528173846 10.677746740963004 0.005245347576311734 0.9997970418770142 -0.019436762831998244 0.030201575765947515 -0.00022962934874731533 0.019438270188037277 0.9998110672821838 0.14064003876543654
4924 4933 0.9981152955644789 -0.06115837180064853 -0.005058606312295467 10.13588978937156 0.0611327818652185 0.9981169767059445 -0.005061712922723185 0.3088062082194611 0.0053587890291063225 0.004742906896003066 0.9999743804869071 0.17455163142765287
4934 4944 0.9999913429799925 0.0019653596796674064 0.003707145498531856 10.761065008893974 -0.002108677181850285 0.9992321549677421 0.03913902506985099 0.18666434198761925 -0.003627327692425216 -0.039147421068443274 0.9992268732036397 0.10152976178517079
4945 4955 0.9996582028754734 0.025702713752377853 0.004806259938849414 10.208109933024014 -0.025739495482384057 0.9996385022608049 0.007779377445836625 -0.08775301513911196 -0.00460467450187389 -0.007899971393367962 0.9999581592406873 0.14205059978667015
4956 4969 0.9988025037593828 0.04848824593699897 0.006484372241565484 10.782050989510278 -0.04859791074883982 0.9986575855738256 0.017970875180589804 -0.05395528570829951 -0.00560368097646475 -0.0182643061805516 0.9998174745571603 0.16621191389280116
4970 5067 0.6137006885232229 0.7890154819259735 -0.02878285414442109 9.351240208124926 -0.7895383763931912 0.6132586356909866 -0.02329914243815378 -4.045050453797999 -0.0007323223118076278 0.0370232078457043 0.9993141297527556 0.08635332661553954
5070 5100 0.08017816091157925 0.9957803941417156 0.044654722942368476 5.541798816199425 -0.9967793009742948 0.08014023834860545 0.0026617502613672586 -8.841836212386841 -0.000927996982323831 -0.04472552984479658 0.9989989468018087 -0.001818073539996281
5101 5114 0.9981384749053205 0.06098485089040168 6.03092965487186e-05 10.044725654519418 -0.06098289890784819 0.9981160537339706 -0.006731005141152608 -0.5643336599323009 -0.00047041844772187916 0.006715097337956829 0.9999773646963401 0.06544563095250636
5115 5126 0.9997520003964158 -0.022253320939626873 0.0008707691750483772 10.143471353196613 0.022258214426429092 0.9997251280609429 -0.007380602015910656 0.16851614441291576 -0.0007066147463141528 0.007399229349719967 0.9999723409357759 0.07490407252050937
5127 5137 0.9999239186848374 -0.006703893671316972 0.010325952200224075 10.116878578218776 0.006669994074829215 0.9999725183151409 0.00333520629356784 0.09163066953348281 -0.01034728503267403 -0.0032654659546809315 0.9999410658266397 0.08566296056174602
5138 5148 0.9992484265410133 -0.038600866514208604 -0.0034660835053264357 10.503193466410139 0.03860090971068912 0.99925459928804 -5.107318391074006e-05 0.23712333509026431 0.0034657523645504305 -8.300257740162483e-05 0.9999939943714792 0.1416205734230813
5149 5159 0.9947977882472504 -0.10184332974381673 0.0021706534367465003 10.868030719392149 0.10182550358447465 0.9947743705575222 0.0073264355151318765 0.609695868623073 -0.002906275540975501 -0.007066832545880607 0.9999708734635236 0.08769666780393437
5160 5169 0.9937020424816628 -0.11200502447758547 0.0033614394273302588 10.193337449200246 0.11200744182049188 0.9937068863624465 -0.0005488808377745745 0.6515513573338535 -0.0032789139340282315 0.000921953218000143 0.9999942211469591 0.11661115608369665
5170 5179 0.9948027764428546 -0.10155784055014103 0.00735022449169234 10.573602591479705 0.10155729126215975 0.9948291344452546 0.0005849802655444939 0.631594468077312 -0.007371850878657902 0.00016479545192720312 0.9999728616531245 0.11234038107003225
5180 5189 0.9983529271423122 -0.057363053733642026 0.00022238996969211082 10.921511041246598 0.05736170546985369 0.9983510096756109 0.0023724815766623017 0.4470472142958032 -0.0003581924200446273 -0.0023559187276324307 0.9999971701081776 0.11696869583386378
5190 5198 0.9999607844607673 -0.005032450772966427 0.007334078181645547 10.038236787872103 0.0049938722996142266 0.9999731381217908 0.0053435286073173155 0.11584053815108268 -0.0073608588330044715 -0.005306933537316579 0.9999588389891083 0.08786524394015777
5199 5207 0.9999983800924043 0.0012328739818610135 0.001701808659377753 10.304201166400762 -0.0012362384148986803 0.9999962431486484 0.0021672988701888505 0.04238445399354135 -0.0016992296314492195 -0.0021688276073913025 0.9999962210600674 0.14047675284765812
5208 5216 0.9999913168658512 0.0010474046146991456 0.004211168569081551 10.280603905614386 -0.001058298191682808 0.9999970209676415 0.0024658990562276494 0.051112801359260135 -0.004208555214431178 -0.0024709887410578665 0.9999880925985376 0.12289279167037326
5217 5225 0.9999166225159111 0.008871478205698587 0.00942848224775855 10.11283948800466 -0.008959776593072163 0.9999155364788733 0.009350397718822887 0.03170347328523947 -0.00934461726903805 -0.009433929711768771 0.9999117468052942 0.08444559552938746
5226 5234 0.9989455228005739 0.044361151921122596 0.011845124281315735 10.094401777757087 -0.04430078109928466 0.9990038303168327 -0.005271178003453751 -0.12397260981281238 -0.012067217265300866 0.004740919684450618 0.999915876383096 0.10806693996583128
5235 5244 0.9975134767976436 0.06903265938597647 0.014171431622054094 10.971282949692858 -0.06907693832300046 0.9976073760946756 0.002692729459836389 -0.27330961141215887 -0.013950806781411595 -0.0036647238503179956 0.9998958474478494 0.13469872696255283
5245 5256 0.9990015408014487 0.044655920475002275 0.0008841912504673886 10.622050948840217 -0.044613175914250874 0.9985923616500735 -0.028695253952634798 -0.40398000659892 -0.0021636453971817884 0.02862718207490009 0.9995877075249502 0.21542895441741183
5257 5277 0.6447361584093079 -0.7643961990944345 0.0038410080807070304 9.736727285773076 0.7643237533047926 0.644733208049685 0.011196340496432887 3.8504446093322713 -0.01103371878479631 -0.004282186131155627 0.9999299024377939 0.1638888660432948
5278 5298 0.3729811706019245 -0.9275993289189851 -0.02113850486208939 7.6694344585467515 0.927766530546667 0.3725705732424845 0.02097416991731861 7.007763166682511 -0.011578822467777604 -0.027433305487398307 0.9995565820272989 0.09976594370622584
5299 5312 0.9950675383749983 -0.09918726395967825 0.001332484476757031 10.154969255146229 0.09919230938632058 0.9948183851070883 -0.022310189066077554 0.7058905949186957 0.0008879190766483348 0.022332591645133685 0.9997501271054856 0.054661162126671714
5313 5324 0.9978887202828597 -0.06493536042768609 0.0011587161004228189 10.361714891496934 0.06490534407781634 0.9977366925833111 0.01757049581536717 0.5210084414774031 -0.0022970735889475597 -0.017458365094107243 0.9998448862445677 0.033828790678270146
5325 5335 0.9995622800072541 0.029527786497491684 0.0020618279119816027 10.145078784097652 -0.029566483528514206 0.9993091554071801 0.022488603105314864 -0.02359201836270448 -0.0013966332395854775 -0.02253915131075936 0.9997450959835259 0.07109181112694424
5336 5346 0.9999378158985947 0.011186521898908354 -0.0006094141900605271 10.664470533304714 -0.011189293685199919 0.9999271490818891 -0.004550280675444667 -0.03257006575459325 0.0005590423355048058 0.004557126118455619 0.9999893269913047 0.11045205201838201
5347 5357 0.9998470717053168 -0.01738401485633538 -0.0017412183118230464 11.17083078124564 0.017380416770329022 0.9998457459616347 -0.002253578748212011 0.1403521702931829 0.0017807620761913806 0.002222395722335925 0.9999959458426637 0.07475544426676699
5358 5367 0.9998788059339767 -0.015477727866172795 0.0012826500520785183 10.162716823513374 0.015464709679800756 0.9998248680954007 0.01057026779730721 0.17803523549524836 -0.001445742033952766 -0.01054900229547411 0.9999433151110692 0.07444671033371582
5368 5377 0.9997559236452375 -0.021640783054249102 0.00441978814341765 10.05823500961982 0.02163915291888238 0.999765918230738 0.0004933066557742912 0.14910507689752964 -0.004429509154740024 -0.0003970309469651691 0.9999901288118758 0.10118033272265005
5378 5387 0.9997259476812589 -0.023365291904083763 0.0016066711591304326 10.026572860467533 0.023380310387547502 0.9996868673066209 -0.008897862308096529 0.15660612891937548 -0.0013982644884532925 0.008932732597965396 0.9999591761317105 0.098869033361838
5388 5398 0.999550722422881 -0.028094852055611932 -0.01040921762616715 11.087637292777007 0.02789691105427194 0.9994361307289498 -0.018696554617173445 0.19092689149241135 0.010929198007168423 0.018397500206842336 0.9997710437485635 0.15869703491043863
5399 5409 0.9997676922739082 -0.020944069174479153 -0.0051025980042944015 10.858273500969116 0.02087456411009632 0.9996954812328751 -0.013193655136799145 0.15886285799315955 0.00537686143207018 0.01308441551271648 0.9999000045114955 0.18105076830332648
5410 5420 0.9997762494577099 -0.01305877547104293 0.016648289699912756 10.29211443014195 0.013355185827210223 0.9997510225266634 -0.017884466840040344 0.06911395217196714 -0.016409953207689742 0.018102543340799946 0.9997013290930248 0.010896524333775498
5421 5432 0.9891202556778386 -0.14492843548097764 0.025239430781959674 10.571991505194726 0.1449697225830881 0.9894363596390725 0.00023211298525888932 0.6141499526833695 -0.025006634479900612 0.0034288687454010636 0.999681366328546 0.0011012799607416197
5433 5445 0.9271567408923527 -0.37436420679817994 -0.015262118702644609 10.454419556911356 0.3744683352257355 0.9272283243306778 0.004526502778961385 2.1793545084241073 0.012457377341667717 -0.009912189839551095 0.9998731882850405 0.17279749746704343
5446 5458 0.9375062480253399 -0.34743253498067295 0.019316579270641145 9.932145829439188 0.34741771879055416 0.9377008230797813 0.004200721415704057 2.031730563262295 -0.019572411756066426 0.0027726698320428788 0.9998045696677539 0.0183257124516681
5459 5471 0.9916445912281624 -0.12899883650862332 -0.00047410859543549116 10.550631008611974 0.12896689814858453 0.991467378154672 -0.018987842762153973 0.9165345979873193 0.0029191714896769773 0.018768332706700187 0.9998196670355228 0.09338538977225311
5472 5483 0.9995556734267029 -0.029674865852497987 -0.002755302095952537 10.377411651750721 0.029695619813329494 0.9995251783080714 0.008189521810584152 0.27041059126900885 0.0025115225630168722 -0.008267706709640959 0.9999626470117331 0.11034564970067737
5484 5495 0.999992529065991 0.0032515609815319518 0.002187113106328094 10.68968892059618 -0.0032700922204384596 0.9999623315205242 0.008077443339446476 0.050756586900032645 -0.0021610826504909995 -0.008084203562299622 0.9999650014472234 0.07978738410485776
5496 5507 0.9997889597857789 0.020412776638318395 0.0023917864937578973 10.853044375718014 -0.020428613246436567 0.9997706446353667 0.006502804859975896 -0.012164478671706974 -0.00225827687433126 -0.006549850883782761 0.9999759853879523 0.11071200817164674
5508 5519 0.9957545655667462 0.09057033829201416 0.01640637490519715 10.132679832877846 -0.09048730896069142 0.9958801382162126 -0.005793741782557073 -0.3875913071128749 -0.016863191172495514 0.004284730557957755 0.9998485647282473 0.056457868884181014
5520 5533 0.9843738130754344 0.17597181613578675 0.0065479379051064275 10.15090223155598 -0.17597018160030964 0.9843956613393279 -0.0006687764393927835 -0.8787130886991729 -0.0065636184248031 -0.0004947251572300952 0.9999783549741245 0.13706402324927014
5534 5551 0.9769607837569221 0.2129633040465328 0.01394611069248501 10.241413220172342 -0.2131436578286603 0.976934153791424 0.013023029246603713 -1.0222810972436345 -0.010850097101329266 -0.01569650741573979 0.9998178214919969 0.1090016316233135
5552 5585 0.9533289768051226 -0.3019092478131033 0.003795984593454181 10.061409530791563 0.30193275005794734 0.9532384072549089 -0.013157947333808795 0.0008278384065236173 0.0003536852548602621 0.01369083963490261 0.9999062938763111 0.15500266165665663
5586 5659 -0.979788309823016 0.19866451185193382 -0.023410126772038086 -6.4587011800719125 -0.1990466429782097 -0.9798714746996189 0.015251656283710642 7.584392634525226 -0.019907366367022363 0.01960174568202903 0.9996096421913365 -0.26805458058570236
5660 5679 0.9789536857869389 0.2034148173579478 0.01650439640725489 10.345480707211705 -0.20366619309777906 0.9789192349151712 0.015398150368110574 -1.3865735786719595 -0.013024197383194117 -0.018436319847881636 0.9997451668442799 0.08963172790244152
5680 5697 0.999826690509587 -0.014125141062387936 0.012121473443728051 10.521082949158332 0.014263007500917853 0.9998346889395617 -0.011322698468674895 -0.11513774939180041 -0.01195920414771764 0.011494051415534896 0.9998623441362219 0.05379826664257392
5698 5714 0.9897960361644315 -0.14184170005234933 0.01364477144337504 10.319824973374258 0.1419831020248858 0.9898182917322674 -0.010058855884759002 0.7918177932228431 -0.01207905401975508 0.011894570134281216 0.9998562706782159 0.10088994668881338
5715 5729 0.9996190771555804 -0.027579530972043093 -0.000947511769580892 10.568142297994694 0.02759053999717855 0.999479652014821 0.016704991296169744 0.3653428390714044 0.00048671203653913796 -0.016724763428599076 0.9998600342188907 0.13567469523250433
5730 5742 0.999305386381327 -0.036757619871415556 0.006155016946559599 10.298754933591272 0.036862633710249136 0.9991563812124012 -0.018051173986181973 0.21920076289140955 -0.005486021592773519 0.018265444255301567 0.9998180884356108 0.10169284687417113
5743 5755 0.999876522466302 0.01565929468786315 0.0015486087524430483 10.331008749618917 -0.015676003908451357 0.9998156840310953 0.01113201202203581 -0.022697815262071926 -0.0013739678619698419 -0.011154939702001772 0.9999368539070828 0.1797675277878029
5756 5772 0.9999681286451249 -0.00740378912303801 -0.002895068174478858 10.326081053399033 0.007384904987947766 0.9999507114351776 -0.006569696873881229 0.0763328378048029 0.0029434739923909 0.0065475319220066235 0.999974192832176 0.19340499718984822
5773 5798 0.5048089037333254 -0.8632188090276466 0.004683849443627377 9.08128702834884 0.8631614490927066 0.5046900869529417 -0.015471718001279704 4.827398560502779 0.010991871303340183 0.011853670051847846 0.9998693615812474 0.16449767215536076
5799 5816 0.7194329459476405 -0.6945602426572253 -0.0017762455517571867 9.041498768674602 0.6944568638863723 0.7192791134296198 0.019147951003226266 4.811430673714689 -0.012021454408296654 -0.01500861769391477 0.9998151383161973 0.03873895590249498
5817 5830 0.9752178248204169 -0.22124324962154218 -0.0016521536088776679 10.290244403578233 0.22124133337964272 0.9750867877543323 0.016074450326271264 1.6363183776706507 -0.001945260627392796 -0.016041244497949362 0.9998693862710799 0.04051495262634206
5831 5842 0.9999651358505397 0.004551071845679963 -0.006877878110898218 9.87487343125839 -0.0045077215597315095 0.9999706064079231 0.006187787674025032 0.09365847685603336 0.0069055122163162175 -0.006156535364595812 0.9999572255176976 0.06598366943655065
5843 5854 0.9993584730070707 0.035820764428351796 8.486204241478119e-05 10.463690965249741 -0.03581779707846549 0.9993219428260866 -0.008516276712963925 -0.18486465579571892 -0.00039020112825036607 0.008507896475580413 0.9999638290333986 0.02470853381288472
5855 5866 0.9998041815848983 -0.008868384552670382 -0.017675936094872117 10.920977505077063 0.009073082057825213 0.9998922673571097 0.011541678030876397 0.10984716590637175 0.01757139587338815 -0.011700339060451972 0.9997771339673255 0.030655499870522036
5867 5877 0.9999068476422045 0.005682960851283618 0.012357555794384039 10.318073732759686 -0.005677947431879383 0.9999839104341985 -0.0005038754389481803 0.03710055433167492 -0.0123605705870699 0.000433785590937674 0.9999235092158716 -0.04502133049610012
5878 5888 0.9999523363629425 0.008172014480435936 0.005318671306472698 10.315711482267417 -0.008217609685621971 0.9999297282011914 0.008572571808885262 0.02801889957593119 -0.005247836548623585 -0.008616247478674217 0.9999491288556245 0.0687189404080845
5889 5900 0.9998282656602369 0.015860219475050973 0.009622689369517863 10.41374660919619 -0.01572293221461935 0.9997751952473247 -0.01419787726438191 -0.04885484150348582 -0.009845579981312729 0.01404414039964146 0.9998529465388978 0.09554205345933522
5901 5913 0.9999985348422364 0.0018905374658987589 -6.463818844924544e-05 10.11997343391131 -0.0018888919118439853 0.999829525057813 0.01841342271411716 0.10924154589070943 9.887594880757758e-05 -0.018412963553536565 0.9998305156201724 0.15897777568339844
5914 5929 0.9994303185798507 -0.03375670033759442 0.0005957821795538441 10.600568677518595 0.03376066033673143 0.9990493904956806 -0.02755888021712561 -0.002092149477190765 0.00033494648988062595 0.02756366648372589 0.9996200870906141 0.22023538482911623
5930 5948 0.8405600008877742 -0.5417152161153127 -0.002054797785442174 9.841960830298087 0.5417183165409686 0.8405497116413982 0.0041364469736176425 2.7209078116181318 -0.0005127029082809578 -0.004590098364287539 0.9999892289540082 0.16077691311935263
5949 5966 0.7853441379843588 -0.6182596371006894 0.031482868571531125 9.16240044582944 0.6188605736536402 0.7853633898538448 -0.014614632699995094 4.148500226250726 -0.015690130077960197 0.03096232342433029 0.9993974227673915 0.15824644661409384
5967 5980 0.9959985980916387 -0.08875782346409891 0.010436822884875815 10.163434862112346 0.08894959331393804 0.9958447813059208 -0.019527083108666767 0.6998409049774492 -0.008660000670711838 0.02037760013305544 0.9997547329390951 -0.0035692626091395306
5981 5993 0.9998519742865561 0.01669839655474469 0.004334926848195109 10.831247457127139 -0.01674336832663173 0.9998034260259611 0.010575359270735695 0.04931933608765687 -0.004157627080277725 -0.010645526556261418 0.9999347109560703 0.09782431586509861
5994 6005 0.999573807021689 0.029051157666711975 -0.002861195314589921 10.594012179077977 -0.02905800149904493 0.9995750123573749 -0.002359100545210226 -0.12771991626333973 0.0027911701371279457 0.0024414988287590543 0.9999931548656091 0.1797054105335246
6006 6017 0.999992722059337 -0.0005721367376648413 0.003874645914229942 10.4002557328663 0.0005714470062903477 0.999999958042638 6.553494355225452e-05 0.02333662434138193 -0.003874795131191377 -6.309341095291222e-05 0.9999924995280212 0.10885347822035311
6018 6029 0.9999787935520275 0.006209164834631631 -0.001800126828436931 10.436465024757302 -0.006201246699865642 0.9999712025948984 0.004509884598951162 0.061024259078548554 0.0018283137834338291 -0.004499336305950126 0.9999881930686032 0.1422019271391787
6030 6041 0.9998723726330222 0.01592019329873319 0.0011433055542108283 10.478918439884945 -0.01592328600841464 0.9998693741278775 0.0029882511576489737 -0.04008735758782538 -0.0010953891772870006 -0.003006174004283244 0.9999948822513653 0.08326537559121278
6042 6053 0.9999809555795182 0.0061852815876881195 -0.0003202807083861559 10.29510867147854 -0.006186110971204412 0.9999783966642386 -0.002318242371650708 0.05103897640019399 0.00030626553073681735 0.0023198266749756553 0.9999972478069853 0.09922116767309924
6054 6066 0.9934428086446068 0.11359202257797531 0.01294727739298094 10.271980151502996 -0.113710377341164 0.9934741795768867 0.00881840613363598 -0.42975149927181766 -0.01186080409544123 -0.010232652833445634 0.9998772603290975 0.10979414162191103
6067 6083 0.9715663633159255 0.23675917904155533 -0.0015172735042148584 10.240940044820753 -0.236388253624414 0.9696470253814707 -0.062497694260303334 -1.4512366917938193 -0.013326405196134187 0.061078634949789365 0.9980439675041772 0.09844997678549082
6084 6176 -0.9138226788951874 0.4041625077165114 -0.039762625451402946 -10.03398786220028 -0.40548244146063334 -0.9134743893000828 0.03387755737127905 -0.9099225911735938 -0.022628955493498845 0.04708017418416525 0.998634640656041 -0.1796539052445044
6177 6195 0.996781798589522 0.08010299717363982 -0.0029809253206587987 10.435238167555001 -0.0800985526166312 0.9967860642431513 0.00136144141072014 -0.5971684021492615 0.003080890749905359 -0.0011188747872948697 0.999994651222793 0.0939929225073156
6196 6209 0.9969843634609145 -0.07758099507580574 0.002113597681436661 10.0198370695205 0.07759165760076506 0.996969201270789 -0.0056414816379039764 0.5574990280204386 -0.0016688100434606237 0.005787610959171899 0.9999817750885484 0.07005450936556129
6210 6221 0.9981461740051649 0.060287882103285964 0.008330716081272437 10.647799661362091 -0.06023563994751294 0.9981644478660398 -0.006381374691285921 -0.33613262111129144 -0.008700082657456821 0.0058672953247222515 0.9999449225680029 0.07772767519314137
6222 6232 0.9998071708935018 -0.01941248185890806 -0.002972643828121296 10.789283824819949 0.019397668147706274 0.9998004193105321 -0.004881988886134372 0.1331632752404468 0.0030670247701290246 0.00482319025089658 0.9999835915281973 0.17533156875911035
6233 6243 0.9994162692715863 -0.033547604752306955 0.00639428941748735 10.553021949547482 0.033632445448515264 0.999338914594333 -0.013797956504586867 0.18877403350328448 -0.005927274018922963 0.01400495936411355 0.999884320391917 0.12168174798213946
6244 6254 0.9998161104254173 -0.012436352298850008 -0.014558844380570429 10.158083855652524 0.012827603244795868 0.9995514549995358 0.027058513524668853 0.18874022474653887 0.014216013537318906 -0.02724053738089782 0.999527854546681 0.12381500406480646
6255 6266 0.9996840819252667 -0.006447226574890477 0.02429225691061778 10.333508726100419 0.006531177106458495 0.9999726663248589 -0.003348929140516913 0.06982462273354596 -0.024270023863851867 0.0035065904484541323 0.9996993073505209 0.07286552850073169
6267 6282 0.9993889039884901 -0.03431075540373957 0.006708556360082806 10.21657197828558 0.034697136179728555 0.9969385131707184 -0.0700785581016426 0.07792163523459951 -0.004283722864733648 0.07026831809328767 0.9975188974039704 0.18137822652463262
6283 6308 0.8011289549284497 -0.5983068220284954 0.014873287153930454 9.780448155964239 0.5978615099668468 0.8011787382838838 0.02593796519115606 2.7203407618169737 -0.027435039082004144 -0.01188716894481498 0.9995528873834711 0.06542260966092564
6309 6330 0.676879105481149 -0.7360102361127021 0.011124574971617014 8.70314516430484 0.7360490139593907 0.6769275740436952 0.0008888967137496214 4.874758052986716 -0.008184500056337904 0.007587051021199462 0.9999376676292574 -0.021917894511756558
6331 6346 0.9827498445537219 -0.18488175597078085 0.004685888791100372 9.907387336910558 0.18461530921347974 0.9822054346441372 0.03448219473955518 1.4579823143289377 -0.010978286822482867 -0.033021636427035976 0.9993944513300475 -0.05373774564703285
6347 6362 0.9999927544678867 -0.003872617063720319 0.0007168403482546952 10.652938298089085 0.003878842069034133 0.9999515463735215 -0.009037624578254449 0.02545655548655549 -0.0006821657112829546 0.009039958241542908 0.9999589366466661 0.05855190054835411
6363 6377 0.9996394721362123 -0.026857422078270837 0.0006257651755224327 10.358583198180469 0.026859950914813926 0.9996175428414901 -0.00671312660011881 0.23411069741962243 -0.00044529217214111806 0.006726740726531642 0.9999772796868113 0.0690864162615651
6378 6392 0.9996134605662876 0.022146171014943317 0.016799488475082648 10.23757850519168 -0.02229302872217121 0.999713835448058 0.008614649856892498 -0.07149625328807879 -0.01660401080314493 -0.008985408982946067 0.9998217335190953 0.017480934695569945
6393 6410 0.9999313332882981 -0.011627122743232897 0.0013636431564323865 10.340277849511562 0.011604815974149604 0.9998236611704642 0.01473445135844911 0.15463275583117977 -0.0015338770728684325 -0.014718218177111218 0.9998904547311337 0.1577160864586357
6411 6440 0.8634768984780108 -0.5039263082170818 -0.021575987784389343 10.010961194685857 0.5040168118695374 0.8636924249745873 -0.0014032091080560774 1.5861316258771383 0.019342586965346735 -0.009662446238031083 0.9997661696181253 0.13117760440431517
6441 6468 0.6238574534989461 -0.7813301167579825 0.01807430285261602 8.168899272903104 0.7802029938310423 0.6239763971096328 0.044000455791408655 5.852520386194858 -0.04565586243118407 -0.013348033922007039 0.9988679357459221 -0.1062981538240251
6469 6486 0.9976298793450751 0.06804772130123213 -0.010161345289174515 10.25078897346084 -0.06843242242393086 0.9966743582876115 -0.04425327549128366 -0.3962370251346431 0.007116289691183659 0.04484322363576901 0.9989686837798196 0.11730759631066434
6487 6501 0.9979414343630457 0.0641066535260072 -0.0018609659839122468 10.372459866851583 -0.06409115230203985 0.9979169220774828 0.007403893151581765 -0.27853928713022935 0.0023310940659581818 -0.007268773120634834 0.9999709253926758 0.12308535634539117
6502 6516 0.9993403313382264 0.035949638199494094 0.005187152085464004 10.328989639573845 -0.0359723374616669 0.9993426681238597 0.004509936200236677 -0.19042684021901418 -0.005021459322291666 -0.004694270133813162 0.9999763237373197 0.12493194266088428
6517 6531 0.9996124118969802 -0.02655825351058263 -0.008418197736762627 10.685261984795519 0.0263154520330535 0.9992680318041708 -0.02775981645932089 0.11691842282713397 0.00914935010394593 0.027528109640918223 0.9995791026645546 0.18989909101089814
6532 6545 0.9977777738579172 -0.06540687084153227 0.01266081153781768 10.479794240708694 0.06609141797140886 0.9957254032810132 -0.06452388382654947 0.36251239417736003 -0.008385514849333829 0.0652175531008235 0.9978357427329233 0.0606658900615786
6546 6558 0.9993042814253026 -0.03709311452708649 -0.003912976278436157 10.39136652241172 0.03715467001310559 0.9991615658606863 0.017241019662484522 0.27175131112687 0.0032707649320743346 -0.017374350149641 0.9998437343167829 0.18913914641519794
6559 6571 0.9999929006693573 -0.0037227445035550063 -0.0009916988793228392 10.058005141235249 0.003733685163711218 0.9999228188379099 0.011817260067927663 0.12967646190259927 0.0009476253165921745 -0.011820523335874415 0.9999297101538399 0.12371012831590437
6572 6585 0.9997015092333781 0.023460613655389196 0.006861895135010924 10.4664367813333 -0.023473430523274632 0.9997224814924811 0.0017338776872249783 -0.06433459866795194 -0.006819193854915047 -0.0018943816801126666 0.9999749796044081 0.11993336027028717
6586 6600 0.9963414168720046 0.08543396204064765 0.0021242019678975777 10.1550629572146 -0.08544653509336905 0.9963214834961512 0.006481985604748512 -0.2985612408335977 -0.001563079218378802 -0.00663960975336336 0.999976736651711 0.11937395512896226
6601 6619 0.994657851631343 -0.10299932856870107 0.006901699848653684 10.105950324201766 0.10319162908371872 0.993898840047938 -0.038942124346598446 -0.1446836644490107 -0.0028483458254684674 0.03944672029533483 0.9992175514060005 0.1449119953965782
6620 6745 -0.9993846558923974 -0.01797924067800533 -0.030115176296036692 -10.16954823505079 0.017252546281625286 -0.9995585854536578 0.024228118689153085 1.8006919488988515 -0.03053584619994503 0.023693186163101277 0.9992527335160506 -0.2731079324822676
6746 6759 0.9966493125011503 0.08175652699071778 0.0025964554918461577 10.74578021017807 -0.08176319887887931 0.9966479983782409 0.002638715483211355 -0.4731094120378284 -0.002372653910861553 -0.002842712571300048 0.9999931910686303 0.10234002759035264
6760 6772 0.9999544251288246 0.0042001147561975686 0.008606810535607795 10.587156252437552 -0.004154143915727875 0.9999771957456076 -0.005316465666905831 -0.008385344727680053 -0.008628729343400594 0.005279864763798928 0.999948829999882 0.07626642816405313
6773 6785 0.9997197064958783 -0.023392174275783818 0.0038380787321430905 10.820146215052258 0.023469202906798426 0.9994881866633825 -0.02172881150949531 0.13735600960713049 -0.0033283837878228827 0.021812112502375813 0.9997565880865295 0.14504092329838214
6786 6797 0.9995329658355837 -0.030458820158647155 -0.0023163786456580856 10.116338081239876 0.030407889250092336 0.9993409730040592 -0.01984176175722552 0.19679688154114272 0.0029193829087197903 0.01976241802578309 0.9998004759269878 0.1417586243905431
6798 6809 0.9999354132313325 0.010590801024742875 0.00413343983048902 10.230955451588796 -0.010504364030923974 0.9997363517569668 -0.020427257892752723 -0.0199387944211914 -0.004348647720454926 0.020382443672133755 0.9997827922473058 0.06808846278370226
6810 6821 0.9996525055427637 0.02031624283026892 -0.016800838640415757 10.344325290035778 -0.020365807075724007 0.9997895764359025 -0.0027285706064947668 -0.08944649098972328 0.016741238798718014 0.0030702645109685176 0.9998552775727354 0.18822240477030197
6822 6833 0.9998827863285982 0.009467211819563214 0.012020958647200668 10.109355799602822 -0.009607434055720602 0.9998857523916965 0.011711951028812905 -0.006038336313084287 -0.011908462292593725 -0.011825872294804064 0.9998591195936705 0.037991561922186716
6834 6847 0.9998776814329875 0.012221247227278745 -0.009687739377411847 10.631430808178008 -0.012361233566071779 0.9998171602902303 -0.014550789892277946 -0.14032273387998867 0.009508162559713214 0.01466834439206655 0.9998472159388906 0.24351644242574502
6848 6870 0.7735778815418463 -0.6336666243251983 -0.0065988155451960386 9.904419307502813 0.633410259821457 0.7734974858212952 -0.022159389196416284 3.1099707905973912 0.019146931367328337 0.012962414849850331 0.9997326101704406 0.29066283991791303
6871 6896 0.5514887695865066 -0.8334853348373148 -0.03408404453946266 8.48901242309003 0.8339245314500614 0.551871360128763 -0.002261461859907823 6.080712556865128 0.020695519619648144 -0.027176125569024406 0.9994163997429751 0.015699933165633277
6897 6911 0.9877483434897942 -0.15570756552720472 0.01036983341673677 10.138331995977644 0.15602330523876293 0.9866584912952007 -0.04649021030122709 1.0867154242502226 -0.00299257689634144 0.04753914801891548 0.998864871039188 0.046094228099090216
