1 33 0.982656211443669 -0.18478155171538288 0.015563999839055306 9.856132873149875 0.18501649703246964 0.982613969634477 -0.015420056483686585 1.9081688994657697 -0.012443662977200152 0.018032914071884756 0.9997599114161903 0.04782721083395652
34 49 0.9710326020573335 0.2380361730319303 0.020863025598941928 10.49316047819548 -0.23856397169430302 0.9707183704781598 0.028180553529055057 -1.1249160695388725 -0.013543826084151207 -0.0323419956833897 0.9993850510355682 0.01558557048145982
50 65 0.9944784048800295 -0.10146126039564499 -0.026830989705174314 10.279415181046092 0.1024303384322016 0.9940266534591041 0.03765868024022719 0.14248418708236277 0.022849983086871667 -0.04019905416162041 0.9989304066753849 0.20269290223496858
66 82 0.7143973400037698 -0.6956375864322858 -0.07568240642049383 9.299481899860282 0.6984161549566231 0.7155127118374098 0.01597303100073795 4.704908168590074 0.04304026717846369 -0.06426745278827023 0.9970041425540789 0.40550836027956844
83 96 0.9415967419102406 -0.33667714057708087 -0.006692547750990926 9.862401943123318 0.336614734705186 0.9415998351207097 -0.00895880243997435 2.253360067696079 0.00931842029243078 0.006182942085695406 0.9999375256091735 0.11106208824968912
97 109 0.9981270382553074 -0.05898048619070681 -0.016239049628895927 10.430799699242975 0.05900376505969989 0.9982572390441636 0.0009627096374637464 0.43666232705443253 0.01615351488161368 -0.0019187977558255758 0.9998677120000872 0.24835613645579335
110 122 0.9984501341330004 -0.055510856541448945 -0.004046970408675889 10.083997031344179 0.05557410234081467 0.9982981121196818 0.017638701903667845 0.4134318532329547 0.003061266912836805 -0.017837003386768698 0.9998361582312845 0.20807612889322372
123 154 0.983431352241657 -0.17668854797256917 -0.0405338619354983 10.040017822929231 0.17677341193548302 0.9842501335634759 -0.0015071695472567957 0.9416471410574256 0.04016173468319171 -0.005682991797907437 0.9991770623251064 0.2764032272096765
157 190 0.4745258364367922 -0.8801108189716571 0.015232316484943637 8.539145355236709 0.8800819104350989 0.47403971167107917 -0.027200920853216206 5.772910869508258 0.016720425029118986 0.026313290628936642 0.9995139017865566 0.15311731654101496
191 205 0.9161139414077064 -0.40089554050420595 0.004021585500186584 10.042803017902193 0.40069848251425255 0.9159024085346668 0.023741798976021918 2.8782068911499454 -0.013201077070897795 -0.020139214075257893 0.9997100593092078 0.0018024576141832738
206 217 0.9983167312931 -0.05771137389534033 0.005680414075867119 10.152204655449108 0.05763019170928015 0.998247382124507 0.01345175253100813 0.48319448150753386 -0.006446983023951565 -0.013101415539686119 0.9998933394273025 0.052736447395239194
218 228 0.9999944846209898 -0.0030425885582949486 -0.0001236926985261367 10.574566398301954 0.003040241394457876 0.9999109781098646 -0.012955940472385602 0.043170219278216106 0.0001632131643136595 0.012955604479543848 0.9999160543904994 0.052183320481717525
229 238 0.9999594184355823 -0.005227575888696632 0.0074061737860660086 10.576271287994544 0.005212378473206568 0.9999845205587424 0.0020021226543397172 0.07458183630721212 -0.007416593681416673 -0.001962740852804977 0.9999705818580548 0.014396078207283955
239 247 0.999977585899564 0.005016293562819939 0.004397877873573131 10.086930382863457 -0.005011836352262886 0.9999867641148168 -0.0010131873050704967 0.008462823165252499 -0.004403029231284647 0.0009912840313121391 0.9999898251941298 0.06512175578682419
248 256 0.9999517076142207 0.008396438045124271 0.005077320144846972 10.459087258272227 -0.008380471444482725 0.9999603577351518 -0.0032064418222260936 -0.004520069026212825 -0.005104097916913819 0.003163649281813028 0.9999819545281687 0.09104223955579627
257 265 0.9999877595584536 0.0020072479842345114 -0.004480124823677677 10.73156969402723 -0.002059461117056394 0.999931069419545 -0.011569920481433177 -0.016880309455835425 0.004456609920339111 0.011579127028688118 0.9999230302687399 0.13105139098864338
266 274 0.9999829422100586 -7.106375940359088e-05 0.00576371668976438 10.917728726297451 3.6266222078576084e-05 0.9999823697855035 0.0059963603807579886 0.03357742549150204 -0.005763860557079316 -0.0059954525569184194 0.9999653866424307 0.06793139332182101
275 283 0.9999896124078418 -0.0025964125002450374 -0.003744848633689516 11.166043355281923 0.0025727861182901816 0.9999789767719206 -0.00600055801870098 0.02979310716941738 0.0037604712906994316 0.005991202645094455 0.9999749295085315 0.1464858761052919
284 291 0.9999844166322137 0.003919557170680274 0.004097056234605781 10.056331113680072 -0.003933889694254456 0.9999853556116668 0.003633865376569835 0.038309363391357695 -0.004082316859741312 -0.003649932574334577 0.9999849360651424 0.10382651779868017
292 299 0.999985504074666 0.004100681494210498 -0.003591698277935415 10.25579027252743 -0.00408537022205461 0.9999824702444479 0.0040996756005257035 0.025004395743279974 0.0036082954460922895 -0.004085463700842861 0.9999851912053077 0.14168215504001758
300 307 0.9999225836354919 0.01123316711246654 0.005294512066081511 10.521715443747793 -0.011229349341267259 0.9999371204456339 -0.0008160752364911921 -0.004362334261824262 -0.005302684152194213 0.0007558767188400983 0.9999855642470621 0.09248598771555795
308 315 0.9999497338860275 0.006805800960539884 0.0073188932419781675 10.78473540424482 -0.0067728478562487406 0.9999668191294442 -0.0045096729799336075 0.001649857172264139 -0.007349385933490895 0.004459900290630698 0.999962990927919 0.11628283533053303
316 323 0.9999624908349033 0.008054204895408647 -0.0033186435530961566 11.062763176129508 -0.008064813046799893 0.9999630255795228 -0.003141848017614658 -0.00802138966236255 0.0032927715997167054 0.0031685726398629588 0.9999895461966352 0.1660693903861821
324 331 0.9999246940242869 0.0122285574288215 -0.0014817040457323508 11.230760614996548 -0.012224947083872326 0.9999223115257224 0.0023289906992350565 -0.038800959531899264 0.0015100050853312514 -0.0023100671535829496 0.9999961687472821 0.14653437155825053
332 339 0.9999956625563374 0.002097953903335083 0.0020736447663303407 11.419873373482925 -0.0020781441841738633 0.999954107378755 -0.009323913253299782 0.0034604704184584964 -0.0020936039110900865 0.009320111628766593 0.9999544495398186 0.14178325316795498
340 347 0.9999976047986859 0.0011302471783783872 -0.0014960129520258118 11.59120755711747 -0.0011196851208242365 0.9999752009467372 0.006888095801838526 0.041810005504786446 0.0015033932136656787 -0.006886587114344213 0.9999752409080823 0.16059061118145354
348 355 0.9999764442523996 -0.006729014432133147 0.00107292028870859 11.706638101063795 0.006727498898966576 0.9999758540440827 0.0014923374631028992 0.05978815878150953 -0.0010826216275281154 -0.0014843439587167062 0.9999982555799813 0.16541477683500788
356 362 0.9999571837320507 -0.004263461554657315 -0.008197905750851373 10.076911356075877 0.004266156029030375 0.9999912441531031 0.00045047713703888904 0.05489582322080898 0.008195949335077215 -0.0004859953095461291 0.9999662088184602 0.1705069689011965
363 369 0.9999906961289018 0.003151441652071189 0.002978921028375903 10.105223516473876 -0.003174869899274506 0.9999623703415246 0.00797321061734447 0.04539325607245705 -0.0029536333456352645 -0.007982602730854618 0.9999638620886684 0.08042149499200438
370 376 0.9999857062645933 0.005269806005210128 -0.0006465022306273455 10.05289667409654 -0.005269056107424954 0.9999860368200383 0.001242234064434338 0.026148409375530673 0.00065306544296495 -0.001239005400366836 0.9999989319563913 0.12160549581586666
377 383 0.9999756119563828 0.006819705647992298 -0.0016865251633115354 10.035045777319164 -0.006817267024890673 0.9999750865954897 0.0018503927043390653 0.004646952561023385 0.0016993563571750941 -0.0018387465740983165 0.9999967949453589 0.11965596476864733
384 390 0.9999988988234979 0.001073837168100854 -0.0013759349008402252 10.016519193905062 -0.0010597950753463198 0.999951594090498 0.00976619990118639 0.04790773009895188 0.0013860268889004307 -0.009764179390212306 0.9999514222971356 0.10847922515337655
391 398 0.9999887760970905 -0.0022395352999494468 0.004212951908690565 11.639736460146505 0.0022663231067226687 0.9999759413933896 -0.006520354712819272 0.04837005008780862 -0.004198682214523169 0.006529040492537108 0.9999698906379817 0.04263068472326266
399 406 0.9999605763507586 -0.006120158656360796 0.006492909075065428 11.662610475314523 0.006108103241852779 0.9999793762542891 0.0018660358106862734 0.07159347952436068 -0.006504739604061668 -0.0018263569447306823 0.9999771353264664 0.08541657389272371
407 414 0.9999845939820055 -0.005490202173440432 0.0006505274855544178 11.661279463112155 0.005492096829310617 0.9999814436779273 -0.0029549926795961056 0.05515230818171139 -0.0006345856464466725 0.00295844822471195 0.9999954152325737 0.1430727711669757
415 422 0.9999770579706596 -0.005758921761304774 0.003604659756691278 11.626946587624433 0.0057742271820010955 0.9999748388940793 -0.004242503810415966 0.06741445956825641 -0.0035798091842775158 0.004262933465365925 0.9999844682805055 0.11870654046938448
423 430 0.9999713176243817 0.007366729143247641 0.00156037289397896 11.60703561042033 -0.0073796107632849405 0.9999415794187086 0.007962059058727279 0.04253566968667701 -0.0015017103155479208 -0.007973615933210512 0.999967144986336 0.11884211472953991
431 438 0.999950072981174 0.00980752668317549 0.0021518877325512244 11.608821215845229 -0.009798644662143873 0.9999453470142623 -0.0037248698709954385 0.00022655346243319335 -0.0021887699404500916 0.003704427998155882 0.9999907650560707 0.12856874017700193
439 446 0.9994500239387003 0.03305032317747512 0.00274343023150872 11.609656522235422 -0.0330574748775489 0.9994504430901661 0.002506844115552654 -0.08634140458342565 -0.0026587958571084886 -0.002596611241898964 0.9999930594587869 0.12704623386803718
447 454 0.9983428996884071 0.057510553302092655 -0.0018780355684211514 11.625215262235901 -0.05750972545901069 0.9983444294903173 6.039353028444166e-05 -0.23734892225613335 0.0018782691576293448 4.754647475526344e-05 0.9999982781279118 0.18181543032959008
455 462 0.9987026453456744 0.05084728834138092 -0.0028108096744850317 11.58413357519574 -0.05084244995519268 0.9987049447408262 0.0019329233909508986 -0.23215043016900858 0.002905288448662597 -0.0017874193736865658 0.9999942027791698 0.17892492273474803
463 470 0.9990523875978704 0.043170535796837904 0.0054680667848319015 11.614612344193775 -0.043235219638228614 0.9989866310339686 0.012504193377498639 -0.15256451887280575 -0.004923073495394869 -0.012728970847606259 0.999906872663298 0.10339749960448306
471 478 0.9993701743974065 0.03511169160939573 0.005282372735157071 11.658634954739444 -0.03505128139472804 0.9993230701952769 -0.011172000773052969 -0.15892663107654872 -0.005671767840338636 0.010979318387767268 0.9999236850359086 0.07173324553294537
479 485 0.999419261901519 0.033846228802120064 0.0038846554234542295 10.081721753374554 -0.03385373184286474 0.9994255570417558 0.0016176426932626945 -0.07883992051457546 -0.0038280926083036054 -0.0017490208032784095 0.999991161325243 0.08804347753519028
486 492 0.9992488781035851 0.03841566126640951 0.005037334133239299 10.138077112232772 -0.03844053440191391 0.9992486277176847 0.00486851172365612 -0.08710323524039952 -0.0048466896391118845 -0.005058878840039219 0.9999754457419191 0.1120006650321288
493 499 0.9995606211938849 0.029621089464980387 -0.000739321050583967 10.287518007205698 -0.02961568261795205 0.9995407935803664 0.0064699592226820715 -0.0709610958876902 0.0009310853469201822 -0.00644517082120241 0.9999786792423243 0.12603654949988957
500 506 0.9999606013955421 0.008918195712295272 -0.00048259626835430526 10.422021397704082 -0.008923716603070276 0.9998942345620622 -0.011502880634837315 -0.011332413939192766 0.0003797360661503014 0.011507074576887256 0.9999337312959706 0.12377485162760417
507 513 0.9999643115478354 -0.005120920055548477 0.006673220348052921 10.552867663916713 0.0051024437699548715 0.9999841297326059 0.0026680509297916494 0.07851530274105759 -0.006686960453189585 -0.002634004369744242 0.9999742467031445 0.09417970080239754
514 520 0.9999823046599197 -0.0057310377676165255 0.0012625726840083322 10.639923767005229 0.005702876021920161 0.9997416029229304 0.021997385862757023 0.12992129756033902 -0.001388477869506695 -0.02198946743091248 0.9997572005591288 0.1478312763836212
521 527 0.9999344252952818 -0.011357979216036509 -0.0013831766048433324 10.735752051876448 0.011366902502515144 0.9999185957189347 0.005793597937723816 0.12951702662440925 0.0013169623760944716 -0.005808624433472075 0.9999822259577285 0.15589486317027315
528 534 0.9999337451767412 -0.011025638593672511 -0.003360204341215805 10.667204038264376 0.011049357837429963 0.9999158282700734 0.006860184959155996 0.12153668078938192 0.003284406001003456 -0.006896527525719092 0.9999708172592154 0.1798004444685
535 541 0.9998818477605045 -0.015180475259114933 0.0021390683039219133 10.607546063976503 0.015156428462701939 0.9998257615796788 0.010900845283825263 0.15293518807331655 -0.0023039238364664172 -0.010866631176280726 0.9999382907676988 0.12888306839342167
542 548 0.9997309184494119 -0.022871565880461273 -0.0037915717704028124 10.584947376379972 0.022909833327518458 0.9996850992359751 0.010192063837111843 0.21198360048650425 0.0035572799685368 -0.010275982105268205 0.9999408556456809 0.1828424726777857
549 555 0.9998817064464568 -0.015249869321835778 -0.0018772098339270551 10.549837213866319 0.01525250619592059 0.9998831565361165 0.0013136690383546573 0.15994749970227595 0.0018569297495535672 -0.0013427149207066989 0.9999974558715103 0.17477200599810636
556 562 0.9998905587339793 -0.014809348002252679 0.0006373919375145677 10.445720422369341 0.014808289938711292 0.9998891221940691 0.0015208031570156763 0.14831865838020714 -0.0006599077679053615 -0.001511711406585487 0.9999986904017719 0.16662000081712253
563 569 0.9999132633605848 -0.011972015251926484 -0.005526820078508129 10.405918544735282 0.011982988253490152 0.9999272738263187 0.0017907218723940427 0.1417022951509225 0.005504907652370797 -0.0018568380351138987 0.9999831270055548 0.16869641240176778
570 576 0.9999476338741488 -0.009980080789882466 -0.0020291539570307642 10.378014712889597 0.009976150425067628 0.9999489735576831 -0.0017431661338694069 0.1204463991559655 0.002046328887600144 0.0017230869304966044 0.9999964246141779 0.12765403464243263
577 583 0.9999575330723152 -0.009212649573153237 -0.0005340440566167119 10.370693457311024 0.009213479664567774 0.9999557446866405 0.002015632046290781 0.12907923398729942 0.0005154519577069426 -0.0020212687585420388 0.999997825983924 0.1299257819391222
584 590 0.9999909350646233 -0.0037259443176232915 -0.002052722831161408 10.348488578532853 0.003738433039474375 0.9999736343113161 0.006299192536941088 0.10879681529875443 0.002029544997056129 -0.006306945276119381 0.9999780035225541 0.1416252384840387
591 597 0.9999800833705181 -0.006270783263196212 0.0003491871582745148 10.359041705661825 0.006268042697646068 0.9999491116843561 0.007814809289866609 0.1326912034852159 -0.0003988829698214947 -0.007812681898750925 0.9999695080166909 0.11935483093930896
598 604 0.9999142024274774 -0.0130942012465925 -0.0005256323857260631 10.376398889358498 0.013092049881208859 0.9998987540179083 -0.005500279547027517 0.15011952779847348 0.0005978779519672535 0.005492894155292788 0.9999847803668193 0.12681287423611487
605 611 0.9997995017845226 -0.016874820273419768 -0.010788927060848373 10.32963193235771 0.01679680718749245 0.9998327501251825 -0.0073329742331815296 0.13028202323937557 0.010911560986377111 0.007150406730822446 0.9999148336577364 0.1365680245320728
612 618 0.9997991210766392 -0.013833214459364442 0.014491538280005153 10.46165798964794 0.01388763252597406 0.9998971337005191 -0.003611627068097416 0.09887969568978754 -0.014440234804517211 0.003812517182647725 0.9998884819208999 0.011696208976671563
619 625 0.999900697418038 -0.014054664305165988 0.0002707754669174522 10.42194178268292 0.014050626048339926 0.9998340585945201 0.011659270840185948 0.15057464428576042 -0.00043400372177608684 -0.011654410017131148 0.9999319845770834 0.13964991425576753
626 632 0.9999487220995621 -0.01012177948487059 0.0006320502253080602 10.388456864574941 0.010121201465737318 0.9999478060647498 -0.0010630330299794112 0.13429507026086615 -0.0006213420099561611 0.0010698660241258361 0.9999992057645958 0.1422551365981677
633 639 0.9999809063703157 -0.0061388722491586105 0.0006115507289699676 10.402014725528986 0.006138826509659861 0.9999813292990893 -0.00029325726197111494 0.09926295560297184 -0.0006095045419742148 0.0002976061280517788 0.9999997722324225 0.142410504713759
640 646 0.9999655352985173 -0.008227781012495801 -0.0009577068847334546 10.402619934988227 0.00822753654878377 0.9999651111883523 -0.0009788594748705315 0.11324857508240974 0.000965430393325302 0.0009704640593692238 0.9999990765389541 0.14695488741798693
647 653 0.9999639446101436 -0.008388895144355916 0.0011530910427670553 10.39788141408255 0.008385795237011754 0.9999612085921553 0.002766745971027569 0.10911326165853537 -0.0011754050072056107 -0.002756999846994956 0.9999954514030198 0.11495048087493184
654 660 0.9999518553301995 -0.009303181090727829 0.0032033699639160487 10.370628234205746 0.009299683521587289 0.9999559192162633 0.0009599291388685595 0.11077051460864591 -0.003211431320937259 -0.0009308407755352831 0.9999943425692474 0.12633161008303057
661 667 0.9999872362313751 -0.004096724464861459 0.003122403816054788 10.28728650666254 0.004079331478820177 0.9999767490071149 0.005488124928999164 0.10570150212245398 -0.003145451805368 -0.005475780440924702 0.999980130373237 0.1404332559649014
668 674 0.9999487337547783 -0.010054643903139444 0.0015147757762345036 10.147941368924855 0.010067672964996024 0.999905581807774 -0.009286938307659339 0.095916815948752 -0.0014212616859430342 0.00930128314637938 0.9999556846653406 0.14854837098772752
675 682 0.9999271318422306 -0.011408327434344438 -0.004015938593487841 11.56670054110643 0.011428618947315264 0.9999223220077035 0.004856650277581678 0.1456654362037801 0.003960243069381092 -0.004901604879116274 0.9999801181544561 0.1838061357708782
683 690 0.9999361601837327 -0.011187643000698458 0.0010346055282690323 11.347967050856901 0.011190316438363244 0.9999351602894473 -0.0024235099236617403 0.140757189236169 -0.0010080346707003786 0.002434308702678366 0.9999966595753186 0.14570829707124597
691 698 0.9998485392021184 -0.01741350281848391 4.371262878150681e-06 11.156189834134942 0.017412720604080747 0.9997949024236527 -0.010310239549814769 0.14449586298754882 0.00017469322894628767 0.010308375411232475 0.9999468235647013 0.13167281982969112
699 706 0.999687553476346 -0.024659347037282193 0.003993072806501235 11.12546572074205 0.02467412058392785 0.9996882459662149 -0.003881728012331106 0.18493441222143803 -0.0038957858007518205 0.00397909954554754 0.999984461974912 0.1096536780848552
707 714 0.9991918933102443 -0.03991558103285325 -0.004723389056965632 11.043899589820592 0.03992688368140374 0.9991997306797935 0.0023306195457341375 0.2914618049470315 0.004626590820874023 -0.0025176385283857713 0.999986131398871 0.12255411942949469
715 722 0.9989693523788096 -0.045282114264900475 -0.0030714582321696494 11.11010298986431 0.04524533891046875 0.9989140426992239 -0.011132914630341101 0.28951246080391385 0.003573046469245096 0.010982419044309483 0.999933329581403 0.11242299542806358
723 730 0.9982393420045115 -0.05907311766035672 0.00530936971156891 11.199376882651807 0.059066255035763786 0.9982532666644305 0.001549873427805374 0.38483213416659506 -0.005391567922685759 -0.0012329434544745528 0.9999847687040635 0.08052865048359403
731 738 0.9986634754216659 -0.05132210747283642 0.006080187539835132 11.10403015185464 0.05135164607221473 0.9986697318829697 -0.004750394935554984 0.33831622895113944 -0.00582785871776617 0.005056509739420497 0.9999702312111758 0.1343222854621376
739 746 0.9996547401796527 -0.025973543058019823 0.003982173562478239 10.828634136529704 0.0260009707452946 0.99963841081616 -0.006819613034462686 0.19157456153898392 -0.00380347640563265 0.006920967705985566 0.999968837050324 0.14804149924551382
747 755 0.9996864000522442 -0.024626770140231225 0.004616374943883809 11.173788045070975 0.024684653627708966 0.9996121120127478 -0.012867692373798858 0.17909069986741039 -0.004297087635694088 0.012977353314310804 0.9999064971259489 0.19872513458948465
756 765 0.9959382986592296 -0.089955242261848 0.003792004406276745 10.491199554265526 0.0899909081027478 0.9958832313038513 -0.010811383069882705 0.4378225873863361 -0.0028031201995182167 0.011108594824954722 0.9999343071685212 0.18490733939175394
766 778 0.9636932137654663 -0.266905238989394 0.0075729186938499815 10.816277720172277 0.2668036860357499 0.9636723532055876 0.012323467419222323 1.3547056087038165 -0.010586523862490498 -0.009854589201400319 0.9998954342190597 0.14081844670030033
779 792 0.9273194787845598 -0.3742626984155781 0.0022416121795940645 10.50540588926149 0.3742650572991141 0.9273201130793651 -0.0009692506546431101 2.316596105087979 -0.001716234287167102 0.001738734469686107 0.9999971097146219 0.13446993563339915
793 805 0.8879633034448204 -0.4598878214419012 -0.004981608603120299 10.320193861975268 0.45983349197084067 0.8879578691677633 -0.00914197764186548 2.703901810643824 0.00862797399998738 0.005827202580237239 0.999945867133598 0.09335028953790958
806 816 0.9839213005781393 -0.1785919552412524 0.001524237707895955 10.40275661848455 0.17845629794587622 0.9834407369867065 0.03158691784250084 1.4888948857588824 -0.0071405581473640515 -0.03080714950531474 0.9994999638656727 0.009976735171895837
817 826 0.9997163133006446 0.02378906477251203 0.0008342238761618689 10.491559953972716 -0.023791171590850913 0.9997139659536765 0.002351957021224514 -0.04564173133906698 -0.0007778358425599675 -0.0023718005146840804 0.9999968958363418 0.07897898005721372
827 836 0.9954869632437415 -0.09472730456398987 0.005833313470190767 11.295843772223495 0.09489867694573993 0.994300835405298 -0.04857932455209314 0.21365066842866262 -0.0011977123933460754 0.04891315251453992 0.9988022249553205 0.05169563980488018
837 845 0.9966218247362468 -0.08210259907625432 0.002081741862188434 10.509613496574241 0.08205316759612066 0.9964703339857307 0.017750356914946794 0.6458074928378315 -0.0035312816512999 -0.017519503099550995 0.9998402697539308 0.048908063475562466
846 854 0.9998939457993893 -0.014228668518670173 -0.0031765213899263988 11.053981920177144 0.014245199341053788 0.9998852251618785 0.005241590665388567 0.1670442282434839 0.0031017471254473745 -0.005286199545079808 0.9999811495260041 0.09072485172983619
855 862 0.9989226876559285 0.046116393016038724 -0.005170200955144986 10.044803301139313 -0.04604811452324502 0.9988600260272716 0.012543437426547994 -0.1230546091942421 0.005743007665807302 -0.012292524058884197 0.9999079679458905 0.11920759375427659
863 870 0.9969955265933212 0.0774511639334791 -0.0007907960907525042 10.35516517846324 -0.07743748475376923 0.9969362118435312 0.011030924575080637 -0.305047048967359 0.0016423346847597858 -0.01093665766520333 0.9999388594609666 0.07465069388473672
871 878 0.9973089295663567 0.07331413010137104 -0.00016336349259591786 10.60957173263861 -0.07331154256856226 0.9972239689920405 -0.013040690237270062 -0.3550162890713089 -0.0007935504017995426 0.013017350492040267 0.999914907441859 0.05699161961253988
879 886 0.9979848007635235 0.06344984583502114 0.0003036016296293588 10.930398072995656 -0.06344980375798455 0.997983588664602 -0.0016469228625760957 -0.31416683025934833 -0.00040674924675849003 0.0016251844581237755 0.9999985348678672 0.07745305874639302
887 894 0.9993514022187594 0.03584498105901736 -0.00339901462366435 11.2043219022791 -0.03583057441209278 0.9993497087772597 0.004112055533045646 -0.18090064008326728 0.003543666919014768 -0.003987633148974624 0.9999858667445952 0.09359230079952797
895 902 0.9993259284296951 0.03622135523444953 0.005980654379988661 11.271377142220384 -0.03625434922102654 0.9993278606504443 0.0054365717434236354 -0.11987655107388996 -0.005779822282552694 -0.005649648698970373 0.9999673131223193 0.02209187906792995
903 910 0.9990568343452964 0.04334449181007369 0.002659290526343563 11.295952652837938 -0.043344712046690416 0.9990600889362549 0.00013086471661952326 -0.16991075872816636 -0.0026511397699641925 -0.00024640346908678517 0.9999964248927843 0.07634848408409896
911 918 0.9985431992247603 0.053688763231561444 -0.005337908108298381 11.240031696303106 -0.0536854260125126 0.9985582217139525 0.0007051103510863127 -0.2276995184060613 0.005368391066734596 -0.0004182260042813223 0.9999854694599027 0.14737357605463777
919 926 0.999519293911554 0.027138215974512825 -0.015011046012615414 11.201207837439409 -0.02719492750556107 0.9996239827123321 -0.003589360741869658 -0.08702937689801916 0.014908183250720124 0.0039950410699931835 0.9998808440369288 0.1911983924376722
927 934 0.9993122644410728 0.027840791624360834 0.024474143382658905 11.20227253612866 -0.02752048950550275 0.9995325801541795 -0.013357259580227617 -0.11754554617142966 -0.024834448246035822 0.012674213931462387 0.9996111999219383 0.03559419467284596
935 942 0.9997810219803867 0.020071854036200605 -0.00593606219445351 11.177409595497117 -0.02003526081081246 0.9997805117765903 0.006117798605540864 -0.04546231294954194 0.006057341892683614 -0.005997058644143727 0.9999636966303391 0.17906072720841512
943 950 0.9998077933779572 0.01851635879006678 0.006464615336552753 11.137589209758998 -0.0185538820009743 0.9998104420351251 0.005843704798732326 -0.037422152979493806 -0.0063552721581332785 -0.005961845501010935 0.9999621258569997 0.08784188809439074
951 958 0.9997876974071048 0.020504704921116217 0.00181532703385593 11.174386798424582 -0.020478551143843365 0.9997018721851871 -0.01331736652926002 -0.06331975211002103 -0.0020880286306102416 0.013277357580567833 0.999909713941924 0.08843928093778122
959 966 0.9991994217346768 0.03909235916677549 0.008550846462678563 11.238016877435877 -0.03919683838846948 0.9991533965075419 0.012479027732537472 -0.1328161644311674 -0.008056058979065915 -0.012804701485523878 0.9998855477637333 0.06446024924559164
967 974 0.9994677170353222 0.03261515751262088 -0.001162419395388788 11.434843714319605 -0.03262210843955702 0.9994507778221431 -0.005936350090897444 -0.1553795818483057 0.0009679351968840262 0.005970839107333885 0.9999817149191667 0.1424987031068648
975 982 0.9997586391515465 0.021994295577774846 0.00026860872023031326 11.550472236898857 -0.021992960682532578 0.9997573772712508 -0.0010182160528483413 -0.08778952851162015 -0.00029017531833895415 0.0010124545083553922 0.9999993852434197 0.0963237705005494
983 989 0.9998021874987866 0.019446838047139897 0.004288094486728926 9.987344195241942 -0.019430606127389685 0.9998047498920614 -0.003610682327690368 -0.06583834788073292 -0.004357280598253724 0.003526372812726178 0.9999843477994937 0.075124143657548
990 996 0.9998288911529171 0.01849162480860955 0.000697605643753337 10.070421610481064 -0.018491803485623515 0.9998283139991675 -0.0006600366069519621 -0.0614157704868301 -0.0007094531321342748 0.0006471153221868911 0.9999995234754832 0.08852120356703118
997 1003 0.9997157195543368 0.023675960836390557 0.0029285761674444563 10.19758779887065 -0.02365683655675859 0.9996999180558557 -0.00635557071274444 -0.09196842498060397 -0.0030781123998308065 0.006285116535135112 0.999975507024944 0.09287643821825774
1004 1010 0.9991794147295879 0.04047665116219722 0.0007190831219037056 10.227364364108727 -0.04048279522084258 0.9989623552868747 0.020839093130738024 -0.1187028169804446 0.00012534677146015515 -0.020850746281803844 0.9997825600639537 0.13925490371209415
1011 1017 0.9990790031659749 0.042847308907209385 -0.0020456002945712236 10.043859254829115 -0.04286562442245651 0.9990263403692445 -0.010387366859081893 -0.17640748147541838 0.0015976654108285897 0.010464893748769102 0.9999439986874727 0.13270366691982244
1018 1025 0.9967298946106132 0.08072923776989846 -0.0035677841344637336 11.284174581296995 -0.08061341279591776 0.9964182640497135 0.025539572416794325 -0.3247297648253381 0.005616224553580269 -0.025168881059319026 0.9996675738411427 0.23324206619624926
