59 1275 0.903623779118343 -0.42832057169462834 -0.0024139923413062647 -9.689486389923683 0.42825764484026824 0.9035656113220298 -0.012822791242183407 -2.471433588700866 0.007674213637090616 0.010553952789944029 0.9999147498628276 -0.042820541675170354
78 1280 0.508999635723299 -0.8598489566673972 -0.03974868702177073 -8.67861154814835 0.8599895177587522 0.5099576553953441 -0.01893328044655271 -4.5967380919187555 0.0365511183864928 -0.024546548256821874 0.999030279521287 -0.3976626130090047
87 1285 0.16589354475517887 -0.9848981955405091 -0.049556572201304126 -9.265593019996036 0.9859252774364897 0.166702786217661 -0.01267230487907847 -2.7883546082710593 0.02074293750575675 -0.04675688495364709 0.9986909175303279 -0.32992075749377847
89 1290 0.15707305595957902 -0.9863674743125739 -0.04907177396384624 -9.31304257437389 0.987538154584255 0.15735909801387676 -0.002024021015366573 2.102654613271365 0.009718866033137388 -0.04814268386565726 0.998793194844278 -0.13450538994705963
85 1295 0.38692497661260405 -0.9205821139552619 -0.05310446089101303 -4.775072206725223 0.9221044988615223 0.38650033443094334 0.018433854218117062 8.629237983829416 0.0035555932254236096 -0.05610035868357353 0.9984187816694367 -0.05977755897958806
1637 1737 -0.9948130080050198 -0.10034542479133421 -0.016695893844825196 9.79781762105863 0.10049361620303912 -0.9949036601147486 -0.008278399516088506 -1.0952298818079225 -0.01577861235521527 -0.009914225066172434 0.999826415672208 0.17138812829083058
1633 1742 -0.9968164674107258 -0.07771472188036234 -0.017809381759737015 9.373372079430508 0.07781338167404783 -0.9969550906409477 -0.004973365080619036 -0.8130721857092702 -0.017366625775807682 -0.006344259577011141 0.9998289485495835 0.10030477740130561
1628 1747 -0.9983772353551462 -0.054822183260791496 -0.015431856518309719 9.742842365494678 0.05487972067608886 -0.9984872715364707 -0.0033733872128480107 -0.4857978731270932 -0.015221912130701393 -0.00421479480397971 0.9998752598480992 0.08895586000006188
1647 1752 -0.953109355318319 0.30120511596598953 -0.029297284367073025 -9.292328676160771 -0.2998949433044405 -0.9530467292242807 -0.042010390908742964 -2.752615902072332 -0.040574121289892746 -0.03125527575136165 0.9986874991213638 -0.2774098026612303
1640 1757 -0.9987763519762739 0.032552958817404616 -0.037225881537031054 -9.51019562631537 -0.031603645843793444 -0.99916586156009 -0.02584175700844427 -0.7536069562026964 -0.03803464772603947 -0.02463379641787222 0.998972640445208 -0.21893773363851243
1614 1762 -0.9999490126203605 -0.004432601849110696 -0.00911031081010631 9.280044388168193 0.004539008264081176 -0.9999215709058573 -0.011686806656044837 -0.04617841850103175 -0.00905623749002699 -0.011727643520537562 0.9998901437545393 0.07977060925718255
1629 1767 -0.9988049826179624 -0.029790332192152196 -0.03876128479417442 -9.534264790565077 0.029833053188286527 -0.999554666405953 -0.0005476432165758973 -0.040389067434141834 -0.03872539146289355 -0.0017046774660701214 0.9992483966231415 -0.1265149102214261
1623 1772 -0.9986891585047366 -0.028331401931468856 -0.042637476000259404 -9.187891892390176 0.028540293607463033 -0.999582464294853 -0.004303072484227979 0.02113871134408527 -0.04249600007864615 -0.005514416490405375 0.9990814646189294 -0.2577234197891515
1598 1777 -0.9994514637189488 -0.024036824890431834 -0.022763471281171045 10.11884882534986 0.024298465918464626 -0.9996415731495394 -0.011279347173414254 0.1166372503538478 -0.02248207886921262 -0.011826569538242553 0.9996773839747525 0.08331147399280328
1593 1782 -0.9996870016376386 -0.020636594961522287 -0.014123604206388442 9.900138612778346 0.020735882125213375 -0.9997612207808896 -0.006956236251849682 0.2123195859737233 -0.013975691519553303 -0.007247459578721284 0.9998761322918088 0.09222493247321939
1607 1787 -0.9993456340182038 -0.00944953358179561 -0.034916915620369124 -9.399381285400404 0.009549390967795035 -0.9999508658224568 -0.002702774772244814 0.2044475618641484 -0.03488774374920943 -0.0030351448978570713 0.9993865484841332 -0.11854961872454384
1601 1792 -0.9991918060665937 -0.005139236675021972 -0.03987326968841705 -9.01696600611437 0.005357351582071996 -0.9999716052901948 -0.005364824510090017 0.26405182952217593 -0.03984310451560163 -0.005573928063887417 0.9991904238996374 -0.19968255046092218
1577 1797 -0.9995716563200049 0.0027377504859965717 -0.029162667543778383 9.750784666909498 -0.0025775365687878966 -0.9999805368953018 -0.005524468765998315 0.47933468245097904 -0.029175370265567623 -0.005447031840427389 0.9995594954358732 0.13260144170974286
1572 1802 -0.9994482464707934 0.01031777562497018 -0.03158465511583819 9.888577509200669 -0.010370317827415293 -0.9999454224896467 0.0014955404344579792 0.4861175265306262 -0.03156622853685011 0.0018217902067301777 0.9994999070781028 0.18873072300995491
1567 1807 -0.9996109594205461 0.013250114579285507 -0.024566270798666016 9.932492260457492 -0.013295191477782287 -0.9999104489857488 0.0016574426798304403 0.380371390085731 -0.024540657432731414 0.0019825791612348154 0.9996967387709665 0.1131663055856361
1579 1812 -0.9995699663758056 0.005557593355635242 -0.028796725416517774 -9.175818654667738 -0.005021275411799189 -0.99981236289366 -0.018665166785464548 0.21356041421204183 -0.028893373220801048 -0.01851311218613269 0.9994110603004553 -0.15472974280577695
1574 1817 -0.9996549182890516 0.010547136826555652 -0.024079854351396764 -9.540652578958344 -0.010182001730790622 -0.9998316080295407 -0.015224135780718063 0.1192469034994728 -0.02423510232927644 -0.014974244501784119 0.9995942083069852 -0.11451643178694447
1569 1822 -0.9998160757112583 0.013614239387215796 -0.013495377016556304 -9.908679080594155 -0.013563032393960804 -0.9999006986162556 -0.0038454820022583653 0.021843784601002638 -0.013544889817350251 -0.0036622274806316097 0.9999016038522424 -0.028744654433635212
1564 1827 -0.9996251580574304 0.00984050416667868 -0.025552754522281448 -9.988678425939062 -0.0099639020515283 -0.9999388385426714 0.004686138700987479 -0.012795253965183617 -0.025503359302238376 0.004938994888315667 0.9996624888485011 -0.1282775519054068
1559 1832 -0.9998128067226072 0.006273229524768183 -0.01826978762115869 -9.245747785526284 -0.0061236617941881795 -0.9999473527247222 -0.008250152250862975 -0.009677985243651318 -0.018319490701299394 -0.008137301414063988 0.9997991220481669 -0.07391508977414757
1540 1837 -0.9994114260458403 -0.006910164585983608 -0.03360831182098029 9.540783182573726 0.007198839868251542 -0.999938468554972 -0.008496578368824424 0.13764626099083077 -0.03354604496287158 -0.008734861522212973 0.9993989508505304 0.13327281184819947
1550 1842 -0.9998826871389253 -0.001155259873420232 -0.015289090541189864 -9.521445473271143 0.0011614186081867158 -0.9999990185235976 -0.00039755709625135936 0.06947195676949502 -0.015287228573262623 -0.00041540267213760663 0.9998829931751014 -0.08952885132590754
1545 1847 -0.9997983003378877 -0.0038178211959707872 -0.019721070619738858 -8.771982926405073 0.0038949436715526317 -0.9999842713005885 -0.0038704179946836524 0.11693221613904196 -0.01970467989429716 -0.003946486859087231 0.9997980963538046 -0.022425092781014132
1527 1852 -0.999554516252183 -0.002696011627152855 -0.02971983599978202 9.543287181025 0.0028208530333288786 -0.9999869883325951 -0.004202142443482849 0.23623241000859055 -0.02970675316169337 -0.004284179893358886 0.9995494564218839 0.13673344134138063
1537 1857 -0.9999520226082654 0.0011272368551023444 -0.009694590745909051 -9.405764019499939 -0.0009982738821141253 -0.9999098951221689 -0.013398344316135987 0.12185621438832947 -0.00970756980594744 -0.013388940219767801 0.9998631528358309 -0.012771589448832561
1533 1862 -0.999678043871543 0.005187355105308277 -0.02481750174423026 -9.434578340433022 -0.004840332842822192 -0.9998892689951184 -0.014028182563868485 0.10504852722359129 -0.02488597904434455 -0.01390472744478711 0.9995935331288991 -0.10253312590811708
1529 1867 -0.9994836647135741 0.009070719927819227 -0.030832766045593273 -10.116007098247836 -0.008704599764487685 -0.9998896078901309 -0.011994211546755515 0.04824438418977558 -0.03093669371204297 -0.01171952155917246 0.9994526607819181 -0.14852841557821425
1524 1872 -0.9999055991980782 0.005313503596069555 -0.012626430303926938 -8.602499559422045 -0.004935884122410975 -0.9995453951648373 -0.029744739481772784 0.05350253248600706 -0.012777096959270881 -0.029680034847309977 0.9994778468899468 -0.041919503838707683
1506 1877 -0.9998275013386578 0.005210261598142224 -0.01786020331957818 9.750990665187148 -0.005072987830723553 -0.9999576423713082 -0.007712007407666392 0.16631880295211024 -0.01789856989620415 -0.007620516124335475 0.9998108149544805 0.08417127921360677
1516 1882 -0.9995214611998164 0.007817540391479515 -0.02991736206893599 -9.704592851890482 -0.0075229644972126045 -0.9999232291804786 -0.009920343636183448 0.028520220224575628 -0.029990821424314314 -0.009690580926885803 0.999503091423785 -0.14507153296042474
1512 1887 -0.9994687998617836 0.016105323512291683 -0.0283430836234729 -10.003149022080557 -0.01596480508481812 -0.9998589866058096 -0.005198025618507216 -0.08662307165590173 -0.02842124395480253 -0.004743284082232983 0.9995847833580817 -0.12890126132787957
1493 1892 -0.9997093721840343 0.009423511374058745 -0.022208787981487288 9.549921984911968 -0.009077133653641089 -0.9998353574777977 -0.015646463377211886 -0.21009725895636042 -0.022351109545067502 -0.015440716563982661 0.9996308879067028 0.0970459525372507
1503 1897 -0.9990852164245817 0.028702212178069345 -0.0317238582933595 -9.034243224814213 -0.028568424191256957 -0.9995808460227572 -0.004665684736886087 -0.3807329651465533 -0.031842865956045005 -0.003756436646724478 0.9994858653492642 -0.11564009177551442
1484 1902 -0.9998463961890032 -0.002195909822190242 -0.017398155897898032 9.900954383787711 0.002524982782711369 -0.99981947553575 -0.018875009496982748 -0.4909324074048933 -0.017351317315073583 -0.01891659570418493 0.9996703795514336 0.04273689107568337
1495 1907 -0.9992111080164713 0.024687296796410393 -0.031112907861188553 -9.552164343273235 -0.02450116647211701 -0.9996796608104243 -0.006381414897451837 -0.6064985792450766 -0.03125909155234936 -0.005615439250225382 0.9994954009939577 -0.08935853905919931
1490 1912 -0.9993813681806685 0.017734669997177446 -0.03035755700351508 -8.671509323690167 -0.017595914247835256 -0.9998335707530844 -0.0048575283602092486 -0.6308928204088167 -0.030437358643474955 -0.004321036278964772 0.9995273214881881 -0.07890289558303455
1486 1917 -0.9996413782921154 0.01143964892200771 -0.024211691640173564 -9.19534703955217 -0.01152561907893506 -0.9999279416365261 0.0034435283437962995 -0.6145146850803183 -0.024169256394432258 0.0037206198811265594 0.9997009815842518 -0.09796968890157826
1482 1922 -0.9994113503608647 0.0023372243143835745 -0.03425191727444663 -9.570388330518634 -0.0022761353559199596 -0.9999963646409673 -0.0018463399886592792 -0.5607050440234046 -0.03425433834268498 -0.0017679300409506856 0.9994114990183965 -0.06431335048688658
1460 1927 -0.9997765063010727 -0.0027599768156684906 -0.020968441200576605 9.058255382934254 0.0033913379522699195 -0.9995384861489791 -0.03016592674403681 -0.1860067990046512 -0.020874044920101045 -0.0302308658081996 0.9993248417171031 0.04050673994537546
1455 1932 -0.9994255177109228 0.024459878644109114 -0.023444866645243995 9.233175420425676 -0.024001056369803982 -0.9995185215124998 -0.019672633616617096 0.13149037373174083 -0.023913203544079265 -0.019099340866144503 0.9995316924072585 0.04310279692140524
1450 1937 -0.9945520683882974 0.10301334242455344 -0.015935313868088236 9.167901737129416 -0.10290326672667215 -0.9946626630154405 -0.007547370687365564 0.7298694834390367 -0.01662552969931991 -0.005866845780680535 0.9998445979320515 0.0368146064102118
1444 1942 -0.9712212553682634 0.23772716214096087 -0.014679712973284144 9.666077009416346 -0.2374176320470276 -0.971200115695758 -0.02008851549513794 1.786975792369388 -0.0190304722640938 -0.016025912400705784 0.9996904531156107 0.008469289256026788
1437 1947 -0.917833413548983 0.39683323304827856 -0.010284189854183915 9.23626716704714 -0.39627841752733994 -0.9174587594721582 -0.03509702858880217 3.097278268666316 -0.023361544325639118 -0.028138710884847314 0.9993310042522106 0.06782447063748637
1430 1952 -0.7810799994175428 0.6244011768092113 0.006247311088810669 8.334003567905441 -0.623883918445951 -0.7799364778040324 -0.04966412947591195 4.6999191983398445 -0.026136071198097438 -0.04268982905184203 0.9987464130908 0.034578198595093236
1422 1957 -0.545284602380912 0.8381764847630296 0.011207723105589401 7.727706859427013 -0.8369087915927614 -0.543607446543733 -0.06381746970119047 5.790868744635686 -0.04739672359321457 -0.04417971827837702 0.9978987181903541 0.14557858680295158
1450 1962 -0.9423908284779016 -0.3344893950080767 -0.004073276961941856 -9.498799935138393 0.33390477229095883 -0.9413406751537374 0.04884460603784918 2.4894110024234184 -0.02016996520746166 0.04467088801586934 0.9987980982693833 -0.05387793854576614
1411 1967 -0.167381276173908 0.9851698480540568 -0.0377406684593511 8.406194077859357 -0.9811260686402368 -0.17020931776242945 -0.09175475038871679 4.948451916606361 -0.09681698068186413 0.02166959319418386 0.9950661537992788 0.6195534583865703
1409 1972 -0.06881996549338766 0.9970502270998393 -0.03402044415411406 8.995257731398171 -0.994756539089535 -0.07116655264227487 -0.0734371094823674 3.7787109413640625 -0.07564073997604542 0.028786626326003855 0.9967193478157 0.5260646829703036
1441 1977 -0.9991069088803103 -0.0343815139049413 0.024551043791374027 -9.852070007419812 0.035978442541208355 -0.9970431948816588 0.06790322088705279 1.7288751030535405 0.022145542356722562 0.06872547964518748 0.9973898278184654 0.03239422519762239
1438 1982 -0.9739143281495679 0.22674828656646787 0.008788575042231718 -10.014451568713591 -0.22507185826939802 -0.9701982521472846 0.08977069272245802 0.42566461113119247 0.028882738907361982 0.08545019487909898 0.9959237663401809 0.130551130772723
1409 1987 0.32441993166745375 0.9446624601623368 -0.048645069511092126 9.6929174540644 -0.9455000293830558 0.32233045063079396 -0.046163755662019974 -1.7610295982437074 -0.02792922470862588 0.060969302839257694 0.9977487219484952 0.2912580674626544
1432 1992 -0.6179635642008697 0.7855132101078675 0.03302720663062994 -9.011226901479535 -0.7823729559882523 -0.6185512060258473 0.07270504919597913 -4.788293475234605 0.07754024661051856 0.019088410837309545 0.9968065213381719 0.2905486077212143
1417 1997 0.3139471520173925 0.9481980219789807 0.04856635397663617 4.847958178475067 -0.9469726345105695 0.30903577763611756 0.08796808743180158 -8.624805646186989 0.06840205741455545 -0.07360848157235832 0.9949386768905699 0.37785681243502567
2367 2467 -0.9788810422677955 0.20045296115384262 -0.04014458666355557 9.084244218612218 -0.19964108163799016 -0.9795911228532661 -0.023340821140402243 3.1482469058799807 -0.044002675033911566 -0.01483477194240407 0.9989212944208944 0.332494520139815
2363 2472 -0.9946892285987655 0.10067057140635655 -0.021421783613655286 9.893929384733395 -0.10009650969503375 -0.994628956859501 -0.02635133139223319 1.598119119936007 -0.02395745726440403 -0.024066992383842006 0.9994231726800572 0.1636567388666519
2360 2477 -0.9992034964651301 0.036413545613394036 -0.016334918248403336 9.277459433507344 -0.035978743141782815 -0.9990089477057055 -0.026182881530995954 0.7054417923717634 -0.01726969882629987 -0.025574926425995008 0.99952372837098 0.107772881779471
2356 2482 -0.9998322605659468 0.00042184079646995275 -0.018315942982735058 9.311614238203369 -0.00014511447073948288 -0.9998861558638197 -0.015053259273055102 0.2958425880721607 -0.0183184840873042 -0.015048840006207306 0.9997188969138904 0.14270025741870326
2379 2487 -0.851502466237301 0.5243435943135895 0.0029243279942953062 -9.665181518759086 -0.5235710126510099 -0.8499170509054859 -0.059265971682188716 -1.5282513905531072 -0.02858927254652216 -0.051997154259120694 0.998237960958264 0.00025733566534733254
2372 2492 -0.924609913970926 0.37984370682032953 -0.0285532051909648 -9.750968278480833 -0.37912867490981783 -0.9249364043581214 -0.02744391563010208 -1.706112056901294 -0.03683302278109475 -0.014550262676383336 0.9992155644975909 -0.2294395709722461
2366 2497 -0.9742027108437722 0.22174344366875343 -0.041936693777695884 -9.810611604050141 -0.22087595941741497 -0.9749983971796297 -0.02434121246669841 -1.2476326255473045 -0.04628447810605013 -0.01445125262112462 0.9988237775429616 -0.3572708490393914
2338 2502 -0.9993653284558158 -0.030569847653435744 -0.018287902607785848 9.470716157875508 0.030656274259643797 -0.9995203930988368 -0.00450223779344943 -0.0004965508534274811 -0.018139494852180853 -0.005061239709543343 0.9998226123879717 0.12538950986407613
2333 2507 -0.9989678151093425 -0.03414691733556952 -0.029966099842159134 9.719520600120529 0.0343464489997373 -0.999391024815531 -0.006167270944569921 0.023213645169949355 -0.029736082018491653 -0.007191034684526383 0.9995318056734314 0.17264047797020918
2350 2512 -0.9993726674551259 0.018485050024737975 -0.030219034010339946 -9.520390125500242 -0.01825048076330029 -0.9998009754860653 -0.008013652886501956 -0.04855440858904877 -0.030359612138468613 -0.0074575047701124 0.9995112072740987 -0.18402399333760036
2324 2517 -0.9997547674652486 -0.017000971838903946 -0.01420945089642874 9.048534258156828 0.017211690645665998 -0.9997413880541778 -0.01486564215118533 0.3006940006128386 -0.013951109713951696 -0.01510717012203843 0.9997885629565295 0.10483576896746762
2339 2522 -0.9992835727438475 -0.009725954606089058 -0.03656745869075166 -9.142703993645931 0.0099945821992411 -0.9999242441034281 -0.007174949905019477 0.18161546518653401 -0.036493169721291255 -0.007536141589889629 0.9993053797846793 -0.13722658335043006
2334 2527 -0.9988016316124882 -0.019451605948357036 -0.044909281736809824 -9.469742460865858 0.01951277416549556 -0.999808956234192 -0.0009392902445611303 0.3673733808527106 -0.04488056842896485 -0.00181507578699248 0.9989907330991699 -0.2324294032131927
2309 2532 -0.9996162547681499 0.016319310919227163 -0.022377698991071407 9.570776314434458 -0.016391186596048525 -0.9998612970538272 0.0030007700186887427 0.7177067121560738 -0.0223232430552666 0.0033663079170541932 0.9997450848437962 0.09857652769332667
2323 2537 -0.9986607145441347 -0.029861400337798716 -0.04225315816731845 -9.43494367146958 0.03103156930444095 -0.9991461610140483 -0.027308332909942546 0.5380263803659026 -0.04139992588978273 -0.02858296224195501 0.9987336367801437 -0.23007772164577434
2299 2542 -0.9995155383767347 0.021785765319645774 -0.022197515467907547 9.018097240803256 -0.0216698827464216 -0.9997504238972474 -0.0055000865800996475 0.6672225273496543 -0.022309608326403302 -0.005016614115714059 0.9997385251044761 0.17148829551782754
2312 2547 -0.9989915817790845 -0.018586433141536414 -0.04085646158235498 -9.364172510029217 0.018963682247208853 -0.9997809009842704 -0.008857287546293885 0.6056905725342487 -0.04068061707228521 -0.009623759544800874 0.9991257749428828 -0.17745191000727134
2289 2552 -0.9997693040472415 0.021300478260779646 -0.0027970639000769017 9.814731438385596 -0.02126248643995079 -0.999688130401639 -0.013094261309682803 0.5614388048027895 -0.0030726633201740568 -0.01303239656154184 0.9999103345834945 0.0640845727219419
2284 2557 -0.9992991765184746 0.02114908981436122 -0.030891763445345256 9.54018932663422 -0.02080530278333551 -0.9997180185293851 -0.01142749228143001 0.5117829928209288 -0.031123090586637335 -0.010777004251068919 0.9994574153888987 0.10587073125535204
2279 2562 -0.9993718042259485 0.016837236289452728 -0.031163834099784193 9.699292574606169 -0.016729090733644602 -0.9998528999364363 -0.00373178680992409 0.42472533317613936 -0.03122004665321739 -0.0032087863198249265 0.9995073089098141 0.14583291016331001
2291 2567 -0.9996245381404327 -0.007248750633893669 -0.026398070671900798 -9.71554236005818 0.007421574450028632 -0.9999511769533171 -0.006495937226250765 0.3018898358808926 -0.026348451398163355 -0.006690352510386777 0.9996304653742124 -0.07838843594005732
2286 2572 -0.999720992211004 -0.009108591285019731 -0.021753779153447065 -9.548612747741371 0.009407089440316384 -0.9998621152022372 -0.013655171878079077 0.26193320045822327 -0.02162493658129121 -0.013856210883682503 0.9996701111566363 -0.11337788310945715
2265 2577 -0.9995029186502036 -0.0008387336944612183 -0.031495107696444896 9.220393721728819 0.001269164007581194 -0.9999058820592495 -0.013646175901449054 0.40499603660698497 -0.03147910803946698 -0.013679884341336004 0.999410768933498 0.1091260720872208
2260 2582 -0.9992733575036169 0.0034718225022576784 -0.03795428939386145 9.8267281253689 -0.003174423205616205 -0.9999639024181091 -0.007890666593862065 0.4748317702029386 -0.037978832528831205 -0.007764712028427288 0.9992484474528939 0.19934734161299514
2271 2587 -0.9994505963071924 -0.018671881947822943 -0.02737436421409646 -8.592007772574878 0.018906425307499457 -0.9997861564281759 -0.00837339742386413 0.40510844447026556 -0.02721034685490297 -0.008887167206983251 0.9995902081402506 -0.08747351700503425
2267 2592 -0.999722249707718 -0.018851785813444887 -0.014113206094460028 -9.446474338246903 0.0189687999956772 -0.9997874105252367 -0.00814631242779476 0.4451063443952347 -0.01395471025049813 -0.008412059838233829 0.9998673377220566 -0.08442210855701991
2262 2597 -0.9998003111730299 -0.016191313622985433 -0.011714657398207205 -9.615639802845113 0.016309709823584984 -0.9998153534339045 -0.0100709712489511 0.4409357377284032 -0.011548444596444324 -0.010260708267135502 0.9998806890817818 0.0002551168698808664
2241 2602 -0.9995038959892489 0.018327321272945958 -0.025601657567396508 9.615904775296173 -0.018169220722194845 -0.9998137128391053 -0.006404118027352908 0.5443715125927937 -0.025712315464582747 -0.0059359641455729376 0.9996516897841483 0.10184736083988387
2253 2607 -0.9995102568510239 -0.012883472427656851 -0.028522184927904867 -9.50834347507037 0.013188181863550169 -0.9998577426193738 -0.010554238186729036 0.41090082815396717 -0.0283804321099873 -0.010925875406548225 0.9995374139989418 -0.10727548952185662
2232 2612 -0.99953550983828 0.02182820518976425 -0.021271943643696174 9.254410386505867 -0.021564649933239623 -0.9996886016708969 -0.01255217201967651 0.48602328319478283 -0.02153786885046303 -0.012088675591986333 0.9996948117618718 0.09773434330654751
2227 2617 -0.9995876323181451 0.01703916443355643 -0.023109281556527944 9.73800820562138 -0.016856499541318765 -0.9998248678610641 -0.00804032260218148 0.42482624328403146 -0.02324068683312439 -0.007648342505663801 0.999700587775095 0.13066502121415635
2239 2622 -0.9995378178351236 -0.014109507701088207 -0.02691215707896486 -9.384574938180238 0.014314469057206687 -0.9998707863503716 -0.007413773252483611 0.3540226515105462 -0.026801750211291685 -0.007796575438432458 0.9996103928578518 -0.10446353832541404
2218 2627 -0.9997649169512889 0.006794737111619881 -0.020611142229953586 9.277643588244485 -0.006687203190246185 -0.9999634266365184 -0.005363915894145379 0.3288749061226662 -0.02064468886801869 -0.005225162393255596 0.9997732495051838 0.07401146786322166
2230 2632 -0.9995683307605309 -0.0020082981990245156 -0.029299255253049963 -9.665585685719915 0.0022974273101498237 -0.9999486026420467 -0.009857801346553197 0.2189659003441857 -0.029276280206314637 -0.009921983908647854 0.9995220681988825 -0.09005257147364791
2225 2637 -0.9994336866190718 -0.002685793129752803 -0.03355196427800872 -9.204366507667409 0.0032316745811339863 -0.9998633437981561 -0.016189203560254162 0.16600121623986702 -0.033501886498053586 -0.01628987325963956 0.9993058536221691 -0.15120047386113078
2204 2642 -0.999889735649236 -0.001263279253400601 -0.014780335004950832 9.4555538738102 0.0014926461249488792 -0.9998788698909394 -0.01553632961331222 0.2386312641332373 -0.014757390633773935 -0.015557091947497673 0.9997700520316307 0.031066535519924773
2199 2647 -0.9997421712893655 -0.0009003309716110487 -0.02267786670929059 9.762997247757076 0.0011203839184095684 -0.9999523592315304 -0.009712689115924149 0.2610102862222765 -0.022666398314941577 -0.00973587918777517 0.9996956994230514 0.09868437801149132
2211 2652 -0.9994031762973287 -0.003561749958052542 -0.03437688132584332 -9.363207416615444 0.0036040187584066175 -0.9999923009466694 -0.001161028471846455 0.17275621257727405 -0.03437032124315478 -0.0012851447019961982 0.999408328523276 -0.12740321302683572
2207 2657 -0.9995677984574154 -0.0035477925286981813 -0.029148539270281063 -9.597909385282989 0.003836281548515968 -0.99994438089274 -0.009857980378638252 0.15563220772608843 -0.0291107617087866 -0.00996548319331495 0.9995264552878481 -0.1250292379240472
2185 2662 -0.9999145546886118 0.00455184728241872 -0.01224180072997688 9.49301220918765 -0.004452065341740643 -0.9999571222196691 -0.008117123599234813 0.2820919838832777 -0.012277110536978365 -0.00806219187314103 0.9998920820517797 0.0518500345187947
2180 2667 -0.9998651047819179 0.008213838799640166 -0.014241841469822806 9.687664873271553 -0.008052332916367519 -0.9999033061911999 -0.01131879758552795 0.26189267525821897 -0.014332379160728033 -0.011203840461665605 0.9998345014657021 0.05153395309488251
2175 2672 -0.9997777999380507 0.007696949634880298 -0.019608199818016103 10.00551972603916 -0.007495056165562022 -0.9999178341741145 -0.010357524879400518 0.18282546526771767 -0.019684098000295025 -0.010208810512355707 0.999754105203628 0.10236607279158609
2188 2677 -0.999209784123866 -0.0010396994324163664 -0.03974710365590429 -9.359192109651671 0.0011200081745605106 -0.9999977014535918 -0.0019774226514439903 0.11114448401060247 -0.03974315487114947 -0.0020209203282762077 0.9992077886824479 -0.14700134988317867
2183 2682 -0.9993549978245051 0.0015108833050873846 -0.035888367175903255 -9.35124628640597 -0.0012026650588827256 -0.9999621800637309 -0.008622536593022468 0.04123157871530408 -0.03589928810055565 -0.00857396265427386 0.9993186279467147 -0.15473950883724208
2178 2687 -0.9992602961456063 -0.0013761999239329235 -0.03841987170721997 -9.631832609720089 0.0017538951239762634 -0.9999509996966179 -0.009795759427787515 0.016038458141064433 -0.038402450088506415 -0.00985629949007329 0.9992137313786834 -0.1648942768673233
2173 2692 -0.9993322515802578 -0.0073430186382599716 -0.03577292429176901 -9.220756678128389 0.007938330823450886 -0.9998328012125416 -0.016535474886179763 0.06059742302500134 -0.03564338435630093 -0.01680914906798851 0.9992230861085114 -0.14502455487859622
2168 2697 -0.999269287529996 -0.016657675979749004 -0.03439921820986159 -9.23386498904168 0.017172288758423165 -0.9997440273008157 -0.014715872432847239 0.17682873054316844 -0.034144196644389335 -0.015296748649254878 0.999299733550763 -0.12206430937170738
2145 2702 -0.9991890046799312 -0.035932305881214155 -0.01815235488985109 9.56705517076052 0.03616563695547956 -0.9992658897642872 -0.01268621171110539 0.4449908869980504 -0.017681190461848514 -0.013333415288599383 0.9997548707718509 0.05503252549663149
2139 2707 -0.9986814405161577 -0.03922559152875685 -0.033105221451102056 9.912614599015338 0.03991036382558459 -0.9989969374040895 -0.020270904382337328 0.6101481142995026 -0.03227584026487552 -0.02156625737906674 0.9992462423788034 0.15700453623584637
2153 2712 -0.9991324936161289 -0.03250200751539068 -0.02601581244162582 -9.761978069362364 0.032641927395840625 -0.999454904685303 -0.004958398531525303 0.7379673030751374 -0.0258395723762894 -0.00580433075733475 0.999649284359669 -0.08189717518404106
2127 2717 -0.9987556253638556 -0.03897913745634211 -0.03111077333555032 9.140552006036778 0.03983843414641995 -0.998828953296386 -0.027454820765132962 1.0755505118791797 -0.030002751116217728 -0.028660385515426694 0.999138824320553 0.12646290001598612
2120 2722 -0.9986257746398692 0.020572696268030117 -0.048197886885216534 9.346810023800789 -0.018682039817741473 -0.999051325417673 -0.03935481357810186 1.715899350434869 -0.04896029169970623 -0.0384004639115128 0.9980621408192867 0.1856810154986923
2138 2727 -0.9985542884461984 -0.049090448094085866 -0.021920421315529817 -9.61860582522724 0.048778019830286255 -0.9987040941175811 0.014562630473549644 1.3966673954199553 -0.02260482237703925 0.01347181505099895 0.9996536232972675 -0.058978074243382875
2106 2732 -0.9656578440830739 0.25761975668001375 -0.03369744941049528 9.051475577265139 -0.2557987592231493 -0.9654185266690183 -0.05034146910650544 3.242647237608622 -0.045499646724300215 -0.039993880055560926 0.9981634338895937 0.18056073520180366
2098 2737 -0.8212737601070031 0.5701557721236842 -0.020784059392280736 8.411706984480457 -0.5690781689333844 -0.8212354934466078 -0.041490125628574556 5.199655106798025 -0.04072375505852816 -0.022247973577509104 0.9989228150016578 0.11715444083514714
2092 2742 -0.5958454284415308 0.8028777784309415 -0.018868886576697858 7.4493780187706555 -0.8016271810416293 -0.5960119928038913 -0.046515637072874545 6.119306435029206 -0.048591829864137556 -0.012590822113823522 0.9987392654073447 0.21018215632021733
2086 2747 -0.317331324431999 0.9474703134754189 -0.040021356184350994 7.317542955337994 -0.9444789630948299 -0.31955815589506376 -0.07642722302851594 6.771480463975317 -0.08520073047330728 0.013546538547500825 0.9962716243175925 0.5682572553661038
2083 2752 -0.1590046803614029 0.9866632645458494 -0.03485770237041605 7.514411773644243 -0.9846224365108599 -0.16106486344607074 -0.06763754909232846 6.3993474790977265 -0.07234838930756805 0.023565318612197853 0.997100835923014 0.419541112544897
2081 2757 0.016758539586247335 0.9993685156414315 -0.0313385854690821 7.95007960911678 -0.9975502266152921 0.014584458581790553 -0.0684061562366328 5.7121299762801 -0.06790558951922676 0.03240674778770115 0.9971653192065979 0.30117978789807
2080 2762 0.18833608988877207 0.9818885845364976 -0.020647111740304293 8.505408499058287 -0.9805083396746321 0.1867915989218505 -0.06091321545753558 4.686041038998511 -0.05595256819554068 0.03171573572470144 0.9979294852766105 0.21442531819186328
2080 2767 0.33438775029735124 0.9422265467510919 -0.01987066093206242 8.99004181001507 -0.941148269240991 0.3327566046238326 -0.059257139070156124 3.2705721034154145 -0.04922118763187867 0.03851448097897457 0.9980449825392128 0.156242882821901
2080 2772 0.495519285219636 0.8685786530320746 -0.005710747531789725 9.80564609149438 -0.8683088883208349 0.49517692137121977 -0.02896086709812418 1.8443507548477036 -0.022326226796408877 0.019308539455792317 0.9995642448370244 0.10155009929221552
2082 2777 0.5848433578328686 0.811054371155242 -0.012212738167347142 9.905298456820098 -0.8111429264043932 0.5848060394315411 -0.0068782135006101 -0.6723648153336699 0.001563539080096119 0.013927827071716008 0.9999017970555647 0.13957720502114693
2086 2782 0.6071872830884217 0.7943726738364028 -0.017181990592801868 8.824309579070292 -0.7945579922736729 0.6070441436004155 -0.013224184278886669 -4.4118690071393285 -7.40583986864573e-05 0.021681053159346413 0.9997649049293491 0.13478647728728466
2098 2787 0.22817092411491663 0.9730055944642975 0.034608632176053616 -0.5062222671281471 -0.9735842478651309 0.227714115265136 0.016676780120722035 -9.959646628884462 0.008346574616818992 -0.03750070867907904 0.9992617759016009 0.1806940335180678
3232 3333 -0.9893576423951445 0.1433165093543517 -0.02514555121741438 9.56357991511548 -0.14295025422559382 -0.9896037743475004 -0.015793564378884385 0.6268114845392058 -0.02714602714104144 -0.01203060487071996 0.9995590160982483 0.1495163388182615
3227 3338 -0.9954972028844138 0.09279521084986424 -0.019332074448236387 9.82433319642552 -0.09257417377323786 -0.9956338466707532 -0.012017730910196391 0.22836124129967994 -0.02036164103380751 -0.010174346915050023 0.999740866762993 0.1447533571010087
3223 3343 -0.9982088664400262 0.05489613503070443 -0.02377555109339048 9.086057206389967 -0.054571633660565874 -0.9984114123644174 -0.014050338396584774 -0.036077677235752975 -0.024507486781845434 -0.012728515451096302 0.9996185533127714 0.14718878710021133
3241 3348 -0.9917890923749269 0.12362172985811816 -0.03273571524871712 -9.607830732522038 -0.12255903043829769 -0.9919226423849289 -0.03267860371953536 -1.1563455912567013 -0.03651002574655655 -0.028399518466453198 0.99892964619583 -0.2054288827373516
3235 3353 -0.9995933219074175 0.000676404084250162 -0.02851465364586297 -9.695824120127138 -0.00017649715700555354 -0.9998453830140261 -0.017560891464397092 -0.3458715356887515 -0.028521158146661122 -0.017548957739133203 0.9994391225936495 -0.20961449644299457
3229 3358 -0.9997543621770358 -0.005424050604928249 -0.021493703094305677 -9.440968224697215 0.0055127034407613665 -0.9999765201465223 -0.004101380036030811 -0.29622232028427076 -0.021469550734037487 -0.004219654519865297 0.9997606546655085 -0.07151234688670041
3203 3363 -0.9995141216209549 -0.021492805568520852 -0.02259805497376299 8.996510069875463 0.021716968366819002 -0.999716330802699 -0.009725644834393796 -0.19970403152019195 -0.02238033760574454 -0.010213071565057397 0.9996972886982852 0.05420341153410844
3218 3368 -0.9997580612136858 -0.003928178405324745 -0.021616664021193794 -9.35577769028141 0.004059873676593363 -0.9999736110429771 -0.006053625621740903 -0.2653057958525018 -0.021590235940216525 -0.006140382520275035 0.9997480719737483 -0.14446637873113605
3213 3373 -0.9993867141754196 -0.0006228601914343435 -0.03503697034784922 -9.932735299318416 0.0009096950651961798 -0.9999666661646102 -0.008169629310796563 -0.17111290013739056 -0.03502843566680536 -0.008197167937524981 0.9993527178944419 -0.11693792532523103
3208 3378 -0.9992409167453217 0.0018753501197545975 -0.03890469116646231 -9.770116938204414 -0.0011942392236506734 -0.9998455933393826 -0.0175210970007133 -0.17372700342649236 -0.03892973997073314 -0.017462105059846283 0.9990893635769406 -0.2327823760030646
3183 3383 -0.9998026727103344 -0.011620141648686997 -0.016112616899419493 9.264463243944823 0.011868576386605005 -0.9998103580392254 -0.015436060568849804 -0.06277511317266785 -0.01592824869240851 -0.015625532698132345 0.99975106395727 0.10648774017821772
3197 3388 -0.9994050319806063 -0.004916060284735653 -0.03414319144301229 -9.670512044193556 0.005244542554668237 -0.9999416409093521 -0.009538336608365222 -0.17196495952304516 -0.034092901273053054 -0.009712260208851306 0.9993714718653002 -0.16066745335145727
3192 3393 -0.9991416298872663 -0.015710893533933436 -0.038333914576110496 -9.343491204873551 0.015937367538175068 -0.9998567937099929 -0.005602406238401948 -0.023324092283435682 -0.03823848846608839 -0.006210023159574777 0.9992492105034619 -0.18775354677653042
3187 3398 -0.999109265041169 -0.014936586528693617 -0.03945831356359318 -9.817103671526256 0.015300076482073856 -0.9998433413874402 -0.00892866690811422 0.011753588436178342 -0.03931640265418561 -0.009524841570816123 0.9991813497976105 -0.18134419179820846
3182 3403 -0.9993475500773684 -0.011728833019625682 -0.034149498843258484 -9.578032447438357 0.011859115670687908 -0.9999236800864572 -0.003621935784901075 0.03259352854566709 -0.034103233490058116 -0.004024381647601007 0.9994101595636757 -0.19029205301289018
3177 3408 -0.999538372418178 -0.007759796781371512 -0.029368975788838257 -9.712099911694603 0.00791763877413726 -0.9999541215780512 -0.005291933497067273 0.042974594393666375 -0.02932482639347237 -0.005522373950270799 0.9995546845281994 -0.11287953763580336
3172 3413 -0.9990546129317395 -0.005430889496378345 -0.04313365243638823 -10.18361536725156 0.005800698085827405 -0.9999481385427172 -0.008452014760914034 0.02132825948615751 -0.04308467892223261 -0.008694451812481657 0.9990335612379421 -0.19891200663305456
3148 3418 -0.9998072970193771 0.015389540813482337 -0.012136221992927779 9.50051491850725 -0.015279183040335077 -0.9998418343198698 -0.009164313917253855 0.1271500382866371 -0.012274699929071589 -0.008977875938053026 0.9998843965508462 0.0767570723030127
3143 3423 -0.9996364683237519 0.01471116644637055 -0.022602309385645242 9.604084140965806 -0.014459889386363695 -0.9998321124937667 -0.011247651835348607 0.09047764515912209 -0.022762476167351865 -0.010917904896017504 0.9996812108796111 0.10455053081495197
3157 3428 -0.9990569421545042 -0.0071264017595040734 -0.042824794670143176 -9.729650730106751 0.00767700354721274 -0.9998894614746701 -0.012685684499102793 -0.028974647534935102 -0.04272767792387357 -0.013002759071759035 0.9990020154374504 -0.20681297113042335
3152 3433 -0.9992862393004837 -0.009629577271334008 -0.03651097679584246 -9.978394545525433 0.009757490816759282 -0.9999470993020837 -0.0033471777000753096 -0.05668886818664926 -0.03647521363009871 -0.0037015915450965067 0.9993276413863703 -0.17086522702899992
3147 3438 -0.9992618489229415 -0.006503944187665342 -0.03786277574967369 -10.04405323026429 0.006825085034781822 -0.9999411303587638 -0.008356516753007137 -0.10238533669686646 -0.037804644523472576 -0.008609149925019054 0.9992479393063861 -0.16331736828406393
3124 3443 -0.9999093315486317 -0.00032351076349154516 -0.013455156042426546 9.820475005019834 0.0003998780012207586 -0.9999829372349713 -0.005671938336431334 -0.1814050410657584 -0.013451552136077582 -0.005677212635100311 0.9998934430902743 0.016447997370173315
3119 3448 -0.999762014417643 -0.0042192193416243536 -0.02139375458826896 9.719276710217528 0.004523266511406251 -0.9998889246570039 -0.0141941197329452 -0.28562457129269064 -0.021329880321440075 -0.014287598007909085 0.9996703169138561 0.10373731022914415
3114 3453 -0.9994081463469422 -0.02312665300309383 -0.02544606723618397 9.558366972575987 0.023598301342993094 -0.9995526856885096 -0.018378352732798437 -0.42472393109719003 -0.02500800788877768 -0.018967757611007587 0.9995071441864167 0.052508851872562386
3127 3458 -0.9996750335985273 0.009818008226381009 -0.023531970908839538 -9.183879698071731 -0.009623425714358926 -0.9999184761290064 -0.00836506281423163 -0.40464032633472014 -0.02361059697289287 -0.008135682037163642 0.9996881396730097 -0.10074510773278099
3103 3463 -0.9749687628003726 -0.22040710868692792 -0.029282268083747162 9.719179616647242 0.22065839044543706 -0.9753353150882241 -0.005617341975667854 -1.4133087537837996 -0.027320394149930524 -0.01193859064545425 0.999555423917942 0.0707768147528238
3097 3468 -0.9430624245704073 -0.33151484667824277 -0.027047171624042486 10.001850642781793 0.33151238333331595 -0.9434385456049382 0.004690437297455795 -1.6653056969298603 -0.027070765149886822 -0.004543561072775691 0.9996232408248736 0.10104018461868261
3113 3473 -0.9918740710196416 0.125329019356824 -0.0218645542759929 -9.340374488890195 -0.12511343351642867 -0.9920821893120196 -0.010921872531060892 -0.6999636215676085 -0.02305831187538207 -0.0080973693029899 0.9997013184327234 -0.073040091010453
3086 3478 -0.9513994651694069 -0.3057621316965657 -0.03671305477844189 9.71291961394261 0.3056333908395072 -0.95210497652857 0.009227256807903416 -0.6790503366346192 -0.03777353367555099 -0.002442536921846328 0.9992832532867345 0.17366880022118028
3103 3483 -0.9822192458790291 0.1873278142205015 -0.01248015794832929 -9.400722958997376 -0.18694966529652815 -0.9820099352526866 -0.0266080688925585 -0.6853922159492709 -0.017238663527424144 -0.023802990391981537 0.9995680108924628 -0.06545653189249302
3075 3488 -0.9764559430994717 -0.2145049237753694 -0.022819816807276277 9.557750777440795 0.21405209660627939 -0.9766021824675437 0.02073868837235379 0.15955651951638394 -0.02673256115193066 0.015365018190784839 0.9995245190692652 0.0933708688749971
3069 3493 -0.9884736220768613 -0.14854762201869404 -0.02924723553781153 9.595775105824183 0.14831803778034458 -0.9888904163314136 0.009844254083974787 0.4636635206148293 -0.03038267285296435 0.005392647208895776 0.9995237009507897 0.15380716444353695
