88 104 0.9600208053263204 0.2794265579464212 0.016795087715308313 10.006557943128255 -0.2791535269160068 0.9600986278010686 -0.016833808765734096 -2.1196778159985055 -0.02082931846636211 0.01147286117435977 0.9997172823700309 0.07116471875552868
105 119 0.9515433662138975 0.3065234290608166 -0.024670508495700953 10.163451877626725 -0.30669117978548127 0.9518034063594152 -0.0032312044826782807 -1.6049240969939524 0.022491763712610836 0.010641088805855637 0.999690347474884 0.2047592980000875
120 133 0.94570209609918 0.3156634766186864 -0.07748576443597827 10.27526921113604 -0.3185637084707514 0.9474830166059387 -0.028161462395717648 -2.03501589391081 0.06452689558395916 0.05131580648124977 0.9965957145882376 0.6028281552094383
134 145 0.9987428957090992 0.049631401409224285 0.007036431523958104 10.545882532625232 -0.04973746256918677 0.9986400550699723 0.015624294931128132 -0.3364087981159325 -0.006251264199491219 -0.01595442823298783 0.9998531864174771 0.0660256439315751
146 156 0.9999563497685997 -0.009150858909477097 -0.0016882654346284166 10.36036306270158 0.009163056900558639 0.9999277444097527 0.007678457933968331 0.1132682004665686 0.0016174157437839818 -0.0076939042271199675 0.9999691245019441 0.1255826531739711
157 167 0.9999931198601936 0.0027403729449413097 0.002402117553047748 10.900943336793627 -0.002720821450843711 0.9999620242797924 -0.00821773842500105 0.013354378090711902 -0.002424033909683134 0.008210815505835354 0.9999633074444223 0.12585185449280334
168 178 0.9999048967607417 0.0013023954338819298 0.013759831441281118 10.759608084205018 -0.0012492676078896558 0.999992007821866 -0.003927155612696837 -0.010730601373655741 -0.013764288805647128 0.003909371292837817 0.9998975521017831 0.035363943483878786
179 189 0.9966292770222853 -0.08141657332943038 0.010072818952709109 10.684288894497705 0.08141698014617779 0.9966793466085179 0.00041382164382496576 0.36082639453479476 -0.010072946417999495 0.0004076653476420001 0.999949126236493 0.08505696020257777
190 200 0.9926045902963444 -0.1164466557270121 -0.03430810804016531 10.724278664552441 0.11699317402460965 0.9930279942101933 0.014352320525155398 0.7951610306686425 0.03239752072878973 -0.018259377385863876 0.9993082901542598 0.3247773493206631
201 211 0.9989006194806189 -0.04686309948001441 -9.011434899603475e-05 10.90087989012635 0.046863683980546564 0.9988910098707782 0.004436492869833148 0.27824659024216797 -0.00011786102619050386 -0.004435247439617748 0.9999901992693783 0.05514365165303006
212 222 0.9962632041878583 -0.0852901355074606 0.01359977000739816 10.943907308689305 0.08552466368699664 0.9961795318745384 -0.017675264040194236 0.5156360044810078 -0.012040084873136578 0.018772263894628813 0.9997512900113992 0.06415257518503577
223 233 0.9997669847879671 -0.021546555851967186 -0.001193895380880318 10.24466586670296 0.02155964848678757 0.9996855377078214 0.012832816070760223 0.22961521753152492 0.0009162198686678689 -0.012855576611854748 0.9999169744975659 0.10764876322996801
234 245 0.9968337796447441 -0.07951456089500587 0.00013623956996736207 10.715670015126326 0.07948044097322175 0.9963594549454368 -0.030830457294899995 0.3159667665925193 0.0023158478494077913 0.030743838175804807 0.9995246197642018 0.12317524454055591
246 257 0.9977993352307943 -0.062003610999116686 -0.023465148608135616 10.460074946258297 0.062248073601878104 0.9980117522563919 0.00986714704913073 0.5584754263730244 0.022806666582807507 -0.011306266157428396 0.9996759841935432 0.2991705080117419
258 269 0.9945119581616214 -0.10394486492056215 0.011875552848240148 10.289722344215301 0.10410744671510627 0.9944667541539487 -0.014030751833000104 0.5177689903615468 -0.010351108892623532 0.015190379291429666 0.999830971521986 0.07571792355539711
270 282 0.9894653609408574 -0.1434219035161494 0.019735528335015212 10.56995711152816 0.14332310819647823 0.9896557373538685 0.006358511579907507 0.8730202063039133 -0.02044343739991478 -0.003463381217837335 0.9997850275245888 -0.13316940886534653
283 296 0.9882563759786889 -0.15154226058421147 0.019572412916018668 10.49021438427626 0.15157965201387372 0.9884448476055565 -0.0004716531740941039 0.8597479540200809 -0.019275318020660338 0.0034328699079850295 0.9998084242530931 -0.0051061981155388105
297 312 0.9978885555256015 0.06464878835952645 0.0062152958465012936 10.644716491796029 -0.06462274199847308 0.9979005021996207 -0.004349423569191148 -0.04089727394990526 -0.006483558419482786 0.003938298963380316 0.9999712181391389 0.09015841967226478
313 328 0.9996318125677573 0.005972624087953627 0.02646351738087919 10.015373895568766 -0.0056152265682851855 0.9998923786216484 -0.013578011318189734 -0.22278886087107347 -0.02654163923872876 0.013424694666113152 0.9995575671593577 0.08470563459775762
329 344 0.9967697050612134 -0.0778293103312328 0.019812254445592634 10.194099352216355 0.07736927138279102 0.9967360374114461 0.023022183562703427 0.5242553157650071 -0.021540015378727854 -0.021414390784595005 0.9995386751136004 0.07800754559627378
345 359 0.9998838502428281 0.005467911033370594 -0.014237089295243418 10.208485738044645 -0.005522116227240722 0.9999777072664944 -0.00371222975147508 -0.002575457531057246 0.014216503791784027 0.0037903233854972187 0.9998917511374851 0.2009238974289393
360 372 0.9995378955521083 -0.0228434243429633 0.020063292790461332 10.164928263529989 0.02271086874194777 0.9997187937573114 0.006803694834310658 0.17132111430140642 -0.020212777836804162 -0.006344894808736102 0.9997755994469724 -0.09566846385416189
373 384 0.9995396208563372 -0.029667534013343266 0.006404537291705265 9.984510791597284 0.029681317853354084 0.9995579761617271 -0.001929352005818044 0.17444499595780089 -0.006344489360913163 0.0021186288892760434 0.9999775408891038 0.05756521127247675
385 396 0.9996682857379691 -0.0199643764391494 -0.016226303859352583 10.428135204613572 0.0200304089167177 0.9997925619683226 0.003934841620292436 0.1344946319190528 0.016144246229581945 -0.004258354532996467 0.9998606859394408 0.1634777376948201
397 408 0.9999318587171304 -0.011696190019101733 -0.0009682834932797225 10.981538319596707 0.011709645700966146 0.9998141771589525 0.01533429524429482 0.12430314516728963 0.0007884950330131088 -0.015344360318313032 0.999881975273818 0.0958821233738396
409 419 0.999070041366476 -0.03690144898624113 -0.02228664310217542 10.037092618131474 0.037320121486517914 0.9991277132158696 0.01868878249991775 0.24844641905003773 0.021576739231259145 -0.0195034278985226 0.9995770415250704 0.15786561869617674
420 430 0.9982500449675334 -0.05908255015306179 -0.0023772016938572267 10.128859212738108 0.05907098557345875 0.998244180129253 -0.0045125734438283 0.33781961967398777 0.0026398875700859394 0.004364991421845762 0.9999869270654528 0.07122139199125962
431 441 0.9965628810836821 -0.08276375785414627 0.0036132223358787802 10.194464246952936 0.08279320676671023 0.9965288940288415 -0.008748377459809798 0.4689476843699823 -0.0028761884702284963 0.009017397052923995 0.9999551056380444 0.08957022213089995
442 452 0.9987372387803111 -0.050121512465005354 0.0033467799415032645 10.179465237213382 0.050125962839472155 0.9987418931736158 -0.001207881774705634 0.34580201029561625 -0.0032816796406443857 0.0013733973517282615 0.9999936187779892 0.14728205081423826
453 463 0.9995645365185803 -0.02909877111212981 -0.004933323244698909 10.01455674827808 0.02900301072950038 0.9994076519330245 -0.018526535527989066 0.14676287885478873 0.005468675382284114 0.018374840685169862 0.9998162189278774 0.18791690583159304
464 475 0.9999365662984078 0.0052413390512148165 0.009988250282204124 10.809876328414967 -0.005143860134856274 0.9999389339571529 -0.009816448997917277 -0.07302171798754113 -0.010039005309902637 0.009764017116550346 0.9999018924123809 0.07114664754945778
476 487 0.9993289324064207 0.03658413538986099 0.0019650030823150123 10.644312466540724 -0.036618353273267686 0.9990898834393134 0.021841869130666124 -0.005450983283755336 -0.001163489164476879 -0.02189868557137446 0.9997594595488518 0.17946573509192287
488 499 0.9991754104954838 0.03969382863904994 0.008549969152513229 10.779816871862886 -0.03979944683784769 0.9991293101561899 0.012519125719049973 -0.18111087785899824 -0.008045356693041893 -0.012849010706638775 0.9998850189950109 0.1076439975867013
500 511 0.9996814421413318 0.01861527051557427 0.017031517210647322 10.92371974933921 -0.018525707373172936 0.9998135764753102 -0.005422426577139139 -0.07197967925277993 -0.01712904672213704 0.005105341099674622 0.9998402048374362 0.11199402001866841
512 523 0.99986158774184 0.016289839751534026 0.0033427972573523332 10.94579248936182 -0.01621105655247286 0.9996203674027055 -0.022311797080389568 -0.1121847702973675 -0.003704884496677694 0.022254367063626344 0.9997454419460612 0.15866921664121408
524 535 0.9995606174165715 -0.02823031597890402 0.009042730632128643 10.740498764270123 0.02849282937707999 0.9991322367452861 -0.03039003247087402 0.12020371535097221 -0.008176558566440515 0.030634230105872687 0.9994971344405735 0.1611889688496814
536 548 0.9987301093567501 0.041423882833874284 0.028657564655657466 10.42501292705111 -0.04238263227546491 0.9985321541217661 0.03372811579784237 -0.06126135069189648 -0.027218415184075744 -0.03490009456313594 0.9990200559434249 0.08597848351662088
549 563 0.992572067447418 0.12149928232158609 0.006151187355933512 10.088253202838716 -0.1215502071918106 0.9925460254539292 0.008793968427684679 -0.6518581462571214 -0.005036888871068427 -0.009476909497462506 0.9999424093419167 0.19084044070981176
564 579 0.9959970734402864 0.07755797266225913 0.044433361173954716 10.170581380777334 -0.07662334623925375 0.9968089826267635 -0.02235705367533868 -0.3597764419598782 -0.04602562016837482 0.018862352725483162 0.998762053393737 0.014546733958073437
580 593 0.9921749950132582 0.12431716343327971 -0.011559008511496901 10.112697669098974 -0.12449825189889158 0.9920797574383213 -0.01666518635992229 -0.6125024533053565 0.009395054664347076 0.017972924524610457 0.9997943701276932 0.12000117485586638
594 607 0.9951993853464879 0.09706173283141181 0.012562683491937848 10.35774419233825 -0.09649965026564392 0.9945501983607833 -0.039446900154825514 -0.6297712901524432 -0.01632330372792039 0.03804551690948094 0.999142767138764 0.24245329155624187
608 623 0.9930620322408973 0.08741622332748553 -0.07865776181294519 10.25280390246364 -0.08366877554536921 0.9952508866793703 0.04973689278930608 -0.2774711283235739 0.08263171480497265 -0.042810853149021805 0.995660202980261 0.5629336417815076
624 642 0.9870700666740285 0.15866155498443466 -0.022782440841233875 10.43287013607209 -0.1586979546959782 0.987326844402932 0.00016110487732930138 -0.6294367239083091 0.02251961699715238 0.0034563444812910193 0.99974045817575 0.3055165087384871
643 683 -0.387821866115555 0.921615504677888 -0.01486209513401963 3.4855064765432564 -0.9204885072200987 -0.3880859699879184 -0.04569701576672879 -9.665694699557335 -0.04788255021656578 -0.0040427082332261275 0.9988448268693366 -0.24214174751260675
684 697 0.9958982561188681 0.09007812439562761 0.00851825648606538 10.63517547012699 -0.09019702554560273 0.9958165450853348 0.014674521083468135 -0.4557357520666216 -0.007161090348246243 -0.015382961634748171 0.9998560206857742 -0.03670743052105497
698 708 0.9987608979522064 0.04820514826703066 0.012360125034603158 10.525712430869653 -0.04813790670692752 0.9988241341363955 -0.005672911148346882 -0.18295995801178827 -0.012619251992725124 0.005070318744922422 0.9999074952853866 0.02673863301942523
709 719 0.9967423340289283 0.07985831488667536 0.011294619927306881 10.906743940956083 -0.07955840285602717 0.9965203867999636 -0.0248295133829201 -0.4502666100203763 -0.013238280983718181 0.023849910525023943 0.9996279295262943 0.06513066554128784
720 729 0.999677859717487 0.02536531055822218 -7.163636122662492e-05 10.147386406552572 -0.02536412986958928 0.9995920513287958 -0.013162567983020302 -0.14773417329981903 -0.00026179278994986735 0.013160478824238426 0.9999133095614253 0.13592155387999147
730 739 0.9999768049201021 -0.0033789813078297197 0.005921966682957734 10.585526478964479 0.003349361907014846 0.9999811590176192 0.005081121749662828 0.0742537133921541 -0.005938402240125135 -0.005060217804419664 0.9999694743274942 0.10202058257463921
740 749 0.9989224548266302 0.04633655552634602 0.0026713729545631885 10.95235607577728 -0.04634951906864942 0.9989121786547974 0.005113834037683495 -0.21460902895940331 -0.0024316356407548837 -0.0052315558223984295 0.9999833543804134 0.11497157548636071
750 758 0.9999503895986784 0.009686289652813254 0.0020213389143898413 10.018381708799085 -0.009663496623144658 0.9998908363116144 -0.011164865282728531 -0.026817514738807103 -0.002128872426117752 0.011144878667878014 0.9999355442237814 0.11733800662118503
759 767 0.9999335698890199 -0.011538705751361959 -2.720113609158743e-05 10.320416299565144 0.011538784246150475 0.999905481773546 -0.007412151276841174 0.08960511730546897 0.00011223615660221493 0.0074113855426232245 0.9999725707195616 0.14362431450476806
768 776 0.9999371425767692 -0.011203996916981335 -0.0001567490486870275 10.55162420589038 0.011204119498252786 0.9999284688170951 -0.004046154524039731 0.09784287337714383 0.00020243636518422754 0.004044194636799653 0.9999917836882303 0.1534803755004562
777 785 0.9998919939462338 -0.014542674874051621 0.002310402333670379 10.684526578432074 0.014540963311722235 0.9998941797622246 0.0006870952848210597 0.12149951686507107 -0.002320184688010479 -0.000653862412175826 0.9999970971811883 0.17506954637915775
786 794 0.9999867498981726 -0.005008845171593924 0.0012526258580550992 10.722048059032513 0.005005524453633388 0.9999831701646447 0.002969132925476144 0.08959460616392904 -0.0012670304483465755 -0.0029625848790945618 0.9999947807026991 0.13641052640820311
795 803 0.9999877341941197 -0.004885738428374703 -0.000687499744875557 10.863714246434055 0.004895302477785348 0.9998585246894155 0.01611862110144434 0.09652096402891777 0.0006084385093327512 -0.01612198314802316 0.9998698510595928 0.1568416129388215
804 812 0.9996620363268583 -0.025947840403713344 0.001190581307037641 10.920038427510157 0.02595919496361094 0.9996073950676121 -0.010521750717492513 0.13973143937921387 -0.0009175187623668917 0.010548247168778802 0.999943977152379 0.13656470100708093
813 821 0.9991235987774469 -0.04161004410213702 0.004493191685686237 10.889411474650451 0.04161645522802143 0.9991324531748266 -0.0012358522020567927 0.2689743714436737 -0.004437251490741027 0.0014216019972872643 0.9999890863351534 0.11397286409922881
822 830 0.9990292374163985 -0.04404642951976366 0.0007423506434821379 10.818439466052602 0.044047989476648994 0.9990233059011341 -0.003249570664272559 0.2668657118680381 -0.0005980070250403159 0.003278539112619582 0.9999943703877588 0.1752611122124635
831 839 0.9997684645539957 -0.02145873840728957 0.001724468996751545 10.814074898075047 0.021444976865349127 0.9997448911172235 0.007106104008166179 0.19629992016003572 -0.0018764210505290673 -0.007068012709267526 0.9999731943002416 0.1543553503892159
840 848 0.9999829138812882 -0.004899388192705329 -0.0028959445031421787 10.791441650291015 0.004907167987193981 0.9999848415711989 0.002593287833632902 0.10240666227934507 0.0028836634458252646 -0.0026078826070478835 0.9999924229640857 0.16675748517510905
849 857 0.999960699290594 0.008508969577867658 -0.0026098399657953453 10.818986761107606 -0.008524625673036336 0.9999445459546957 -0.006226139051571451 -0.0047381125524455035 0.0025560258266190948 0.006248080505945011 0.9999773167430918 0.17415551611058486
858 866 0.9997550085971187 0.020811314678510127 0.007596132400236292 10.77148043837469 -0.02086530308475466 0.9997580537824046 0.007043205092325866 -0.01937210131247626 -0.007447484955856301 -0.007200060092249379 0.999946311224976 0.10968676554184477
867 875 0.9971369688397184 0.07558246245559667 0.0020490629267544917 10.658527507630218 -0.07559265812994471 0.9971264892669661 0.00500003687842729 -0.30350279450108975 -0.001664815349476683 -0.005140556184126164 0.9999853141697862 0.13037538050501044
876 884 0.9953562106900696 0.09620665821903468 -0.003202171395784485 10.609302094898643 -0.09624247082260745 0.9952574256704423 -0.014141700330257221 -0.48278589337621747 0.001826448412787523 0.014384175179856155 0.9998949013479103 0.13235418596421017
885 893 0.9979822106973408 0.06334416993898868 0.0044199352915356835 10.693198206226032 -0.06329738948044547 0.9979460407378189 -0.009842934914482874 -0.32642722468313234 -0.0050345619727322445 0.009542522882347112 0.9999417785576913 0.11098615309274364
894 902 0.9999441974925467 0.010533602205193513 -0.00023644711017972709 10.945814816230099 -0.010533660963554016 0.9999375197520779 -0.0035946836430325213 -0.03000198351826536 0.00019851000920779853 0.003596981594196198 0.999993476859657 0.12101117968064395
903 911 0.999821464138157 0.01890255584213509 -0.0009070242058878762 11.071067684027065 -0.018889156481212133 0.9997311585475553 0.013484476024943702 -0.02126265918421294 0.0011609118156475264 -0.013465013231359842 0.9999087304005846 0.10539724718360051
912 920 0.9999553614290265 0.007225174796190433 0.00606919313944801 11.168395954617665 -0.0071609993782955576 0.9999187139427403 -0.010621575388453028 -0.0343780278537439 -0.006145192426494414 0.010577537377432016 0.9999251823691313 0.10547586872052057
921 929 0.9999873995095446 0.003510219907047151 0.0036337044191588654 11.02764568378141 -0.0035087830013399122 0.9999934984329627 -0.0005282689827174372 0.03485896975839216 -0.0036348071030880206 0.000515153323548306 0.9999931792844043 0.14222610098155555
930 938 0.9999896434938771 0.0024726633085361523 0.0037124596016480456 11.038708690117252 -0.0024830219981223827 0.999993100080818 0.0026645560111589178 0.04904769834857304 -0.003705568209538292 -0.0026736686312207 0.9999894936184247 0.14431489550845242
939 947 0.9999924916882819 -0.002114892761029829 -0.003161486918203796 11.135590794373696 0.0020970237518713507 0.9999805609738562 -0.005950032855999881 0.05692584283055506 0.0031742395895747776 0.005943165029396029 0.999977281444279 0.1859676951579402
948 956 0.9999905923822278 -0.002330509599606667 0.003597379804564905 11.16777799803565 0.0023345564769827343 0.9999969555505848 -0.0011609254591078368 0.07144920646154822 -0.0035947511301245164 0.0011689309456426249 0.99999289649671 0.15293745531737654
957 965 0.9999958394570885 -0.002608890342951603 -0.0003308511793675604 11.18459557355485 0.00261048125320485 0.9999762679824036 0.006272791638150148 0.07465051289161094 0.0003145201789872014 -0.006273946271763377 0.9999802330359323 0.17735522776388382
966 974 0.9999926444163258 0.003938807314799027 -0.00023738084948369615 11.154218084019176 -0.0039343234326677705 0.999888986335303 0.014382632938227988 0.08697172791995769 0.0002934240744414418 -0.014381565908296859 0.9998965346026886 0.16531915258873772
975 983 0.9999884085026436 0.004508938428827716 0.0017309648659844558 11.0897826804412 -0.004501872607462705 0.9999806795227184 -0.004277331423718988 0.02687075800376447 -0.0017493913802173247 0.004270093241905369 0.9999893147138083 0.16170314916723383
984 992 0.9999644492238909 0.0003849261571918778 -0.008417592694232763 10.98322740252975 -0.0002886062635357817 0.9999343244268979 0.011405772157920087 0.07577866319924703 0.008421918423835821 -0.011403518933981628 0.9998994781887831 0.2045889402724832
993 1001 0.9996653812289672 -0.02431105803870982 -0.008786719305115013 10.863696610676367 0.02445070386242582 0.9995718726945136 0.016101370784024658 0.23772820438613082 0.00839158592592744 -0.016311109512423372 0.9998317412633416 0.2211217523454625
1002 1010 0.999664134889492 -0.025888035854236095 0.001435077617218623 10.197247622236574 0.02590457328825369 0.9995786458295579 -0.013087752125700252 0.1747039596578447 -0.001096059992577425 0.013120582677878355 0.9999133494645479 0.22808622684853394
1011 1021 0.9998503267319824 -0.015029791200692985 -0.00855042224120646 10.815955662685191 0.015277804352910405 0.9994442553013124 0.029651686691327936 0.2777254648289391 0.008100349616303449 -0.029777824357360438 0.99952366939436 0.32066919932221694
1022 1034 0.9839372351819797 0.17845860748704817 0.0046454144507914 10.328186957521634 -0.17801162995340533 0.9788450729222598 0.10087027277571113 -0.22956831313435305 0.013453682535253138 -0.10007717707001428 0.9948887279633948 0.24775381874909042
1035 1051 0.7077597157124228 0.7027615712878279 0.07213260384195185 9.287359305652735 -0.6999595373364388 0.7114019528375222 -0.06296243292616674 -3.771583579468883 -0.09556264548497187 -0.005928311506501452 0.9954057497538262 -0.22347877187904597
1052 1070 0.5980416283441837 0.8011343046441078 0.02303978824906484 9.093931600179957 -0.800899157619625 0.5984525696749978 -0.020370501780821993 -5.228170189825259 -0.030107894914162357 -0.0062715530966708545 0.9995270812409873 -0.12958968708707455
1071 1085 0.9423953819089467 0.33448339559034074 0.003237738234081478 10.035148193375148 -0.3341558611341845 0.9418238755446869 -0.03616117932022161 -2.528168046124716 -0.015145361665306657 0.032996705193104985 0.9993408094885098 0.004250627369233753
1086 1098 0.9958765236954318 -0.0882961839861729 0.020808768978826962 10.865416484523504 0.08883718206818005 0.9956860215508023 -0.026768277979908172 0.3934523078274714 -0.018355804150122744 0.0285062993697803 0.9994250862890893 -0.02655985360330502
1099 1109 0.9937666046674078 -0.10966933376424433 0.020003946233242937 10.173407315581452 0.10930134517866338 0.9938340313694259 0.018651080858307825 0.6863814827160224 -0.021926018656483266 -0.016348671401061308 0.9996259836133268 -0.003581971434950534
1110 1120 0.9977865392355724 -0.06102132451333693 -0.026431663873789875 10.350759689556748 0.06106910092655588 0.99813279638506 0.000980184400328085 0.3753859031693523 0.02632236299100281 -0.002592337835259086 0.9996501178054774 0.15701986925504227
1121 1132 0.9960706083907032 -0.08076725663942054 -0.03633307579552338 10.510554395568741 0.08191942695181302 0.9961427292654197 0.03141865371627823 0.48808795803916166 0.03365571231806816 -0.034271595919081986 0.9988456839341936 0.5092541929260075
1133 1145 0.9950300884243105 -0.0967290469253301 0.023634438559681174 10.827553796436396 0.09693678634679326 0.9952601909060412 -0.007791750778112371 0.6427814156600559 -0.022769372580257963 0.010044703087143841 0.9996903158692824 -0.013342344197900854
1146 1157 0.9984481348532337 -0.05561579118013997 0.0027166926293507626 10.193845868315037 0.055633396837893825 0.9984253420187673 -0.007233624836483645 0.36829556098530414 -0.0023099008770346135 0.007373722114456123 0.9999701295140832 0.07110041815353302
1158 1169 0.9961100842902433 -0.08801370642694582 -0.0043484191012048 10.705172496213345 0.08798063660537486 0.9960943574025124 -0.007431722581326001 0.49694754974887045 0.0049846510105605955 0.00702061693335499 0.9999629910612202 0.09280541564794258
1170 1180 0.997448003112669 -0.07132377837159327 -0.0029958238945171603 10.255458967996741 0.07132501958505044 0.9974525473471265 0.000314660082008064 0.5225543694812478 0.002965827795541012 -0.0005281177237538289 0.9999954173301178 0.0783961788345877
1181 1191 0.9995089920604396 -0.03133736744359967 -0.00041208389315735373 10.803324108812031 0.03133040525286021 0.9994370160321546 -0.012039400417249487 0.16886275010675023 0.0007896543345695602 0.01202035484975048 0.9999274577245982 0.0902652242911585
1192 1202 0.9972885045215967 -0.07345930838958621 -0.004394683597483761 11.207468025312892 0.0734129474592822 0.9972537531528707 -0.009746769629091805 0.46946830751487556 0.005098142434654362 0.00939773539336379 0.9999428894084879 0.12970065796530136
1203 1212 0.9975403924777134 -0.06995694143504157 -0.004182657738342346 10.440656381747841 0.06987805253852675 0.9974166088464876 -0.016635756477056757 0.3894219728853645 0.005336089345461311 0.016302928361978983 0.9998528206312912 0.08077276377356454
1213 1222 0.9958653929291963 -0.09063937177394309 0.006051141922419025 10.78473859111802 0.09069473975380594 0.9958322182291469 -0.009600770801290974 0.5004686748708234 -0.005155568806518623 0.010109653522436604 0.999935585237698 0.03923927548757523
1223 1232 0.9957688587705493 -0.0918891487663004 0.00015203362158144076 11.0450413084883 0.09186880705447535 0.9955139079177698 -0.02261014365007427 0.5486349442714473 0.0019257959842856557 0.022527924123647798 0.9997443697549991 0.13869436838556198
1233 1242 0.9997080545215246 -0.02399414494532034 0.0029511546938483847 11.202615665213534 0.024013424274428843 0.9996889145910082 -0.00671860476037798 0.2250389478053533 -0.002788969908435145 0.006787020526719624 0.9999730421203449 0.06097769406514831
1243 1252 0.9947667944192514 0.10212530752536222 0.003111484353919289 10.928731192782319 -0.10216152051478235 0.9946510452804664 0.015206759157719678 -0.4051568752366176 -0.0015412154396320075 -0.015445388435245176 0.9998794581597832 0.08537280023713369
1253 1262 0.9923374444861718 0.1235042913868973 0.0037288971537041884 10.327875281526323 -0.12353148532976534 0.9923039458601592 0.008534386828985488 -0.6059389481544336 -0.002646286224160328 -0.00893019672320467 0.9999566093525759 0.11532102558502699
1263 1272 0.9907391029347397 0.13542898798458616 0.009801546860389043 10.002170862333855 -0.13558363111127228 0.9906125927743574 0.017414993583794093 -0.6222898499212799 -0.0073512283846226 -0.01858308827644632 0.9998002881179933 0.09088179635087369
1273 1282 0.9910509220680593 0.13124765171421215 0.02432686917988313 10.011816186899715 -0.13139503862719784 0.991319724897319 0.0046295185315787515 -0.6341735236904853 -0.023508201030581384 -0.007784587115623558 0.999693302728491 0.015220750208817222
1283 1292 0.9924458119347607 0.1206568779843845 0.022207495255745956 10.174963733139816 -0.12093720746753961 0.9925911491167451 0.011775776562921692 -0.5307137758559441 -0.0206227237117745 -0.014372318151533595 0.9996840998518784 0.04742509499276028
1293 1302 0.9877148485658503 0.1560807671709877 0.007582766692850606 10.517437587172585 -0.15605789322424318 0.9877410667629433 -0.0035587099516484256 -0.7424438152497836 -0.008045530551987127 0.002331233504874908 0.9999649658025943 0.07301759161992465
1303 1312 0.9831525148060823 0.18174089799243823 0.01952661974259931 11.029092590339033 -0.18187485912709375 0.9833066731200969 0.005321394910994648 -0.9513362706921987 -0.018234003033276085 -0.008783242563765786 0.9997952804154412 -0.008124508289920495
1313 1321 0.9857599352309555 0.16804009054824243 -0.006386491393716046 10.35287530257472 -0.16798395691191814 0.9857539005036704 0.00836053705472703 -0.7950220523839548 0.007700455461741349 -0.007169288331994079 0.9999446875522189 0.10806092189517134
1322 1330 0.9842064629199668 0.17623498305893287 -0.01669497390798052 10.818698608431776 -0.17611521143778872 0.9843342084787285 0.008395078635378552 -0.8667281692881915 0.017912788845362522 -0.005322274851724873 0.9998254131087059 0.22149533969660176
1331 1339 0.9860877241392203 0.16492662775770345 -0.020697873306094915 11.176696505940772 -0.1649173715456859 0.9863052875578946 0.002155938399120394 -0.857113373229274 0.020769325482591274 0.0012864661760245953 0.9997835145468967 0.22336582378319933
1340 1348 0.9869138040635889 0.16014680350356178 -0.01884685322271629 11.32997923988115 -0.15990931318080437 0.9870395040094156 0.013472646910876462 -0.8026431659299399 0.020760840611266294 -0.010282361573740358 0.9997315349501973 0.21228144907336566
1349 1357 0.987133899905867 0.15979168609870534 -0.005799877427432261 11.03249362076519 -0.15976733073292435 0.9871444469466025 0.0044989347211676625 -0.7893160969876492 0.006444753839191494 -0.003514069611636275 0.9999730383011924 0.18265017741193226
1358 1366 0.9865384890028464 0.16344253917951587 0.005313260072903463 10.376092527033357 -0.16352112176063302 0.9862855425766291 0.022369043213813722 -0.7430551081424787 -0.0015841245692406426 -0.022936937610721308 0.9997356970792199 0.15340312989101074
1367 1376 0.9834090371888822 0.18126754797955996 0.007003552612880003 10.896600443262463 -0.18129723639113726 0.9834208802015155 0.0038087666747716855 -0.9342041006208468 -0.006196757998482846 -0.005015917526523639 0.9999681325327149 0.113909351602498
1377 1387 0.9828581794891589 0.18433378794146574 -0.0031130232870315465 10.636054029777338 -0.1841877367048184 0.9825308872347888 0.02663282863543695 -0.9099660764097108 0.007967443241936841 -0.025602871507218825 0.99964047601592 0.2598034558372207
1388 1400 0.9998611897839994 -0.016032387058106834 0.00459177274384862 10.239262328163036 0.016035474185471143 0.9998721146599668 -0.0005685284285523274 -0.2703261962907332 -0.004582106545382572 0.0006418893529949364 0.9999892677610511 0.12500391903798835
1401 1418 0.7478684604332984 -0.6637898274793158 0.008779481077782578 9.795821785490876 0.6620082935622789 0.744748147895498 -0.08422580531167352 3.4395560348007463 0.04937026074887909 0.06880237915100684 0.9964080237705251 0.09658240339701936
1419 1439 0.48615541764010656 -0.8721477944548249 0.05488853006171247 8.664054017032187 0.8738683798210668 0.48500043509743385 -0.03358088843698897 5.99359453420232 0.0026674064192473194 0.06429166044231217 0.9979275557908626 -0.09943297194798643
1440 1454 0.9298534212297186 -0.36791641221707927 0.0031473858770219585 10.338620928583465 0.36792744954920475 0.9297804924637445 -0.01175675096031536 2.578060921680196 0.001398954266910169 0.012090393132063532 0.9999260097905011 0.02530216263064619
1455 1466 0.9986799030542408 -0.051176844815486296 -0.0043943621719385005 10.845637334617516 0.051076428929617355 0.9984830401753698 -0.020582335162718006 0.4107284912387065 0.005440791018875671 0.020331478711303367 0.9997785504868278 0.048294085326280815
1467 1477 0.9997776236546625 0.009813152764030242 0.018636580049278234 11.126515591471376 -0.009569657639675396 0.9998685922956377 -0.013044226958456775 0.027345045418283514 -0.018761307429330448 0.012862355881936996 0.9997411497179157 -0.012197929193604854
1478 1487 0.9997827117807031 0.02061566700753594 0.0030644715985654433 10.775920654245196 -0.02057192273818513 0.9996988569758221 -0.013400780251009874 -0.10433302921912588 -0.0033400844749701935 0.013334616506984405 0.9999054993265928 0.11367869512628156
1488 1496 0.9998349694019404 0.017258349355705544 0.005623791495443484 10.23605837473083 -0.017235503682789113 0.9998428821939424 -0.004161738367210335 -0.07033030652211314 -0.005693847148898112 0.004064904736709612 0.999975489495486 0.0489417498184897
1497 1505 0.9999687145466898 0.004509300521696467 0.006404325430998093 10.630045812399969 -0.0044837494899182895 0.99998231348034 -0.004022640997322301 -0.005916171242703377 -0.00642241739530681 0.003994515919071241 0.9999713864799694 0.06978080260097695
1506 1514 0.9999701029257272 -0.0033370318286574927 0.006971838852291894 10.963825746413114 0.0033424200843001893 0.9999943904434804 -0.0007405964249620159 0.03933783323876917 -0.006968757172507824 0.0007645741120123142 0.9999753441939231 0.0872310853845065
1515 1523 0.9999639535958351 0.00395505798767037 -0.007476881429376757 10.896912883630009 -0.0038288624275316686 0.9998508386535275 0.01683511262707063 0.05412084190290612 0.007542534121072686 -0.016806746681648995 0.9998302923417937 0.1220910938687153
1524 1532 0.9999761251799378 0.003480195369616261 0.005947023971206129 10.730082614687287 -0.0034995887907355427 0.9999877171540839 0.0033476642933612105 0.030759002524816448 -0.005935174066483292 -0.003367813367400574 0.9999767226640952 0.06122439673409134
1533 1541 0.9999267092326626 -0.0025195953820586273 -0.011815481824936039 10.735211170233717 0.002544870453411839 0.9999941209108005 0.0020988494762021934 0.07548964036175301 0.011810474221229902 -0.0021282046781621942 0.9999279276309008 0.19513305222750163
1542 1550 0.9999221724035426 0.0044579294271297 -0.011679318766885318 10.709251213220954 -0.004551271057262572 0.9999580614710157 -0.008039794362821876 0.017486565715037858 0.011642827528973448 0.008093030872781518 0.9998995410915179 0.21522358298357017
1551 1559 0.9998910687232664 0.011718403725446183 -0.008956407870360823 10.33232668491759 -0.011702025095535078 0.9999294994539515 0.0018045025049653175 -0.01820831999448211 0.008977180448326993 -0.0016992234240673033 0.9999582067922897 0.17149503599048868
1560 1569 0.999835069087562 0.007615785322585039 -0.01645603986066305 10.942071118288514 -0.007790202721540054 0.9999142053913362 -0.010542979596660963 -0.02869366578470647 0.016374017477894316 0.010669995965014478 0.999809080093718 0.21272144635672183
1570 1579 0.9999545695428498 -0.007461956092252227 0.005797011973486432 10.10876475967606 0.007419392077549588 0.9999453047636776 0.00739633869872207 0.07362567819747984 -0.0058518448591631566 -0.007352879687601665 0.999955896794057 0.11306489882593812
1580 1590 0.9999467682016481 -0.0066000195909176685 0.007921363498676578 10.514980163455476 0.006587681695778066 0.9999764837834143 0.0016052057917722066 0.10245019292987352 -0.007931698363907844 -0.0015532664283621966 0.9999673539319688 0.1049671856671982
1591 1601 0.9998989082958796 0.003472183290352269 0.013791102698113423 10.060669918053005 -0.00342995288257137 0.9999882721203208 -0.003164588311426642 0.02407878667082573 -0.013801877573543474 0.0031171083605042943 0.9998998526556306 0.08438280961806455
1602 1613 0.9998324056076715 0.004697639850985803 0.01770031011451636 10.828535460145394 -0.004679540235875462 0.9999875471850498 -0.0011231409681372818 0.013100537249596691 -0.017705438710606203 0.0010398333003056397 0.9998426518526338 0.09659987151998196
1614 1625 0.9997907485932772 -0.014118796232356961 0.014801188294901011 10.508833502957282 0.014201164221340384 0.9998846466041434 -0.0054806500269456325 0.10018741068275182 -0.014721494272789572 0.005689440724777573 0.9998753263682403 0.08675909970538483
1626 1638 0.9998894651805369 0.00836662535603951 0.01234073548321097 10.634030091941169 -0.008482044949087372 0.999920567130549 0.009278357511153938 0.11365660875675977 -0.012262486558331039 -0.009382913077113022 0.9998807870012238 0.1272187805666994
1639 1658 0.6034222106484516 0.7974187082587341 -0.002499239643711507 9.472040940581575 -0.7973071593579015 0.6033850972741791 0.015017865760756522 -3.75855811680855 0.013482975386529364 -0.007069763339596399 0.9998842181671473 0.11320223051821597
1659 1693 0.49111869424744375 -0.8710418518982768 0.009410009486684105 9.960389555770847 0.8710803517136032 0.49102591083019936 -0.010582056120438055 1.7399938976570235 0.004597697172862557 0.013394587449233617 0.9998998269616923 0.1405347970906838
1694 1727 -0.8957460372403168 -0.4440532985963786 -0.021339849468723884 -1.2126420014584482 0.4442796934229455 -0.895860387669612 -0.007105580269893787 9.946017535516031 -0.015960574462485 -0.015845426278545863 0.9997471201132883 -0.13021339749571442
1728 1743 0.972407154873452 -0.23328917484566944 -0.0009600593501108995 10.025254143781211 0.23326912196996213 0.9722500746859003 0.01772914379915295 1.9549253450889683 -0.003202721314056535 -0.01746400642931464 0.9998424063115599 0.0401927961865394
1744 1756 0.999213758525293 -0.037665187555618256 0.012427678393610206 10.54758105694796 0.03762085154819926 0.9992847960441806 0.0037416113545111177 0.3106774726902652 -0.0125598417937239 -0.0032709394188500996 0.9999158089376087 0.03136841263639786
1757 1768 0.9998213878320569 0.005474407640481205 0.018103416483398964 10.842496070578912 -0.005425227274770078 0.9999815959427835 -0.002795473598636868 0.06425856341034739 -0.018118407019717293 0.0026962942058957845 0.9998321349071666 0.10172254344486781
1769 1779 0.9998998452794025 0.0005053491330837978 0.014162794584698048 10.35633905042001 -0.00047015012980354174 0.9999962402430438 -0.0025395633580936965 0.04574409642665436 -0.01416409966608964 0.0025330887461413078 0.9998964422891591 0.10230580989807249
1780 1790 0.9998301224274434 -0.012680604759083293 0.013393520559872439 10.799271214253286 0.012730401003970342 0.9999127451745496 -0.0037152158064912596 0.12079953342726368 -0.013344770902682273 0.0038850865383588855 0.9999034213550549 0.0990502202756493
1791 1800 0.9999515320709595 -0.0070510096281503135 0.006922317525577783 10.150810994680795 0.007050654800417522 0.9999757567891708 0.0001785450044631641 0.10846480758029031 -0.006923059935757819 -0.00012981414087109936 0.9999760086326567 0.08776928572196051
1801 1810 0.9999421413411597 -0.005077101561081552 0.009598721186350098 10.388447045594559 0.004986115716261221 0.9999421002897663 0.009621353126982493 0.1332673621925615 -0.009647647882316939 -0.009572684695752186 0.9999076578722172 0.1046325405494663
1811 1820 0.9999338989881372 -0.0007058601748285904 -0.01153049133494552 10.525430397564165 0.0007081614986753434 0.9999998547928732 0.00026437284182880455 0.07690614627891097 0.011529994727728048 -0.0002723002220711677 0.9999335361842462 0.14278058166843186
1821 1830 0.9999072302667631 -0.002946246563388755 -0.013317945957530485 10.615139676266283 0.0028819225833424016 0.9999833331558055 -0.00485066909583152 0.06434906641192668 0.013331493735941271 0.004812463296226349 0.999899680943511 0.20187539294489948
1831 1840 0.9999696422444303 -0.007208980291539854 -0.0028578243737101367 10.560484736325954 0.007179756772899783 0.9999212323786425 -0.010300588433508954 0.08938017094962412 0.0029317221348035423 0.01028014126185439 0.9999427897554222 0.1713097576831831
1841 1850 0.9999470910092821 -0.00513199761728494 -0.008940953009498015 10.418558451107732 0.00508685739085312 0.9999754716138165 -0.004957136057899833 0.07106928046610403 0.008965494747761496 0.004911505113670605 0.9999478170047885 0.19385260860134385
1851 1860 0.9999729143048613 -0.007061938252804483 -0.001816866395747603 10.236853407557705 0.007077034392076795 0.9999381771924605 0.008601285449446439 0.11255920541951346 0.0017565103593798212 -0.008613534899001535 0.9999613760871381 0.1669828963550015
1861 1870 0.9999529144129824 -0.006093691271873889 -0.007574925920790364 10.135160799866487 0.006203492244903677 0.9998763075457614 0.014457316083251692 0.12951300759983986 0.0074852177844835005 -0.014504574996967681 0.9998667819412028 0.1407416281151021
1871 1880 0.9999263264580742 -0.00930992839810178 0.007738890408897835 10.269610873815942 0.009290340531896988 0.9999537152477311 0.002460962106715606 0.1151029153768909 -0.0077616419202207 -0.0023892761203994995 0.9999670906989645 0.07821261868681265
1881 1890 0.9999298298913479 -0.011820447005923078 -0.0006513478789271366 10.460591381081317 0.011818887113549226 0.999926185423413 -0.002746150862957291 0.12039389321782104 0.0006839405209687965 0.0027379200621011693 0.9999960262475442 0.12654088508123454
1891 1900 0.9999312397874601 -0.010410581486348146 0.005283796220015967 10.333137399904327 0.010434142867777241 0.9999356028786035 -0.004388615048046784 0.11639788864000185 -0.005237368013422567 0.004443677156982456 0.9999762831001654 0.13036248292673439
1901 1910 0.9999615779243108 -0.007011773960833259 0.005195230682478259 10.084565101622037 0.007046955249665666 0.999952777974538 -0.006622857789011024 0.08318694646886209 -0.005148606631172855 0.006659604993590605 0.9999646245496098 0.14076730795459658
1911 1921 0.9998910023582285 -0.005872566522415539 0.013519135115021452 10.834674910292769 0.0060117662819976925 0.9999290224218803 -0.010248967466356323 0.07097952275358366 -0.013457467530139417 0.010329110840142552 0.9998559685135224 0.14255601195647816
1922 1933 0.9999731761594988 0.006954598949323184 -0.002155676033351825 10.341929371295357 -0.007024153414406294 0.9994092245843683 -0.033640209707112734 -0.04210904833317395 0.0019199917513776082 0.033654560793535716 0.9994316595339989 0.1799108199399806
1934 1946 0.9935392633899648 0.11319964360487939 0.008062747571007157 10.262777047535451 -0.11319205760587302 0.9935722608235623 -0.0014047327965553674 -0.3405791190273542 -0.008169832554709997 0.0004830189235374866 0.999966476749147 0.10249000540764258
