1 66 0.9992337172718139 -0.03909888184924339 -0.0019406083367704667 10.356722051552202 0.039053830837858905 0.9990518870020667 -0.019243162426806428 0.3029654311401666 0.0026913658355403507 0.019152939261110367 0.9998128660762081 0.15834937914690103
67 84 0.9998847118330979 -0.012222013085605273 -0.008998446956103225 10.55581180057408 0.012269629434351469 0.9999114869196031 0.0052187946144653975 0.1183643636007503 0.008933258913362468 -0.005328354509638992 0.9999459363077647 0.1094382266286088
85 98 0.99966894759488 -0.025382735434514896 0.0041383180803818585 10.40152749054634 0.02540564261141656 0.9996611163181934 -0.005708700949289404 0.1888016024056855 -0.003991191018402885 0.005811993926985561 0.9999750717843655 0.11963473299643256
99 111 0.9998423925099181 0.012390812774858958 -0.012738595486732293 10.258035629637236 -0.012192607969162814 0.9998052307036821 0.015529224647981624 0.06949233428824947 0.012928271467494356 -0.01537162771175491 0.9997983444305172 0.2887946213361252
112 129 0.9704312885813579 -0.24061143201565113 -0.019203412681798163 10.227361205675495 0.2407241861607651 0.9705857635639795 0.0038009396913077204 0.7481290590571449 0.017723515843232486 -0.00831098176574538 0.9998084914816022 0.2847020095239015
130 152 0.41756735423553004 -0.9083266813541404 -0.024117057132550107 8.222695973602567 0.9086449443058591 0.4173894956596306 0.01222778476300329 6.147857639528278 -0.0010398333543110323 -0.027019258184810654 0.999634416157431 0.11698374348290354
153 173 0.9123660405222819 -0.4093479910903234 -0.00496374840088254 9.779262899296702 0.4091691311185904 0.9114502875057516 0.04288582815282178 3.2490492616630875 -0.013030183590493051 -0.0411577774178371 0.99906756054073 -0.019067548790917165
174 193 0.9999075542757676 -0.0016727716283730359 -0.01342345407001431 10.367691540413988 0.0018363119233298203 0.9999240630787378 0.0121790647904142 0.09711269776183974 0.013402824273505089 -0.012202448203289465 0.999835687904365 0.24559069221105764
194 212 0.999901017131898 0.004837821219530359 -0.013206503610746326 10.424687817224807 -0.004897207408570261 0.9999774172565121 -0.004495159332400878 0.025234477769137627 0.013184882925634338 0.004558772785200686 0.9999025708610382 0.16259443453422956
213 229 0.9999068407054613 -0.010463071473139064 0.00878941087253046 10.081587280874235 0.010685179937619587 0.9996101493957713 -0.025798873338283658 0.00988959274085416 -0.00851595446133327 0.025890998087417565 0.9996285455204882 0.08677579679888006
230 245 0.973219684338533 -0.22978667518720658 -0.0064663366930762314 10.060277868231335 0.2297909811196358 0.9732402417469148 -0.00010729218061369356 1.162609865009402 0.006318509746066256 -0.0013817071770027187 0.9999790891853456 0.1734267762453211
246 261 0.9982430210688484 -0.059007375618048016 0.005324603556866859 10.589825132987617 0.05869828722562794 0.9972011424231392 0.046306201495195445 0.6775092716690116 -0.008041877241585607 -0.0459126282271894 0.9989130949111074 0.08876653732173695
262 276 0.9938726113606771 0.10990793900037096 0.011681465103783841 10.03607832352869 -0.10998540552522125 0.9939132198123882 0.006240187876766105 -0.5164959782759927 -0.010924808627120098 -0.00748740136791524 0.9999123141668199 0.05290523135801151
277 292 0.9982589294538509 -0.057770994535268544 -0.011854350467125825 10.236035369614765 0.05759419567208934 0.9982294986690816 -0.014850113533925766 0.25443547814174783 0.012690860142075329 0.014142311723856398 0.9998195468462037 0.14938216653341116
293 307 0.9954335906085756 -0.09507377249459781 0.008548361928365847 10.321044594147265 0.09503571836262245 0.9954616700795962 0.004850677163846615 0.5735204384966381 -0.008970775284935895 -0.004016754209297262 0.9999517011614107 0.049857995970812675
308 321 0.9996083949076274 -0.027920658880746945 0.0016526267265925885 10.590913052337708 0.027902096376175706 0.9995556207979419 0.01049887119305994 0.3598713871452429 -0.0019454436056695508 -0.010449180648358458 0.9999435784438284 0.11681984018661727
322 335 0.9968230465589142 0.07960491813088733 0.0028795066584139943 10.018264389874206 -0.07961744721597841 0.9968151971046083 0.004645201283913163 -0.21632624799200326 -0.0025006974199339076 -0.004860122514282081 0.9999850530725721 0.14131703893276384
336 351 0.9426029299710128 0.3335836705645362 0.01490136795296299 9.99033849891177 -0.33292974872752984 0.9423088726751183 -0.03480326520525265 -1.5820353384955583 -0.025651712985090554 0.02784438054528156 0.9992831242881381 0.08397777672734755
352 369 0.7597802693332183 0.6456233759833709 0.07684078516834326 9.27055132803337 -0.642065054237072 0.7636525276419941 -0.06772813713845095 -3.836129161227606 -0.10240581237996069 0.0021209256404559978 0.9947402336824508 -0.29206250769876513
370 384 0.9146047503980894 0.4029447833971318 0.0336660448749106 9.95490647541988 -0.4028799609210868 0.9152090491531405 -0.008980300352943858 -2.7822337237654864 -0.034430071100782625 -0.005349693509681128 0.9993926953381685 -0.06675313099994881
385 396 0.9991286960265581 -0.041461273684258344 0.004817186902216751 10.289560670300181 0.04153196997731211 0.9990131041148926 -0.01573805665207769 0.1717534088540749 -0.004160458345787654 0.01592401852464118 0.9998646319863308 0.09967792136538044
397 406 0.9998356780683351 0.015580069234081619 0.009244981325118093 10.031063711908713 -0.015641728411122595 0.9998561934381287 0.006606965703810167 0.050531561891282765 -0.009140242161698283 -0.006750571149858024 0.999935369435066 0.10265405372865104
407 416 0.9988483734289052 0.04488916268770088 0.016939067302575404 10.906688017613924 -0.04493330072691897 0.9989882488491313 0.002273921060045824 -0.20060428577732312 -0.016820091591697114 -0.003033227859922416 0.9998539853713324 0.14989789930688194
417 425 0.9999734326444225 -0.0028507118117677994 -0.006688402410970964 10.442829244465328 0.002690872096346607 0.9997127030909183 -0.0238367072065 0.03259449076122496 0.006754736253895262 0.0238180600736838 0.9996935133757593 0.2729841488237063
426 434 0.9998869454311635 -0.010552449831052699 0.010711914448267978 10.727140851270399 0.010890957585840896 0.9994277378707837 -0.03204437404523517 0.07579602315312503 -0.010368232390045513 0.03215756652302042 0.9994291252436242 0.1619863925145344
435 445 0.9998991387756886 -0.008944048305537744 -0.011042238861565133 10.738453689788559 0.009045893967668507 0.9999160844150888 0.00926880607669388 0.13827541993629938 0.01095834677348655 -0.009367508621040898 0.9998961709645289 0.29433248502401477
446 470 0.9369937576772603 -0.3422548563218898 -0.07002563353432609 10.139060012551358 0.34471480637137386 0.9383369667504824 0.026362546230191592 1.1635484807691456 0.05668490634195244 -0.048840347201803073 0.997196870378283 0.5302353471053661
471 496 0.6081591980055497 -0.7926898846685594 -0.04226255801655806 8.485369046482777 0.7932265555057284 0.6088950468437241 -0.006064814469617248 6.057175770781463 0.030541473154356524 -0.02983478579931169 0.9990882108314527 0.37782808818762664
497 511 0.9833237643872391 -0.18176122702463557 0.006091615726604129 9.935401096136358 0.18165700403966928 0.9832534165989002 0.014637977806774968 1.360586812329462 -0.008649889801327854 -0.013286630789006994 0.9998742448286378 0.03682561381180944
512 525 0.9999419599477531 -0.010835971737813433 0.0005745004750640825 10.761729854617714 0.010836028714104958 0.9999418754776591 0.0007147800281243527 0.16771906247297388 -0.0005828020485830763 -0.0007084553244890784 0.9999995739457187 0.12195029449419784
526 538 0.9997940685790792 0.0198562651137619 0.0041391877709267616 10.74698906681688 -0.019851351543302444 0.9998025218679111 -0.0010125981407076894 -0.11951088018732374 -0.004158365359629556 0.0009302324321549027 0.9999908724025618 0.12943705974747047
539 551 0.9995541743549241 -0.029856671869867017 -0.00036353110984224646 10.573861502044803 0.029855126091293958 0.999539959098118 -0.005296588509894075 0.14197985044156802 0.0005221146144490315 0.005283447659367715 0.9999859240256624 0.17019417149793106
552 564 0.9914880358082886 -0.1301648482165494 0.0029179506532670983 10.107970140564166 0.1301222242852338 0.9914280585088141 0.011818269642411046 0.8851655160971742 -0.004430677587021394 -0.01133808700376428 0.9999257816254351 0.11771684217555357
565 578 0.9822076564379464 0.1876911389956165 0.006248253720509851 10.52292938045165 -0.1877125641242796 0.982220260104994 0.0029329883684210654 -0.9451237651392459 -0.005587038499079061 -0.004054030779970602 0.9999761888032895 0.13608734447100657
579 592 0.9965751712183945 0.08263296706591514 0.0031330856701836047 10.73067698646882 -0.08263381450002873 0.9965799717865712 0.0005125975373467791 -0.4979047415079405 -0.0030795957637442806 -0.000769342924741458 0.9999948337456467 0.17452178074774463
593 605 0.9999918963633414 0.0008698105964388722 -0.003996380367716788 10.436570515587395 -0.000908913892437386 0.9999525589158331 -0.009685677673714515 -0.050702501838349866 0.003988010589862087 0.00968840894747997 0.9999451509119124 0.21476752014339273
606 617 0.998622815737505 -0.050268181097226715 -0.015021414186113372 10.40840737780851 0.050278419951105324 0.9987350253069641 0.00036313968027957134 0.36873380891618013 0.014984119469326799 -0.0011187180560279812 0.9998870836670968 0.13643428754910972
618 628 0.9993975069210889 -0.029960740825228916 0.01756902760363626 10.86766067334877 0.029977667251481818 0.9995502412814895 -0.0007210082617544628 0.2180941530516492 -0.017539244813438225 0.0012481865884596654 0.9998454207943702 -0.03872034724798797
629 639 0.99992560833522 -0.012170431951661105 4.123370289966021e-05 11.036244353917116 0.012171205620860132 0.9999144719156632 -0.004802454613381149 0.10498584758499761 1.6950269297081466e-05 0.004803229313583842 0.999988488685824 0.15225666697115403
640 650 0.9999141722824179 -0.012852104865220272 0.002370245000819583 10.785118383797439 0.01284481346772829 0.9999132463047548 0.0027966342418122873 0.11914057115370445 -0.0024052826884751505 -0.0027662550887571262 0.9999931819796776 0.17347361159713634
651 661 0.999689641136066 0.02484781660056801 0.0013989951140792223 10.63718758760006 -0.024848974789493786 0.9996911215803767 0.0003464159015540915 -0.09089050550885704 -0.001390035845433134 -0.0003809255448437989 0.9999989576417582 0.1522769822668954
662 672 0.9995157993986209 0.030883334817243778 0.0037828958115306718 10.321271269771394 -0.030895416888211878 0.99951733971963 0.003236066405116432 -0.11594565538502319 -0.0036806705137141897 -0.003351499917105769 0.9999875164025648 0.18468625998265115
673 685 0.9999931928007738 -0.0009656757945266635 0.003449636635035627 10.570843984466304 0.0009827949353901219 0.9999880251021688 -0.004829661316640771 -0.028034971659361 -0.003444631323994182 0.004833364462527807 0.9999823719777654 0.2006918138268225
686 703 0.9693084724616147 0.24545240679732772 0.013893438142626606 10.341234594174818 -0.24558270043042238 0.9693374234289359 0.008587002671607138 -0.6768994826457863 -0.011359299999455123 -0.011736029272485737 0.9998665394450164 0.14783993608698728
704 722 0.9966468516825114 -0.08143011123806353 -0.007937286936197881 10.551652397870438 0.08141976465953535 0.9966787694148738 -0.0017108704454335153 -0.2576168339778422 0.00805039183130979 0.0010591150782305852 0.9999670249013072 0.16082859289664087
723 740 0.9706180057748494 -0.24008841460406563 0.01606371621624236 10.23074143138552 0.23982898302172473 0.9706747299023343 0.016515582823195794 1.8507397612932062 -0.019557170828822492 -0.01217760767444884 0.9997345462353975 -0.01833747765909994
741 803 0.9775576032188417 -0.21051511568703954 0.008071545149687581 9.912372126378889 0.21062482646190495 0.9774240965835577 -0.016734978907071367 1.0771779503101147 -0.00436578658540314 0.01805894081248782 0.9998273553229846 0.12329379336760121
804 819 0.9859662285153746 0.16675122453505783 -0.007959431045519225 10.062733916918239 -0.16661103843598415 0.9858958473079692 0.01582849365879006 -0.8843898789181832 0.010486046225719518 -0.014280367414598922 0.9998430496501926 0.19311146012329722
820 833 0.9997553633849114 -0.018023253433765 0.012814529047125083 10.430828449153646 0.018096108143891072 0.9998203702772785 -0.00558429950448754 0.09661374783760016 -0.012711497486836454 0.005815239978008202 0.999902326461353 0.10831032644405623
834 850 0.9992110484175936 -0.03959317210084015 -0.003386797152069681 10.459477157858677 0.03965741494878646 0.998973384352836 0.02190134791628546 0.27761468036130316 0.002515492688267381 -0.022018347328384886 0.9997544534883211 0.1898367978116008
851 868 0.999626301188135 -0.027218332969213384 0.002492292624359846 10.466683406507018 0.02720389766193165 0.9996148582785364 0.005432210093420199 0.22959986681640138 -0.002638856904072431 -0.0053621377778633305 0.999982068580101 0.08834443692286004
869 978 0.10195320607792871 -0.9944364070708215 -0.026500664044988766 9.147865028138224 0.9943670804378599 0.10264890095893263 -0.026376124395088824 4.426092115850079 0.028950813080833478 -0.023661958074667713 0.9993007046019461 0.368691867795827
979 1000 0.7945469720865895 -0.6071214870713383 -0.00993479881518583 8.827694991630931 0.6071608392274374 0.7941929338136822 0.024741714777994167 5.348159587356685 -0.007130862349468547 -0.025690587336084446 0.9996444452518914 0.022548318277674395
1001 1016 0.9998715250875119 0.015101668233816758 0.0054288725960134135 10.481212729427675 -0.015152752521631944 0.9998401633478361 0.009495292188672485 0.08443655335469452 -0.005284414978484947 -0.009576424908595 0.9999401840790804 0.07285844689146279
1017 1031 0.9958324582595388 0.09097860569174958 0.006309563303039776 10.73644813558269 -0.09103434694811521 0.9958055031584822 0.009141572052982572 -0.5535995369698677 -0.005451740031282026 -0.009678312046416233 0.9999383235741506 0.0748762598310843
1032 1045 0.9950675627998881 -0.09875870319040743 -0.009316446706922544 10.119873682124577 0.09871339058528092 0.9951024939188945 -0.00522419511795828 0.4269028043830326 0.00978683677048437 0.0042785095583653876 0.9999430413866237 0.16238931764279368
1046 1060 0.9143197300406749 -0.40488915305888445 -0.009200971509972771 10.43770978967699 0.4044116437788035 0.9139893744189713 -0.03277505146802347 2.211221818304331 0.021680806613097174 0.02624612603233236 0.9994202831875105 0.1856737022867562
1061 1074 0.9743764858913493 -0.22433543764179031 -0.016200818737425147 10.274649751792557 0.22426295169545649 0.9745097970909062 -0.006168394766308012 1.6473817216850202 0.017171671627359195 0.002377414650432132 0.9998498016599179 0.16172517109852577
1075 1087 0.9999923941124894 0.0029455068437570374 0.0025941449747391007 10.714753173603077 -0.0029266749104625424 0.9999681201739844 -0.007507136383109 -0.01832728294913285 -0.002616568782050686 0.00749929383055424 0.9999684391003473 0.055923194953653124
1088 1099 0.9998246375612335 -0.01794696596083976 0.005403510369499056 10.47969945562904 0.017915372743075454 0.9998210173186033 0.006012578581338415 0.17238590233102055 -0.005509840843026617 -0.005914846407411904 0.9999672460014624 0.07288937883469211
1100 1111 0.9998329319502622 -0.01786541640430043 -0.0037321171330627926 10.531515337755033 0.017825289550124242 0.9997867016075418 -0.010443654915686914 0.16510777764244705 0.003917892899737589 0.010375102110667427 0.999938509472454 0.17845978157524797
1112 1123 0.99877482425037 0.04939540316344088 -0.0030210533289324474 10.199263384710138 -0.049389325089772125 0.9987773817321992 0.0020846161628357753 -0.13442387287860344 0.0031199847381296604 -0.0019325857773195873 0.999993213601582 0.1292735977329781
1124 1135 0.9929996226203881 0.11393750429710335 -0.03114420676460876 10.267035975319509 -0.11439584957910957 0.9933457380273685 -0.013337648706628095 -0.5998963864144422 0.029417237832322078 0.016806830133523715 0.9994259323930568 0.16074835172718244
1136 1147 0.9884597810228019 0.15104419502609473 -0.01157197033768594 10.467510076777376 -0.15080287615105542 0.9883725270796432 0.019469388780745195 -0.7512408280721385 0.014377990140838695 -0.01750009532560402 0.9997435285451662 0.06556088016173865
1148 1159 0.9905145003629001 0.13704535684026672 0.00999305410878643 10.462736181377068 -0.13733968687893522 0.989707090065273 0.04023500934991111 -0.6918780299754429 -0.004376419663116972 -0.041225511284364975 0.9991403659195959 0.047108746339748056
1160 1171 0.9999322341547566 -0.010452196958237424 -0.005085298507659146 10.439540808867118 0.010459244658074131 0.9999445718429086 0.0013802062442987905 0.0021195522078583384 0.0050706602160671115 -0.001434088706861744 0.9999860779539606 0.15993019616317045
1172 1183 0.9996251515336814 -0.02731170526674867 0.0017480190666964675 10.728728282863965 0.02731090096989727 0.9996270787704988 0.00034795458007961876 0.23484633148930234 -0.0017566704075435825 -0.00030005215766521734 0.9999983789936416 -0.026439965659510848
1184 1194 0.999449998138104 -0.030852478275634528 0.012122986552137702 10.259023740289912 0.031124615508105268 0.9992516329845085 -0.022939371923935883 0.20241647157948642 -0.011406982641320661 0.02330345216464426 0.9996634392302742 -0.06489453255119082
1195 1205 0.9999889724437523 -0.004385578865908545 -0.001446956165320038 10.686493319960253 0.004396920274092312 0.9999585349441936 0.008020005079985298 0.13347568729033976 0.0014114562695883895 -0.008025914624188777 0.9999668471886822 0.07805522684545607
1206 1216 0.9998392999594508 0.017404396701206866 0.004390075387986202 11.123142944543268 -0.017519809097941742 0.9994580968836597 0.027885117457562596 0.01512441896387932 -0.0039017720598044205 -0.027958309824634535 0.9996014646748606 0.06342601180479386
1217 1226 0.9999799646805329 0.006385910831890436 6.41237024692713e-05 10.117497646361048 -0.0063862461673184715 0.9999791015754557 -0.00030188683783176167 0.03747711109028815 -6.556566762788006e-05 0.0003019663236820237 0.9999999502812508 0.09605120872460056
1227 1236 0.9999339038373887 0.010692239092692263 -0.004147152743782583 10.318123193561421 -0.010680716516611434 0.9999386946188445 0.002790633912143288 0.03146317844326722 0.004176022373691348 -0.002745995086662975 0.9999875000002123 0.020165728984233827
1237 1246 0.9998588670109257 0.007754011101561845 0.014905167807474315 10.112587240613992 -0.007599326384054631 0.9999162893502684 -0.01048642274321345 -0.008886473084691985 -0.014985374484634044 0.010371621038189815 0.9998339912905629 -0.0074458980164385374
1247 1257 0.9999772304205344 -0.0017781160607435564 0.006398010069958353 10.10660437495071 0.0018021599030241088 0.9999912777705184 -0.003778498738655499 0.038135087130949014 -0.006391072771554009 0.0037897493253678067 0.9999723260652734 0.11282982175535983
1258 1269 0.9996175216731331 -0.027634572125222565 0.0001599160900879205 10.021111734244275 0.02762421883026844 0.9994164076515814 0.020129071406828562 0.25695314445732115 -0.00071602322014884 -0.020117164595357048 0.9997973159420441 0.09319979814551513
1270 1282 0.9995826673085983 -0.027747537400513188 -0.007961692271399715 10.693023419252716 0.027831771753347855 0.9995556481495139 0.010657575173905372 0.2632961051012873 0.007663260225568848 -0.010874971209774875 0.9999114371101608 0.14861780580598366
1283 1294 0.9995698332647739 0.021243706323070623 0.02024765855306313 10.153715324147026 -0.021794281982994244 0.9993864211666038 0.027408804839998784 0.09765418644540268 -0.01965332747918256 -0.02783883739074649 0.9994192316508457 0.007988889190191126
1295 1306 0.9983150869042743 0.05799513409916372 0.0015261768918505788 10.596944985330717 -0.05792227899581166 0.9978522359119646 -0.030593184608067432 -0.32671012311488334 -0.0032971320132590925 0.03045420042082609 0.9995306587587963 0.11184801603980767
1307 1318 0.9999713636897043 -0.007416544614811837 0.001312030102383029 10.43203741389206 0.00743023065623638 0.9999183575263497 -0.010333685784725434 0.02934308923849308 -0.0012351933478155566 0.010343203032608213 0.9999456568918259 0.10942808121472848
1319 1331 0.9997106171219434 -0.023223096866459278 0.006181735118851429 10.295382522089284 0.023245344486271517 0.9997239251922692 -0.003560807155139303 0.2034967818410235 -0.0060971902596552 0.0037037712097466183 0.9999745262875037 0.05998463780487611
1332 1345 0.9998271032304045 -0.018514204326454203 0.001840227378606521 10.793900611133266 0.018517126589027533 0.999826335596259 -0.002196656229654574 0.1957354131426058 -0.0017994101673075185 0.0022306184261558165 0.9999959112193748 0.12447585839171539
1346 1358 0.9999788061768655 -0.006220690272634829 0.002076643744321421 10.312036033215188 0.006222320802222487 0.9999802912392856 -0.0009869022094051792 0.0878328286210031 -0.0020702010143590003 0.000999827228341959 0.9999973568012916 0.07226481371988214
1359 1371 0.9998558208502942 -0.012357130438424175 0.011591160276433761 10.660844909156685 0.012351438793759774 0.9999231999919156 0.0006557869534700172 0.1382334646873628 -0.011598301860153355 -0.0005122601752589837 0.9999326139651205 0.0638492555757158
1372 1384 0.9999877679871599 -0.0018882740301536178 -0.0046974400569093 10.685902912597998 0.0018719827395700904 0.9999921458494611 -0.003532386388312749 0.04163681221577503 0.004703606563271188 0.0035244897583498313 0.9999827244074568 0.11727800091563244
1385 1397 0.9999298188600839 -0.011602212653372926 0.0023663820708851487 10.601737532490867 0.011564933962805644 0.9998171190523824 0.01520896515583198 0.13260723898746862 -0.002542681220112263 -0.015179990650628155 0.9998816302294875 0.08405485188997008
1398 1410 0.9989565259363491 0.04525321148469832 -0.006198254281626041 10.357503533208508 -0.045277098368175575 0.9989668733114266 -0.0037635154414794618 -0.19738318328431007 0.0060212203110372705 0.004039769741327883 0.9999737633946157 0.18179604481614264
1411 1424 0.9997000399748697 -0.02404842722038365 0.004704239382401831 10.634907712098443 0.0240545601975663 0.9997092121519193 -0.0013089961849495294 0.13844844469649267 -0.0046710187412717175 0.0014220258651550836 0.9999880092101916 0.1735552134120156
1425 1440 0.9994274871983815 -0.0338238079878409 0.0007748455814414545 10.344749061851044 0.03380038463982229 0.9992295853808151 0.01993156705916524 0.4507812761829811 -0.0014485359875867682 -0.019894338480115334 0.9998011039462411 0.17197931011562664
1441 1460 0.9967045462727369 0.08108364160487781 -0.002023333891488665 10.222733108124686 -0.08109324128310542 0.9966962198600047 -0.004533813660341235 -0.5318138587067118 0.0016486889743094332 0.004682326799722841 0.9999877166493698 0.15288766472499565
1461 1487 0.592494809457356 -0.8049361107882294 0.03207308180876543 9.100262054536591 0.805002694696786 0.5931032123567287 0.01405030365963193 4.464028358447429 -0.0303312307930613 0.01749464063561442 0.9993867409611702 -0.0192682212451914
1488 1505 0.9144224572571141 -0.40474403024050526 0.0038539303062201055 9.622444763305818 0.4046973340219027 0.9144065236235305 0.00894756141374227 2.806262459153894 -0.007145229686262822 -0.00662238317709802 0.9999524617335379 0.05667294084736579
1506 1520 0.9927799131138795 -0.11739226646766766 0.024647668963245307 10.238400217855851 0.11725967171072436 0.9930785334904756 0.006820046881920068 0.8567033985501863 -0.025277980676065757 -0.0038812152779842783 0.9996730002903093 0.03209575168744486
1521 1534 0.9982958509046449 -0.03503325506997169 0.046673551519674866 10.34102567185617 0.03467050231993651 0.9993622878311127 0.00853816580075092 0.33052732255737705 -0.046943415525877205 -0.006905278881724015 0.9988737826621592 -0.11278089744816802
1535 1548 0.9999685334762161 -0.007870104990009098 -0.0007542142835486527 10.709233073190827 0.00786902538410894 0.9999682297961916 -0.0015863928007626316 0.14130947644028893 0.0007668897783764439 0.0015808272643599234 0.9999984325288368 0.2252938102285483
1549 1562 0.9999017497021637 -0.014035224427800155 0.00036582687787828827 10.156451363578345 0.014033028791762266 0.9998764636398502 0.007045381635585589 0.1394933927794059 -0.00046490171746658634 -0.007040275358173764 0.999975145927163 0.205926613144979
1563 1577 0.999338053932252 -0.03583798575290089 -0.006183725025360963 10.393611832651882 0.03581053672352165 0.9993472122263862 -0.004628506255745469 0.28740032924240366 0.006345750500401094 0.004404366516537469 0.9999701965134998 0.21073330996962902
1578 1591 0.9998879051555551 -0.011893382800456608 0.009048984383352679 10.329474162360022 0.011809070512165414 0.9998873784887143 0.009330999371633565 0.1912205440874404 -0.009159520858106677 -0.009223567953789692 0.9999155459216101 0.14108892037260773
1592 1604 0.9999472944885104 0.009134793419938421 -0.0045769301411663025 10.21753981555674 -0.009172461942432215 0.9999227278018488 -0.00835451974580827 0.02630883445992908 0.004500277636105258 0.008396701476786948 0.9999546288985246 0.23072890575828117
1605 1617 0.9999407069507179 -0.004556599156777868 -0.009859221867073723 10.56145176435229 0.004555156749785018 0.9999893455346508 -0.0002941235256974845 0.0724309534070916 0.009860489325456866 0.00024875316146567123 0.9999513791577779 0.23275004016443104
1618 1631 0.9870217910856762 -0.15928407328534333 -0.020390187770378654 10.417298685888635 0.15933442883957738 0.9872236418074728 0.0008551153349076812 0.6128941302720327 0.01999412587955327 -0.004092371819693953 0.9997917173196842 0.2829147195457317
1632 1648 0.6882273205289365 -0.7252674011426583 -0.01820654569115341 9.327547790185854 0.725475462628854 0.6878062819745397 0.024641618836395842 4.132278831116297 -0.0053495057011757755 -0.030166787515855085 0.9995305484654629 0.09441885071143674
1649 1666 0.6961959594049443 -0.7176176590567932 -0.018347296212604104 9.299548494637026 0.7177728681243626 0.6955128668990902 0.032583440932012236 4.981849457733514 -0.010621400403709902 -0.03585332139811291 0.9993007254506137 0.11266473245959212
1667 1682 0.9938859148660963 -0.108685491372529 -0.019424046438987826 10.610949923109303 0.1092742735812985 0.9934850119250928 0.03235258208465499 1.1862806369452967 0.015781230437186412 -0.03427756085330121 0.9992878679464103 0.21895844865783848
1683 1695 0.9998125945416807 -0.011142312074590988 -0.015799390580097075 10.271629749853275 0.01147501277066996 0.9997096915778984 0.021177950057941496 0.16468871870115762 0.015558363959232735 -0.021354601438798932 0.9996509896267246 0.10581537027841802
1696 1707 0.9990139340937777 -0.04434651352226574 -0.0023015055045434644 10.397441490584004 0.04437155641462814 0.9989387411107853 0.012311725207817778 0.30268506641192333 0.0017531285084321508 -0.012401996440785691 0.9999215244227122 0.08844695466741984
1708 1718 0.9995117157417269 -0.030385518965776254 0.007191069814013657 10.166163272554318 0.03043255862279148 0.9995156276149163 -0.006496707760584841 0.2608677318185987 -0.00699022853397189 0.0067129314936508555 0.9999530100118368 0.04129508979461211
1719 1729 0.9999992259686677 0.00034794370165194214 0.001222485993622248 10.533652657801694 -0.0003572539612280395 0.99996989566338 0.007794464529838428 0.0881892070746108 -0.0012193493055243222 -0.007795033734342536 0.9999688612947828 0.1452625432441572
1730 1740 0.9997284127756626 -0.020664666710347047 0.01074890289832803 10.06003773024566 0.020718108578210884 0.9997732700021289 -0.004804610385120054 0.1279184786928047 -0.010647197296558077 0.00502554730333086 0.9999306168118791 0.05627708031953145
1741 1752 0.9971317986284501 -0.07487467484145255 -0.011064927464765579 10.611674519407313 0.07470111887241303 0.9970892769159135 -0.015281777866175164 0.4475688328108022 0.012177312463331381 0.01441203426503668 0.9998219980618517 0.1479501712731082
1753 1764 0.9982782371567261 -0.05753219789042393 0.011449896622347992 10.986299306915416 0.057445710209256165 0.9983196710209324 0.007709407064404175 0.418577255269844 -0.01187362217916534 -0.007038954354144949 0.9999047409735233 0.04238352092422525
1765 1775 0.9999296924665328 -0.011647647498578328 0.0019105658685590148 10.406528579826464 0.011623695021406517 0.9998625486671049 0.011801200807655279 0.20844914616887825 -0.0020476966709541207 -0.011778186141423052 0.9999284763711003 0.12002169612134116
1776 1787 0.9994354732707048 0.03350749251865783 -0.0023808137859249704 10.241841708991172 -0.033510426658405534 0.9994387771075938 -0.0007313433486693988 -0.10445874670948299 0.002354476229918447 0.0008110129224854802 0.9999969005197207 0.162571761517815
1788 1801 0.999731943590778 0.020607713522412932 0.010546904968463807 10.747138161163384 -0.02042720686790453 0.9996484217954463 -0.01689965463928968 -0.13689081112563956 -0.010891415357271053 0.016680250684192464 0.9998015370950926 0.11965577080642797
1802 1814 0.9974529456897793 -0.07085117944360372 0.008208881451833148 10.130368982467205 0.0709909780128862 0.9973122648414529 -0.01816807461647004 0.3434812866974305 -0.006899634689368502 0.018705415561604 0.9998012107334349 0.05407462639460326
1815 1826 0.9970972089152146 -0.06403131821980315 0.04119624634679574 9.973047667534493 0.06372374090387908 0.9979295106787537 0.008724385001253932 0.41918699781488383 -0.04166893513938873 -0.0060735321082450895 0.9991129883086575 -0.13487029402240228
1827 1838 0.9983415616943149 -0.05754870114186462 0.0016280070788904663 10.031796976025728 0.05755474986485779 0.9983314428621942 -0.004582530359616769 0.3442515554372992 -0.0013620615243639322 0.004668879645970221 0.9999881922399454 0.15768420636328692
1839 1850 0.9995101655845925 -0.029914141726180416 0.00918246098561516 10.04588691446884 0.02985614380144392 0.9995347200731299 0.006366812727873241 0.21869098451892238 -0.009369062398337452 -0.006089907984942898 0.9999376000980537 0.11290411499131218
1851 1863 0.9987845060430082 -0.04929161453190425 -0.0003976536239251546 10.838307564269522 0.049284148453663953 0.9987266971393679 -0.010826368985886233 0.35240966752338493 0.0009312383161399913 0.01079375573840154 0.9999412775574925 0.13943688102272564
1864 1876 0.9995144139098658 0.027957169113523434 0.013744050699141938 10.536070802811269 -0.027746653219021415 0.9994973292389095 -0.01531305412005875 0.020533504344169215 -0.014165570313625664 0.01492423162079515 0.999788271143842 0.08069781528680779
1877 1890 0.9165993185699007 0.3997478037768757 -0.006835802206276953 9.858652529362658 -0.39979937274568805 0.9163476621851084 -0.021609542257569673 -1.9173400041082953 -0.0023745603826519435 0.0225397846723022 0.9997432374560692 0.16085324849428817
1891 1904 0.9361116848134245 0.35095901537724294 0.02284162148597273 9.979295342953808 -0.3504332276614468 0.9362784676765833 -0.02408994879481351 -2.27427644669881 -0.029840125335259513 0.014546967227856047 0.9994486540777878 0.05605241154706181
1905 1917 0.9964739807554595 0.08359456398796809 -0.007244925442114518 10.245723678722442 -0.08360957134394059 0.9964966343956502 -0.0019663954638401244 -0.521412461412909 0.007055061480017307 0.0025644809010502124 0.9999718529708195 0.18222444640135055
1918 1929 0.9999428302098429 -0.00949499356894617 0.004959334645456505 10.2999607233997 0.009611818463844088 0.9996624123572577 -0.02414516494543031 0.018727771251139363 -0.004728507664178893 0.02419164544076222 0.9996961158143112 0.09224541507856678
1930 1940 0.999985426205978 -0.0015576770244668894 0.005159082941404578 10.14427639558997 0.0015380102950002734 0.9999924063308899 0.003770227469792607 0.05020588653815279 -0.00516498211660385 -0.003762017714835278 0.9999796128133749 0.07417747482670284
1941 1951 0.9997984233833955 -0.003477098133067547 0.01978637953150338 10.732463148946891 0.003343079727828706 0.9999709078364044 0.006821321252061537 0.08603725949676279 -0.019810161668254143 -0.0067533024083668205 0.9997809748933331 0.10913570893071724
1952 1962 0.9999702533148782 0.004596760502829701 -0.006079065130819256 10.208691956579512 -0.004580857495575229 0.9999864540463362 0.0027145444227939723 -0.0025998168541204814 0.0060910588121392715 -0.0026863676190850842 0.9999778539188572 0.2939785411194493
1963 1976 0.9969301346702812 -0.07826119773635395 -0.0023887702920800846 10.556751151335487 0.07822555743882814 0.9968610450997435 -0.01226349182098114 0.24014914526436754 0.0033407855953506184 0.012039593034062525 0.9999219177965554 0.2354132038587384
1977 1994 0.8323975463935721 -0.5539508492048533 0.01590877968744406 9.900978420178149 0.5536021411635812 0.8324980066008768 0.021721686632934094 3.055994541300731 -0.025276577449226432 -0.009273496426917646 0.9996374386232278 0.12626203013752768
1995 2012 0.7034667264154048 -0.7101441526432721 -0.02883129825172789 9.49222899164298 0.7107119560817869 0.7025927875084089 0.035366254402388546 4.4647206007264835 -0.004858066689926249 -0.045368412516781885 0.9989585386291262 0.03908596315189479
2013 2030 0.8656366385279721 -0.5006307214675204 0.006629205369335104 9.797788837593451 0.49987518706504996 0.8649265829879191 0.04499804247207457 3.440691264668889 -0.02826011161330001 -0.035638045984811254 0.9989650438531067 -0.006507583673073599
2031 2047 0.9967175055469389 -0.08091377821025729 -0.0027007562901155847 10.432155659867593 0.0809456878582856 0.9965972847643751 0.015546884572640295 0.6719242160832696 0.0014335978249767382 -0.015714524529664375 0.9998755581411908 0.13151904728541736
2048 2062 0.9996857057551475 -0.023618852990891337 -0.008418832642269416 10.274474709817742 0.02350724946155143 0.999638434173833 -0.01313024340103217 0.17821334952359294 0.008726043386252772 0.012927664480214126 0.999878407289716 0.09873146596368097
2063 2077 0.9999398517122892 0.009630614880457865 0.005187017598584299 10.475271625590135 -0.009699344961161833 0.9998655499803791 0.013262736028240619 0.037324942475898654 -0.005059164888463646 -0.013311660291374648 0.9998985729082625 0.05433174844012658
2078 2094 0.9174924983804954 0.3974572827653312 0.015342053838905675 10.214964614064522 -0.3973643371692114 0.9176191051023175 -0.008807819778338267 -1.3927314238736674 -0.017578851135319946 0.001983740207936444 0.9998434764061555 0.10858314318766728
2095 2114 0.6883386404045704 0.7250004248578102 0.023765865596281688 9.33363234529818 -0.7252755379683345 0.6884407389505237 0.004895666496807857 -4.526181954246985 -0.01281117333337926 -0.020607160429495414 0.9997054396244449 0.09680878896416859
2115 2132 0.9655139229391149 0.26011869556512374 -0.01102524010687455 10.279685252814806 -0.26029435692095565 0.9653240704237558 -0.01990954634378853 -2.1147228546590395 0.005464685037282862 0.02209279986276346 0.9997409441979778 0.15703922812451301
2133 2148 0.998932850346729 -0.045446045065237486 -0.008215988559240262 10.21196464900215 0.045521178638359146 0.9989205980660744 0.009233959990781339 0.30754950517195395 0.007787671154681604 -0.00959832577121892 0.999923609779445 0.18544959300525926
2149 2165 0.99596735514846 0.08967076648826379 0.002741447791513568 10.379373458929223 -0.08966515903144634 0.9959711202178797 -0.0018805659775153769 -0.158961201075254 -0.0028989049852665093 0.0016273772880726288 0.9999944117076489 0.1685619340582363
2166 2186 0.9997749620821613 -0.02107196663887267 0.0024249261226726494 10.29065611045135 0.02116667298544292 0.9985283807039964 -0.049945074173533305 -0.9104528362892812 -0.001368758580920858 0.049985629932868286 0.9987490244069216 0.15110426205248434
2187 2264 -0.9054120309914669 0.424072092503556 -0.01977899816557705 -9.840643278527754 -0.4243234394344822 -0.905445088246988 0.010822663232382684 1.4917658811636803 -0.013318440776587679 0.01819059316063496 0.9997458078862896 -0.21353105429340297
2265 2282 0.9294724622469834 0.3688820721306617 -0.002569721901384783 9.779944073829759 -0.368800460887738 0.9290710496573762 -0.0285242796172896 -2.8493292709140565 -0.00813441562764049 0.02745973742137636 0.9995897189343014 0.03267821265067666
2283 2298 0.9999588575791112 0.0053505332905646385 -0.007255256492025667 10.246635600877344 -0.005312087325854577 0.9999728769209135 0.005257437787467823 0.05105647565526073 0.007283593151675789 -0.005219423855865152 0.9999598166881339 0.1324921791092923
2299 2315 0.9855796102973969 0.16909619735594783 0.006298284976513331 10.185819428602079 -0.16910040702398124 0.9855989212863989 0.00020909360971952288 -0.42882413635616423 -0.0061722827956508615 -0.0012714250641464222 0.9999801961336814 0.13941972582402384
2316 2338 0.671259801693425 0.7410902753157448 -0.014074567949732301 9.482237867275847 -0.739847624616895 0.671050439700211 0.04813275517509912 -4.062383792319465 0.04511494360945664 -0.021896623643303116 0.9987418315839061 0.5732708341849919
2339 2358 0.8795573849102282 0.475777761386931 0.003651947419385375 9.813939254626966 -0.47577149374857136 0.8794245730119397 0.01594778845918518 -3.253407935426775 0.004375125168262236 -0.015764733207513804 0.9998661334806713 -0.02035764200401999
2359 2374 0.9998719866123589 0.01492256870802546 0.005720921500232896 10.498572406077416 -0.014836348402884092 0.9997806131158187 -0.01479303405181513 -0.12290171441689761 -0.005940247863299434 0.014706115727194503 0.9998742320293887 -0.022913122631137938
2375 2388 0.9996483515522097 -0.02586635178165264 0.005910875163424693 10.491900720842334 0.025916155867887574 0.9996275719151791 -0.008525187278070208 0.1376527282228253 -0.005688286385446076 0.008674869578293496 0.9999462433550069 0.04711864675535897
2389 2402 0.9994189712494183 -0.03408173241021266 -0.0006042624270363149 10.523523181412042 0.034082145959728576 0.9994187022954556 0.0009891588251021853 0.22960262652875532 0.0005704549679626876 -0.0010083773875398502 0.9999992607709061 0.05475429900439335
2403 2417 0.9989201447936568 0.04562360547534479 0.008793353985394025 10.202312146188737 -0.0457867272266552 0.9987635071803276 0.01933330720193736 0.11410193360429982 -0.00790027842186857 -0.019714471537385286 0.9997743566458349 0.06949011408988165
2418 2436 0.7902600554462239 0.6126664743556556 0.01131529787710228 9.89152135373542 -0.6125556667184793 0.7903378826210887 -0.011928644428465411 -3.2043695436499338 -0.016250652682162876 0.002494856439631493 0.9998648153108083 0.03989251985665399
2437 2453 0.7702387422620119 0.6368898711229098 0.03322607400387309 9.18949377186388 -0.6375597551275449 0.7702462173335116 0.015402560433852797 -4.086922334740826 -0.01578313302818005 -0.033047902697698577 0.9993292079795868 0.03449771922914945
2454 2467 0.9979338543851926 0.06402013528409456 0.005422810050880804 10.112815372673213 -0.0639922749606802 0.9979368332409136 -0.005166124467159556 -0.5929467582657564 -0.005741465659993109 0.004808585083991773 0.9999718583234605 0.07044521981240714
2468 2481 0.9970484955556765 -0.07663247538395997 0.004766064292033854 10.200317847021166 0.07662198409586715 0.9970570771965059 0.0024765767965477634 0.46384346484071964 -0.0049414560192084685 -0.0021036969250104497 0.9999855371597187 0.11598358223980369
2482 2498 0.9997302295390489 -0.020506425051747955 -0.010877258934441882 10.422268770513309 0.020697463345660878 0.9996288769023929 0.01770302080167857 0.28383556808952015 0.010510196884023191 -0.017924021086846566 0.9997841805931569 0.2190400189095599
2499 2521 0.9838889466667751 0.17864999602540138 0.006902720972921135 10.14071301767933 -0.17858351104125392 0.9838813457588973 -0.009285399915284757 -1.7298161875711011 -0.008450731556331331 0.007902587878031534 0.9999330914172835 0.09908609940189418
2522 2594 -0.8456755202071885 0.533340322863803 -0.01954548827203273 -10.054492698435187 -0.5327289014301761 -0.8457798580492332 -0.0292826102427147 0.3679153518845709 -0.03214760584332507 -0.014352185871906998 0.9993801051048622 -0.17637207019323206
2595 2610 0.8998733553510746 0.43614231938994824 -0.0028475595912486025 9.531914219258002 -0.436141033732864 0.8997873811540695 -0.012730395253727376 -3.115455933514753 -0.0029901279632730694 0.012697573770253587 0.9999148311898999 0.02605254650144149
2611 2624 0.9991052055353383 0.03644313719366466 0.021444203044707438 10.371922710897929 -0.036336598943314584 0.9993259399046825 -0.005283933876467438 -0.16050193548916578 -0.021621402493863223 0.0044994868163994095 0.9997559078862814 -0.03007145141206023
