866 966 0.7945344433202185 -0.6067953722933593 -0.022697135692994082 9.772777213711475 0.606010653753464 0.7947561060816479 -0.033372146667236355 1.3215263144830953 0.038288689355875316 0.012761223680124067 0.9991852540648163 0.28363621115669385
868 971 0.5673134987372455 -0.8229691661502172 -0.029645628429213002 9.261098713901507 0.8224811442050248 0.5680342912008581 -0.02934638255932664 2.3504024996971404 0.040991138178121035 -0.00773365088597522 0.999129680305215 0.3027324395143865
869 976 0.24200737036870706 -0.9700202861481646 -0.022230871514422976 9.119919840815996 0.9697712558396724 0.24255521568975325 -0.026620049712578586 3.760518438121085 0.031215459051356753 -0.015116195705968574 0.9993983698993664 0.34719957781560506
871 981 -0.1035980721399724 -0.9942189471882077 -0.028219917289651036 7.966838623393066 0.9943633095951465 -0.10288741832080506 -0.025577073264781806 5.520408873022348 0.022527165949867294 -0.030710802707348522 0.9992744369513895 0.3672121555517113
873 986 -0.3752695123027587 -0.926216600119399 -0.03601732802629189 6.297689055323686 0.9269036216947828 -0.37479295794762424 -0.019442732668340245 7.45909032417293 0.004510151748529885 -0.04068055689761169 0.9991622197363798 0.33361916657877594
879 991 -0.5009531661379792 -0.8644227159010565 -0.042672992061754775 2.828188610714281 0.8653449394844142 -0.5011197800548661 -0.007472025537241684 9.505550662440074 -0.01492382080774692 -0.04066888758539455 0.9990612651353448 0.13413292682510936
1 1555 0.9999017098547692 0.013795137138519372 0.0026389446921852903 -9.96191694331142 -0.013776270331610514 0.9998796933750156 -0.007131216651689499 -0.10261130362850895 -0.0027365115221133053 0.007093811666912943 0.9999710110704725 -0.16545460356752603
50 1560 0.9997823950154691 0.019752185920690165 -0.0067102824783792465 -9.978900487391133 -0.019746242309329975 0.9998038241122649 0.0009761662088135014 -0.029010771402840908 0.006728668479242237 -0.0008429785223789893 0.9999769257608359 -0.19640550744399013
60 1565 0.9993219929043999 0.033988654945409716 0.014203958073045204 -9.861269786455484 -0.03419691580353253 0.9993067891876285 0.014705938444705332 0.12720308611889317 -0.01369486159713317 -0.015182424881480656 0.9997909594238273 -0.09486108306306455
67 1570 0.9998149181615481 0.01912642828938726 0.00220971695936542 -9.492462278543082 -0.01916060196310014 0.9996777456389088 0.016678513004307643 0.033856923523418264 -0.0018904087509334397 -0.01671793611370481 0.999858469899667 -0.1272102271561179
74 1575 0.9999781397750723 0.006311709291792287 0.0019838926441948287 -9.682035945441953 -0.006310940904174172 0.9999795462314682 -0.0008924788708994359 -0.05056031069718772 -0.001989495084912058 0.0008798390832030347 0.9999976308226691 -0.16145538675913648
80 1580 0.9999772766415755 0.0013515493533364372 -0.0066169159527523 -9.717848757823338 -0.001405235265168258 0.9999652965738369 -0.008138380636185218 -0.017465820165862993 0.006605958124117179 0.00814794479081152 0.9999449134967073 -0.12872911272719476
47 1585 0.9991028962902787 -0.04221108321870604 0.0031752880418081586 9.762128116734266 0.04223375403354695 0.9990801382958482 -0.0073855178894279856 0.3662427793380533 -0.0028604438541605048 0.0075123489110399694 0.9999676267200708 0.19268764589481288
91 1590 0.99991152133582 0.013027100528553758 -0.002555535578023488 -9.867469417239903 -0.01301840105222495 0.999910122726656 0.0033440612184657795 0.15329484015782385 0.0025990908578474607 -0.0033105035045219978 0.999991134294346 -0.18919400960694935
96 1595 0.9997156044676067 0.021048342132378085 -0.011251689569496124 -9.822252174053862 -0.020954335163383516 0.9997449167036166 0.008472856483004929 0.18037869336214105 0.011427267691455682 -0.008235521628301903 0.9999007430370306 -0.10844034214660223
75 1600 0.9999603028054794 -0.00766647430477124 0.00461169170711158 9.91271513129224 0.00766949959851834 0.9999706574292616 -0.000607626349071675 0.24585560279142205 -0.0046073829865934755 0.0006433952021203086 0.9999892075383181 0.16852011606227724
106 1605 0.9992849417063471 0.03610420296134121 0.011280391286658283 -9.86130056545997 -0.03613598584702991 0.9993432535574575 0.002613986055418923 -0.08147645294049823 -0.011177824496347633 -0.003019150981407029 0.9999328412013971 -0.09353647596537415
88 1610 0.9998410475149194 0.017490330484906766 0.0035306361561072766 9.667715636521208 -0.017466835943796492 0.9998271307083193 -0.006408298523490228 -0.005252009640069844 -0.0036411959968398683 0.006346419747803299 0.9999731390056716 0.11956214444656998
117 1615 0.9996627288442104 0.025925488403880106 0.0015495847830771785 -9.626527987318276 -0.025903507306870566 0.9995744795982795 -0.013405020868467924 -0.41778515491352053 -0.0018965406063905228 0.01336102272463361 0.9999089507857486 -0.16010733678494307
125 1620 0.9927214153914197 0.11862978158790914 0.02075236009159568 -10.05088941689366 -0.11850738687741545 0.9929277084466077 -0.007045106189703857 0.23401281017356806 -0.021441523494900035 0.00453398548388871 0.9997598183188099 -0.0002918877194440095
103 1625 0.9999937175431403 0.0015200137302102755 0.0032340622321116092 9.995217349078546 -0.0015274995167224596 0.9999966322424232 0.0021720546532028677 -0.4862797589292809 -0.003230677981853937 -0.002176906221386985 0.9999924155657355 0.1625373090285649
142 1630 0.7006955343914016 0.713457550553245 0.002215111643119077 -9.190944715074362 -0.7128230888181568 0.7001992481503613 -0.040045799071283014 4.126496251368497 -0.030122695929709363 0.02648051563132471 0.9991954014433194 0.02006321079550568
112 1635 0.9572083086010688 -0.28909894380203977 -0.013179085232572439 9.80098673049681 0.28908521192717573 0.9572982996164011 -0.002898487845446894 0.6136727945950715 0.013454101162285298 -0.0010347168437032086 0.9999089982656496 0.26884694397815184
116 1640 0.8608101505006504 -0.5084338920256155 -0.022351572244651917 9.850019133858488 0.5088001070651643 0.8607405189364205 0.015741595470769015 2.0496059382666623 0.011235801882049257 -0.024923650771043512 0.9996261214404139 0.3710326794999934
121 1645 0.7095899494205721 -0.7041199196368692 -0.02639403311079524 9.100196109752117 0.7044822301508535 0.7096829243471817 0.007271527803090542 3.7654216321048066 0.013612083488343777 -0.023753176168678447 0.9996251161657346 0.2535575657266036
167 1650 0.7272029135007305 0.686334837983479 -0.0109212298452052 -9.739727229141206 -0.6859696783373771 0.726055535611699 -0.0478436148126572 1.613154353204384 -0.024907817383848042 0.04228270127125199 0.9987951395308629 -0.10280862795667736
133 1655 0.5794555055008749 -0.8146796300983974 -0.023032175922221978 8.622400284203955 0.8149129081464193 0.5795815424800487 0.0014001630076584518 5.259300720858979 0.01220915313798103 -0.019579414086444834 0.9997338471994835 0.21605792517391506
140 1660 0.677104185861363 -0.7357965134028274 -0.011599232683525336 8.86135343839545 0.7358046528550003 0.6767086290410665 0.025613876509017242 4.325511781150022 -0.010996270976096555 -0.025877511709893428 0.9996046067191553 0.18602175404856566
146 1665 0.7733876117701771 -0.6336958364612931 -0.017344162499981858 9.406052624749723 0.6339148092681589 0.7728692955137083 0.028713773902304545 3.4389685269703474 -0.004790422578611367 -0.033201107449831645 0.9994372289872498 0.1476000073012551
153 1670 0.8908263372973897 -0.45434321908189756 -0.0015546989774882017 9.565876347170875 0.45423322159046653 0.8905246708934745 0.025252512741500494 1.8229018075413588 -0.010087925450781429 -0.02320148051043238 0.9996798679708004 0.021678834387252374
160 1675 0.9653121836505193 -0.25920416882879277 -0.0314013745374421 9.431469925096781 0.2600845445630177 0.9651736528978201 0.028231246299939936 0.5319622994660822 0.022990764891595825 -0.0354191124431103 0.9991080301813825 0.21221695638657384
202 1680 0.9963394515791125 -0.08542350599218253 0.0031432660359213905 -9.69551669927348 0.08543023927437976 0.9963423707070383 -0.001957059980570569 -0.6493640133417374 -0.0029649477935895555 0.0022187867847894113 0.9999931182545568 0.0016567025208582503
209 1685 0.996273281612732 -0.08497961032615335 0.014762660158331501 -9.84668526523192 0.08507506190081643 0.9963561762837105 -0.005960319006191755 -0.35204480557839435 -0.014202614662536014 0.007194571953156254 0.9998732550999919 -0.01539873695284903
216 1690 0.9956407302371888 -0.09102021736756169 0.020380828985143682 -9.852721479623876 0.09076596235820976 0.9957860028661999 0.013068797063917923 0.04843953942251305 -0.021484220156334777 -0.01116219906258766 0.9997068294334932 -0.03324330686038294
223 1695 0.9954070799467927 -0.09538969217966883 -0.007989403896945914 -9.817589040077564 0.09558913298765341 0.9949560241357501 0.030416025582263466 0.5112155457298782 0.00504711436495225 -0.031039311596240404 0.9995055631866567 -0.1545569709081037
230 1700 0.995296037754405 -0.09613171252051218 -0.011992359147833304 -9.758341874170295 0.09663043032701754 0.9939485410278414 0.0522405098851899 1.1381809842992379 0.006897831900641687 -0.053153111789216556 0.9985625337833387 -0.1983180937260535
206 1705 0.9914612111699809 -0.1302840684742765 0.005574570848891381 9.863402138570065 0.13008290182612378 0.991118309719706 0.027623790597856236 1.6402799739108398 -0.009123717505844004 -0.026663478577906775 0.9996027185986169 0.11503474487188013
244 1710 0.9975837244673232 0.06945717711599864 -0.0014863817609318622 -9.108209673699108 -0.06927731661680371 0.996143282490225 0.05383908072223174 3.3200987542640488 0.005219806429419211 -0.05360573695485255 0.9985485690910363 -0.19353500662534723
252 1715 0.9906984594126172 0.1360698304091773 0.000858250804758541 -9.307847351397612 -0.13604752542698295 0.9903715347051194 0.025605068678181766 3.4263537792393883 0.0026344598623530826 -0.025484304285139852 0.9996716622096427 -0.12894226067307976
259 1720 0.9895890090239948 0.14386338159358003 0.004169896054417964 -9.108931667739089 -0.14390707524716964 0.989491296039983 0.014034756924778596 2.7890898414280265 -0.0021071230383394764 -0.01448930114279036 0.999892871133447 -0.11287395516488238
267 1725 0.9951329436359716 0.0979321844689163 -0.010925120594401448 -9.737660853739248 -0.09798325473898407 0.9951791777775003 -0.004211017596967483 1.6689620638785323 0.010459958470515621 0.005260312295865134 0.9999315004684982 -0.1636206451119893
247 1730 0.9951396141032667 0.09766024048795015 0.012628909366632518 9.724674351962685 -0.0982020190490756 0.9937199499041075 0.05364282800664312 1.8429111607377586 -0.007310431213395904 -0.054622322580020144 0.9984802958584459 0.021511914788668332
254 1735 0.9906033090396041 0.1351365701104762 0.0210339572223062 9.948473529623548 -0.13582296257043436 0.9900922480389239 0.035630234748289455 0.7800446922330426 -0.016010387972428642 -0.03815223668063314 0.999143575375697 0.020962172977635432
261 1740 0.9923930022330033 0.12216973332327945 0.015190970353950665 9.829695260634063 -0.12224496569606483 0.9924905680085991 0.004204897729963046 0.012105134516248449 -0.014563586311741204 -0.006030142143212065 0.9998757578180049 0.024935083435753073
296 1745 0.9983835420109499 0.05474361843308081 0.015307494409068428 -9.835908204498129 -0.054730824328296776 0.9984997166774668 -0.0012509550553083558 0.7986772932598534 -0.015353494994192246 0.0004107831293146732 0.9998821085981582 -0.04478144900842823
302 1750 0.9983215637508013 0.05789058362284226 0.0014043454627122491 -9.382379334925737 -0.057880041608949336 0.9983044830722141 -0.006196106487949128 0.9017151437640344 -0.0017615431763004156 0.0061040641899414005 0.9999798630453983 -0.11642514781852367
309 1755 0.996836922199606 0.07871541788388399 -0.010988866008240897 -9.921782253861048 -0.07877949907427005 0.9968759556450284 -0.005573845373302089 1.0555486843090773 0.010515494813071737 0.006421951435271896 0.9999240913113103 -0.13688401947794715
315 1760 0.9970893337485865 0.07605427284319975 -0.00525105643405881 -9.831802102650702 -0.07608672994290955 0.9970806690487458 -0.006368184248801525 0.8841901548631136 0.004750704205976519 0.0067490973715361915 0.9999659928088529 -0.12652670603147523
296 1765 0.9978132845435174 -0.06538597303574212 0.009735128187266039 9.865527754911444 0.06532756183576344 0.9978439479064771 0.006230127288573801 1.189086943889599 -0.010122060393103392 -0.005580210256706093 0.9999332867358064 0.040075885613696044
303 1770 0.999536514529036 -0.030081004207244733 0.004680980093570111 9.98828947400918 0.030022668953990507 0.9994754958060608 0.012162071507742645 0.9773115286763422 -0.005044036009305213 -0.012015807850655563 0.9999150643826591 0.0718243839023959
310 1775 0.9997370887216098 0.022299392086725423 0.005296831789770435 9.710009968286425 -0.022336786922272096 0.9997247197287707 0.007135124290926575 0.4607588958623156 -0.005136206931427098 -0.007251213393741518 0.9999604341571421 0.08367914440524293
316 1780 0.9986770763524975 0.051371971817522795 0.00219480767150097 9.753040998564583 -0.051363632536162995 0.9986734267520899 -0.0036450303927538646 0.05802172788624494 -0.002379443939040252 0.003526838339024904 0.9999909822557186 0.12404322096866893
348 1785 0.9623698020102631 -0.27154364334269065 -0.010479269233331529 -9.508668875211042 0.2717047691130764 0.9621741011444523 0.019914453474363363 -1.438080854505645 0.0046754559541785 -0.022011428263092735 0.9997468477689762 -0.24356380913254386
327 1790 0.9975998876841433 0.06922887803224576 -0.0008652365759292162 9.745828041488888 -0.06922557183950127 0.9975971046699843 0.002995542429333882 -0.34404217567656564 0.0010705286463779783 -0.0029292916969974924 0.9999952133934744 0.13202866183721007
362 1795 0.7000250356691905 -0.7084524527300684 -0.08978111875386233 -9.511144033439658 0.7128844384990696 0.7006584408228409 0.029562065947124298 -2.0647579723133767 0.04196300410719816 -0.08469785417453189 0.9955227490614245 -0.5775178201577847
367 1800 0.5431660767422972 -0.8322408285486546 -0.11111997359177817 -9.71482583789178 0.8381594177470825 0.5452640332580194 0.013224862291412613 -0.7586532788851733 0.04958425823956897 -0.10031947728029945 0.993719070329455 -0.6434161350941305
344 1805 0.9875342150998844 -0.15610744460389644 0.02015323473650674 9.494853857264578 0.15654123150271748 0.9874230302393852 -0.02214713505068686 1.9195839857451193 -0.016442495235448332 0.02502589536287102 0.9995516413875682 0.06976309301034127
370 1810 0.3998546413979505 -0.9111636295834923 -0.09949335004346385 -7.907075989181826 0.9153928718874407 0.4024959655230188 -0.007185325446003059 5.35971672076138 0.04659326610882216 -0.08820162691636373 0.9950124714758307 -0.3250999737512403
1273 1876 -0.632467389367758 0.7745760559820525 0.004184574799988482 2.536466471698965 -0.7736378991167048 -0.631415547591967 -0.05287782559585106 9.597616325517055 -0.038314821669877604 -0.03668165283028805 0.9985921251470339 0.14007868776595178
1264 1881 -0.6950225165994275 0.7189833167298181 -0.002779280619524848 7.602833324909613 -0.7183402126495797 -0.6945555155880969 -0.03973939043340913 6.714119595659314 -0.030501010200994633 -0.025625027332410646 0.9992062191254261 0.10594446932744518
1279 1886 -0.8216279451685777 0.5700082514765792 -0.004254011008737232 -8.485863117610911 -0.5691897530723506 -0.8208070378548512 -0.04794257285860709 4.138807294278637 -0.030817449736261347 -0.03697031218101341 0.9988409967313056 0.021396319359761086
1276 1891 -0.9154952853957714 0.40225304821218194 -0.007788840921944942 -9.243861210750161 -0.40166014381598253 -0.9149179107810304 -0.03992094619256844 2.333202754042864 -0.02318378734008949 -0.03341993351784593 0.9991725288430799 -0.00122776097231399
1272 1896 -0.9745419709899373 0.2237191095700956 -0.014801078635100556 -9.554622436890742 -0.2229267245065991 -0.9739062015190277 -0.04253819076669299 1.0778533364841196 -0.023930773181904084 -0.03815591243984077 0.9989851393121073 -0.04059638797618601
1247 1901 -0.9899622745612183 0.1394453161365686 -0.022982521428677988 9.859487720568165 -0.13914502715910498 -0.9901706144657668 -0.014185185329149199 0.46436798707684246 -0.024733285384833433 -0.010845184999004368 0.9996351971286295 0.12611505455204758
1263 1906 -0.9977970422443335 0.04719102748375238 -0.04662284075885677 -9.782840064902903 -0.04701628429865426 -0.9988818293881876 -0.004830697920532302 0.12231413784630399 -0.04679685550222173 -0.002628537660643949 0.9989008766378369 -0.25039317247318477
1258 1911 -0.9991007142458161 0.013914255088263267 -0.04006416781377191 -9.315646016614217 -0.01384845716790556 -0.9999029204674448 -0.0019123689167378952 -0.09114310505544533 -0.04008506357020203 -0.0013565644236287152 0.9991952488852935 -0.21532945046366053
1254 1916 -0.9996236693722569 -0.0021404071511997532 -0.02733891304508737 -9.809850258298017 0.0024413887236214 -0.999936441858618 -0.010967200817040388 -0.17198953765371658 -0.02731124513852133 -0.01103087497767503 0.99956599235093 -0.14559433678923
1232 1921 -0.9989732802494811 -0.032629554012410494 -0.03144201700626357 9.636028954681679 0.0333369242418923 -0.9991968436559769 -0.02223905024909371 -0.06268442526969732 -0.030689432774063986 -0.02326561445039977 0.9992582028172398 0.1153831840417534
1245 1926 -0.9992664537333193 -0.009129265695673327 -0.037180855480521253 -9.522975937015048 0.008942783879837062 -0.9999460655942897 0.0051915430727627245 0.010969638190390622 -0.0372252927531649 0.00485465048684137 0.9992950442547682 -0.16226510511343994
1224 1931 -0.9997096981928878 -0.02128947542020304 -0.011275139734514057 9.276940962873585 0.021457751119489218 -0.9996563588493104 -0.01502924866435335 0.21101501091626146 -0.010950421899498623 -0.015267271329045564 0.9998234488553167 0.06666133149927575
1219 1936 -0.999404984253661 -0.025627235475228095 -0.02305202779678659 10.00050695155211 0.025944873508157676 -0.9995712634077039 -0.013582317098485293 0.3066591648860111 -0.02269251608120938 -0.014172778951809782 0.9996420758370409 0.08048098352167038
1215 1941 -0.9995353011908185 -0.029939185675875602 -0.005713990222480665 9.344562759714181 0.029980457849131534 -0.9995238074466237 -0.0073130630553331554 0.4203472291028802 -0.005490499291948941 -0.007481599682855424 0.9999568862995958 -0.04079510630586243
1227 1946 -0.9995643672455485 -0.018265811270806086 -0.0231871249990594 -9.48718088861556 0.01842492292207057 -0.9998074065742117 -0.006658314395992764 0.4489784226088096 -0.02305954568931993 -0.007083787158343552 0.9997089922082668 -0.037497027013166595
1205 1951 -0.9984341098039929 -0.04571897568680729 -0.03223609976581478 9.530187583403936 0.04543539121751532 -0.9989223129324236 0.009486659774417887 0.7196055342149623 -0.03263386399044758 0.008007023805585545 0.9994352744784679 0.059914016017300877
1200 1956 -0.9985535995420683 -0.050405994572706087 -0.01872709700473388 9.91539857541904 0.0501933781666494 -0.9986720452017034 0.011639529932498482 0.9787195629846976 -0.019286957640528103 0.010682627467144289 0.9997568365533518 0.05960312297143722
1213 1961 -0.9987746888620598 -0.04022824100838306 -0.02883464642361323 -9.344476949238963 0.04013660681392038 -0.9991868664258413 0.0037333244894108978 1.050112458599761 -0.028959167285363917 0.002571252265393518 0.9995772219879235 -0.012332697353818138
1209 1966 -0.9983771377439756 -0.04357770668339312 -0.036645355379766285 -9.523246925440581 0.04347554639341661 -0.9990488573929407 0.00356832164685624 1.3105940914865482 -0.03676414227150167 0.0019693861278264747 0.9993219464201711 -0.1302422561517171
1187 1971 -0.9996884356405377 -0.0063887352816073 -0.02415290623978523 9.40313679114875 0.006323217280410686 -0.9999759193967802 0.002745997643602032 1.8230387590267887 -0.024168590034556646 0.002591413791806527 0.9997045561848292 0.04000081062001692
1184 1976 -0.9979059467312817 0.06300022809593755 -0.014671956898363285 8.719269752262818 -0.06310951903467263 -0.9979810784104497 0.007169167023805276 1.8199185814249235 -0.014188462251158527 0.008080357340957803 0.9998666762888594 -0.02630723725674509
1199 1981 -0.9874475878437927 0.15524793978630738 -0.02907905717116295 -9.818504906818932 -0.1560306021812099 -0.9873865722874084 0.02687595385623686 1.2958201406427015 -0.02453906233326555 0.031075011846112076 0.9992157458836689 -0.049497678104988424
1177 1986 -0.9320112250688547 0.36145019985680127 -0.02661867720772986 9.567701809460665 -0.36169452522039053 -0.9322835248066357 0.004898163616525593 0.582725528758393 -0.02304419001587356 0.014192230227709308 0.9996336723763365 0.06283213885558968
1174 1991 -0.8469403937680888 0.5310706885764485 -0.025607469800203456 9.792231060796611 -0.5311663155234134 -0.847260392470041 -0.0034603735577356165 -0.7896046420889972 -0.023531993566396656 0.010671143753220667 0.9996661116433537 -0.02423917192221742
1191 1996 -0.7386729050018244 0.6721447272345028 -0.05083701758017566 -9.826436911244109 -0.6729906105267799 -0.739650903326928 -0.0006265425525699477 -2.8826782745508677 -0.038021883257447334 0.03374911116433956 0.9987068008478517 -0.08143347618520759
1171 2001 -0.5135378151372891 0.8579355429301729 -0.015092888923216053 8.496996676661606 -0.8576572092261129 -0.5137553856046729 -0.021851631807954432 -5.334786692396793 -0.02650057669426528 0.0017212725239657198 0.9996473376934953 -0.058815706918939774
1184 2006 -0.333507152008707 0.9426379826298529 -0.014414923826843411 -5.770741640303318 -0.9408276599621044 -0.33376378508357274 -0.05867920588853361 -8.460788334645091 -0.06012281656548017 -0.006009873891679895 0.9981728328280304 -0.19638078791849517
2157 2257 -0.7659118081171292 0.6426765203538903 -0.01864417096885251 9.563471166707517 -0.6412095135031418 -0.7656516425174218 -0.051261925970674936 1.5335903413086636 -0.04721875622362529 -0.027307819049877443 0.9985111633532409 0.1678729624837079
2153 2262 -0.8893240337440924 0.45701787319261394 -0.015401785954278427 10.043147214479868 -0.4561889463568542 -0.8890260305205773 -0.03902797597930105 0.16980568967958795 -0.03152811200669535 -0.027682873423768628 0.9991194698595929 0.18906960038192147
2150 2267 -0.96509126374225 0.2608082492398544 -0.024022530374599657 9.555826008126024 -0.25985858746705287 -0.9649516167164882 -0.03665374784946297 -0.6180189548372578 -0.03273893896579686 -0.029132756332902267 0.9990392380347491 0.1536323241514967
2145 2272 -0.9948307801121187 0.0971209598508061 -0.029647882947471827 9.897612852366425 -0.09623356445354463 -0.9949053573906558 -0.0300348306596336 -0.8879294343275497 -0.03241223293686694 -0.027027124250558313 0.9991090968243578 0.13274704495320738
2141 2277 -0.999761079670406 0.012400402482179084 -0.018020246244302558 9.675111707702017 -0.01210908641046277 -0.999795706709183 -0.016224467884390047 -0.8304536712973657 -0.018216344654558642 -0.016002353460367668 0.9997059035489452 0.09633322634514468
2136 2282 -0.9994769085969298 0.007131895155384974 -0.03152037637931524 9.994562655250407 -0.006971294376224861 -0.9999620715581855 -0.0051846822514210415 -0.6608410587323523 -0.031554154336588015 -0.0049628893625386005 0.9994895802579477 0.1929434183688286
2160 2287 -0.9997836183458833 -0.012805822331601711 -0.016370892382733333 -9.771992465372575 0.013006655862912863 -0.9998409975635394 -0.012195933136176479 -1.0818904841583132 -0.016210939310637433 -0.012406150845985986 0.9997916167683526 -0.07988417350172654
2126 2292 -0.9995121502306242 -0.0018514051748714166 -0.031187466956174924 9.62511403935254 0.00191215694839613 -0.9999965296312392 -0.0018902594213772138 -0.8055893988393193 -0.03118232459443831 -0.0019490851898283134 0.9995117082905125 0.10786230291530009
2120 2297 -0.9931782961996488 -0.11273976794870613 -0.02979998133640319 9.768720510051091 0.11354979808711928 -0.993164549904319 -0.027042521706633398 -1.7972481945057168 -0.026546406820391315 -0.030241335620129928 0.9991900778882903 0.1286432839527831
2114 2302 -0.9578486192546859 -0.28298856491665636 -0.04942264104532457 9.575941047164793 0.2842686734800981 -0.958515642993893 -0.020970725463818098 -2.965655800272799 -0.041436417901289706 -0.034136201053350225 0.9985579249057707 0.17067276797847958
2140 2307 -0.9994693185370033 -0.028109582370306543 -0.01645508643269092 -9.797519801855048 0.028526613565457312 -0.9992638795956159 -0.02566156018734995 -0.7857708812435724 -0.015719862076685274 -0.02611771166896902 0.9995351154066877 -0.07521143344048226
2102 2312 -0.6218199097697266 -0.7828949391670711 -0.02043576409755808 8.954939296452075 0.7826632679033693 -0.6221427623083005 0.019388424525766976 -4.423637326900746 -0.027891216081108883 -0.003937531776598713 0.9996032084178794 0.020053962203114135
2131 2317 -0.9773655559740281 -0.21140668064402562 -0.007967184910194033 -10.071658200680423 0.2114971010466833 -0.9772914923194168 -0.013078767141611805 -0.2319933698449546 -0.005019795001304262 -0.014468364393914638 0.999882723917218 -0.07872919944086249
2127 2322 -0.9258618280987291 -0.37771627831027443 0.010522854377138836 -9.63549711012942 0.37707578245647655 -0.9253728320064919 -0.03872433302357507 0.7016407724012572 0.02436630844089275 -0.0318851674098924 0.9991945535474298 -0.00451222075027327
2095 2327 0.12710054118841865 -0.9904102047785105 -0.05415964867914647 9.85048438333957 0.9909738125386996 0.1291372276782725 -0.03594709107758501 0.22571356138645346 0.042596837817453194 -0.04910230095129875 0.9978850244307331 0.22723528763629622
2120 2332 -0.6046423303140211 -0.7964907908669611 -0.00326108128301841 -8.636334930907793 0.7917720041181818 -0.6006065776961459 -0.11121693894746565 4.536041415145423 0.08662586304290738 -0.06982836153936207 0.9937907742049739 0.3717293331273885
2100 2337 0.2929258432611783 -0.9542409839806142 -0.06015844336123191 7.26933109991076 0.9550073075929237 0.29505486428416344 -0.030035595877882154 6.633473182490077 0.046412257329165506 -0.04865301365875906 0.9977369189502936 0.45640228551739365
2488 2589 -0.8105897844093095 0.5856149994238329 -0.0009907057444865843 9.697798856296002 -0.5854730495645766 -0.8104271600226634 -0.020677342578211074 1.2946575958595832 -0.012910949799085802 -0.01618152681488597 0.9997857576758175 0.1498127137847363
2484 2594 -0.9089954106885546 0.41632108121358996 -0.020120855483587653 10.069103939125037 -0.4159142744513893 -0.9091486675697659 -0.021559815909925645 0.1255818270332335 -0.02726784235044606 -0.01123034423484907 0.9995650838288672 0.2025111388164306
2481 2599 -0.9777531680320373 0.2087862630779684 -0.02016972376369433 9.462466623349094 -0.20839613346721533 -0.97784324771895 -0.01983487452924364 -0.5475345482083341 -0.023862256980026024 -0.015191116440432235 0.9995998579520837 0.160210894897386
2476 2604 -0.9986758552110867 0.046834748742353584 -0.021255842016136582 9.87731074628514 -0.04650844210628414 -0.9987965990333504 -0.015560944930214551 -0.5853669796053809 -0.021957570091244324 -0.01455263123530413 0.9996529791978304 0.1517672697767402
2499 2609 -0.9964181384912498 -0.07993639859271318 -0.027603673149513924 -9.453605672361011 0.0808216171297542 -0.9961956349702925 -0.032599526925089606 -0.9055681635923596 -0.024891144274233844 -0.0347145455764758 0.9990872168540939 -0.17045752870360562
2493 2614 -0.99382749208755 -0.1063271597255123 -0.031632334428312696 -9.769467857862574 0.10709530842140773 -0.9939667451899665 -0.023637613267759393 -0.4297195191122017 -0.02892631761816864 -0.02687983355794813 0.9992200092656754 -0.1891982400266285
2487 2619 -0.9928652808505481 -0.11641364982748495 -0.025829475413160632 -9.906309161245924 0.11687772013708722 -0.992996209404446 -0.01724126612776782 -0.010704408799304998 -0.02364009823433659 -0.020137313780839945 0.9995177143180456 -0.14745441356856617
2481 2624 -0.9938866118639522 -0.10444200217119348 -0.03578170966869808 -9.339810928097759 0.10471791769033702 -0.9944843742881473 -0.005937953743123757 0.22336644549900583 -0.03496194454554574 -0.009649464413069115 0.9993419790922847 -0.1556788761260555
2451 2629 -0.9842709094517634 -0.17535414826476545 -0.021460649488238722 9.7047804890892 0.17557722839157988 -0.9844253936521422 -0.008962724075200412 -1.1611551523175316 -0.019552848207004654 -0.01258955445228292 0.9997295810512646 0.04663025536271588
2446 2634 -0.9299064422017463 -0.3671892498626166 -0.021106541775015288 9.418016920151992 0.3672006298284466 -0.9301360402359132 0.0034672407523552023 -2.0805279797554626 -0.020903557785348668 -0.004526915682498406 0.9997712528281065 0.020402757339120777
2441 2639 -0.7954608697583022 -0.6059439025627064 0.008602540839880317 9.152052584078335 0.605995635235422 -0.7952944825421119 0.01661530091342355 -2.8198618385107035 -0.0032250100676231843 0.018430192786693594 0.9998249696538134 -0.1445641596267825
2436 2644 -0.5498823195649472 -0.8351976258230301 -0.00861104450436642 9.325263645777822 0.8351083376207207 -0.549950419592624 0.012167375407702394 -3.4012332602664417 -0.014895730934616795 -0.0005005164533610514 0.9998889158137662 0.03656185635250133
2461 2649 -0.9628784058631042 -0.2690315939407833 -0.02206567087834483 -9.401148629650812 0.26975055999343467 -0.962017223849941 -0.041914759938841126 1.0159611149509495 -0.00994999751241652 -0.04631170590810643 0.9988775464145803 -0.12900065610057795
2432 2654 -0.09567975525072263 -0.9952510283839658 -0.017922136505176413 9.738674726522937 0.9954111748598717 -0.09568324857494734 -0.000736973750428442 -1.179594297422727 -0.000981120421315249 -0.01790942966105345 0.9998391592601356 0.06177064068734178
2432 2659 0.09418011790464685 -0.9951263507343027 -0.02925100351948863 9.807270968787604 0.9954572690112576 0.09454026251202267 -0.011200963656633589 0.6719890281941889 0.013912778585599415 -0.028062760168058455 0.9995093336914859 0.096762051295247
2454 2664 -0.6099866585847904 -0.7919995331596397 -0.025550273213815266 -8.409342217481765 0.7914099981229705 -0.6072800113412474 -0.06986456115772796 4.8451193716017045 0.03981746502073473 -0.0628377362159473 0.9972291329493016 0.19868972936110538
2437 2669 0.27024215720093525 -0.961926226093965 -0.04084422533204011 7.018816811557696 0.9623548329336795 0.2711542718168331 -0.0186359878975 6.6097805201480595 0.029002456926117873 -0.03427017645047388 0.9989917562842395 0.2634638319461304
2829 2929 -0.8762762168430189 0.4813251131230415 -0.021611586844640856 8.881113550880084 -0.4811282080601817 -0.8765414199365734 -0.013822193701886072 3.574111058550128 -0.02559494693678825 -0.0017141593077946028 0.9996708474061556 0.1622267756814448
2825 2934 -0.8954618435259348 0.4439356298200827 -0.03272279825232433 9.758984915844811 -0.4439114896829939 -0.8960315785151242 -0.008346903049841462 2.440550580607815 -0.033024464792464694 0.007051216701198618 0.999429640620203 0.2300512157430419
2822 2939 -0.9183494961601274 0.395479523207867 -0.01520817012892976 9.86988113053476 -0.3954164160684317 -0.9184752098511981 -0.00700710137723675 1.6646302767163845 -0.016738461116271273 -0.00042215512206137074 0.999859839526922 0.10297453662224935
2819 2944 -0.9425709098641039 0.3335854554333028 -0.016740676412668933 9.749115186867165 -0.3334193847285062 -0.9427031310060826 -0.01196066920023674 1.0402993942796142 -0.019770425125683836 -0.005691896228073033 0.9997882807650047 0.14543978881840347
2815 2949 -0.9678471676970591 0.2503704194633779 -0.02423164513476659 9.956675534316563 -0.24993494654882245 -0.9680647715732518 -0.019604306530363203 0.6015919820145397 -0.028364576013689424 -0.012918514234490296 0.9995142235158082 0.16163454154152368
2847 2954 -0.8483864223114939 0.5293689149333354 -0.003130033418906202 -9.444203337624026 -0.5289884711519911 -0.8479748538075087 -0.03330286753155797 -2.3678999911046805 -0.020282004116828557 -0.02659957637459062 0.99944043772906 -0.14167628359376908
2840 2959 -0.9396713947579554 0.3418071912507943 -0.013585610818607064 -9.665916489033274 -0.3412174125568057 -0.9393849661153294 -0.0335693396021294 -2.282887634026939 -0.02423454003225358 -0.026910058727261262 0.9993440593242954 -0.10250398808634788
2802 2964 -0.9978577272788097 0.06253698812141206 -0.019181451046257212 9.755996548600928 -0.06221283160634674 -0.9979178137512473 -0.01700305903573795 -0.32033137786975285 -0.020203304821284504 -0.015774283410248825 0.9996713813558374 0.11810124208645625
2797 2969 -0.9993207333061375 0.030358512725445225 -0.020862921510150803 9.6848122401252 -0.02999305061018812 -0.9993949204708443 -0.01760626888838558 -0.47907383839128437 -0.021383501070014025 -0.01696913921508962 0.9996273101425053 0.12369917905613016
2792 2974 -0.9997044847339787 0.0035148029672158413 -0.02405364343140539 9.462850620749496 -0.0031280199992887677 -0.9998655837743786 -0.016088811183494176 -0.513959323559766 -0.0241052773457645 -0.016009724538666507 0.999581279017182 0.12622741464816487
2786 2979 -0.9996631970113428 -0.011577380133793294 -0.023251714965394066 9.728361116225782 0.011916777965246018 -0.9998233567680073 -0.014526482636010552 -0.3966931924197523 -0.023077937076849197 -0.014799673769443885 0.99962405480488 0.12099392923365385
2780 2984 -0.9997344396528364 0.015917829939288912 -0.016659440253836512 9.872455743696335 -0.015719948268772498 -0.9998061422459933 -0.011879335461966591 0.10538107993870535 -0.016844244126271623 -0.011615487484347419 0.9997906382300864 0.06731170354949707
2774 2989 -0.9954809262432746 0.09372822844242813 -0.015212269500759077 9.731733629826556 -0.09378505421067147 -0.9955875525192636 0.0030389410426896785 0.9928668169180004 -0.014858526056627547 0.004451510480608106 0.99987973435653 0.11041223769372382
2799 2994 -0.9969450115514117 -0.07310872737218499 -0.027466544044753037 -9.67235593136274 0.07340915096295991 -0.9972509402761055 -0.010093449962115678 -0.02691076029842108 -0.02665076156321226 -0.012079970645003893 0.9995717473029472 -0.15231696560985558
2761 2999 -0.9606804315679754 0.2768472249256801 -0.021207815182294087 9.455694582763915 -0.27674564083647274 -0.9609134473595781 -0.007613535356831054 1.7559933364424065 -0.02248477467034356 -0.0014448858960046287 0.9997461494429885 0.04736729746054051
2754 3004 -0.961134317249093 0.2755163048309431 -0.01767795702197672 9.849389982532863 -0.27525281678610614 -0.9612396491349472 -0.01591051863348756 1.2470757849292238 -0.021375022443022532 -0.010426665624183928 0.9997172411633458 0.13388891519491364
2748 3009 -0.9825109131723563 0.18326187651978312 -0.033003468557574876 9.861770871378047 -0.18281782459420604 -0.9830158311770305 -0.016030730934522706 0.5605673608744871 -0.035378371422823 -0.00971774696776458 0.9993266597600449 0.17966760536818827
2777 3014 -0.9722329063624991 -0.2311607451992723 -0.0364420187611692 -9.82619797644794 0.23143248477810294 -0.9728456020940695 -0.0033806071426665555 1.2334118766123208 -0.034669446299031105 -0.011720995419135833 0.9993301126311941 -0.1045948078204825
2734 3019 -0.9909803507440677 0.13383472872266441 -0.006780530309305513 9.95271528642295 -0.13368687129167273 -0.9908427418235074 -0.018922445564440494 1.1238534034002392 -0.009248894034033363 -0.017846291947448766 0.9997978941170845 -0.048253476838960314
2727 3024 -0.944264447582687 0.3291051040696348 0.0073904881044980705 9.244755460935828 -0.3291874238987749 -0.9440537136266355 -0.019922688228603016 2.8887301155930007 0.0004220522532066607 -0.02124544920018711 0.9997742834250682 -0.01356234074359638
2718 3029 -0.7215596860037952 0.69211028028365 0.01828901587811264 8.15284404675631 -0.6923511659606835 -0.7212669104127521 -0.02057724620552194 5.6586300797191775 -0.0010497065079978739 -0.027511817023617588 0.9996209935364446 0.002279487548595329
2710 3034 -0.4029663383070897 0.9137565062342338 0.051644481322486696 6.974400419891077 -0.9152090319571313 -0.4025104383611382 -0.019405856678048797 6.9454005138148505 0.003055985044968609 -0.055085670300271 0.9984769264778613 -0.11452690721365524
2753 3039 -0.9977654539391915 -0.04337055256743751 -0.050826721899159426 -9.834442739291246 0.042743900776992715 -0.9989963931616492 0.013356708333425968 0.22877544402267566 -0.05135384571550193 0.011153438518476808 0.9986181158475221 -0.15753914759144771
2749 3044 -0.9975547098035513 -0.046678342291386996 -0.05203611739563651 -9.678820940140323 0.04536004947087326 -0.9986257563259184 0.026243381821378996 0.35302068443282625 -0.053187384209201466 0.023818175514527452 0.9983004013983737 -0.21047785651406486
2696 3049 0.09455691148275992 0.9953230242566293 0.01979586990016919 8.92114119598935 -0.9948084033978433 0.09522250986237986 -0.03588395845114272 4.473047374183636 -0.037600304042243814 -0.016301603697458204 0.9991597810433628 0.1404493773148808
2695 3054 0.1734064025854133 0.9848417204666163 0.00429694862538742 9.58853911549411 -0.9842678233902604 0.1734532311544969 -0.03360910974799283 2.837797519346612 -0.03384458525877543 0.0015983473397630872 0.9994257833853811 0.07210003908314147
2738 3059 -0.9770486799974246 0.21037472056411838 -0.033444891882936215 -9.686289605538622 -0.21191598922523086 -0.9758821025851138 0.0523855429295007 -0.24953993298631755 -0.02161685364726411 0.05827029411950453 0.9980668150854266 -0.21150639236726107
2735 3064 -0.9159864758899045 0.4010218872725806 -0.012253500687269075 -10.037386622961845 -0.40112926123207526 -0.9147729267601825 0.04780328013758911 -1.3766909340318247 0.007962750029559889 0.04870143392179854 0.9987816521232423 -0.08136668202224594
2730 3069 -0.7622666280165421 0.6472169134449192 -0.007829136346596948 -9.23623569050465 -0.6469558629329594 -0.7614773212369746 0.04000160076834173 -3.7607439344801517 0.019929382363980876 0.03555646109418268 0.9991689257245592 0.02829494250262743
2724 3074 -0.4398256313384747 0.8979358199409088 -0.01628438526695349 -6.864720948698251 -0.8975880355700835 -0.4389089041382931 0.04113854913440846 -7.382742992808074 0.02979384835728427 0.03270968072516733 0.9990207429233418 0.14876474096905737
3175 3278 -0.5429440424930498 -0.8397630952218881 -0.0031715176975537634 8.798023568647277 0.8396483000492906 -0.542800154283432 -0.018935358505453144 4.320523141987718 0.014180666664158443 -0.012943948246746622 0.9998156733787114 -0.016075053288521345
3174 3283 -0.6619230866438875 -0.7495255735514559 -0.008315955929599297 8.682520581562734 0.7495391675559292 -0.6617537545929667 -0.016498469841306054 4.658812788956503 0.006864707612713468 -0.017153963782511876 0.9998292902488991 0.012506127074848349
3172 3289 -0.8166214791250888 -0.5770305804979166 -0.012894946351863822 8.559675715938837 0.5771373925755259 -0.8166165226361243 -0.007036003247375597 4.996075037165279 -0.0064679822155173745 -0.01318790399761517 0.9998921430170717 0.017276879712724742
3170 3294 -0.9345004848601427 -0.3553369464196416 -0.021067629225483886 8.255250728830465 0.3554570690618437 -0.9346902041886342 -0.0021704615475033337 5.1241828439289865 -0.018918125972968523 -0.009516467502688903 0.9997757978924638 0.07374328751285245
3166 3299 -0.9920709464288978 -0.12348749890338989 -0.023364102619497402 8.425189600532692 0.12354456740414756 -0.9923386363951073 -0.0010211607234980585 4.8041436997326095 -0.023057631628141114 -0.0038998226475913237 0.9997264398279667 0.05649135921700117
3161 3304 -0.9995759322197614 0.023622516570354978 -0.016979138005884378 8.763113342253035 -0.023579703205589993 -0.9997179805770764 -0.0027028292040795028 4.117293845958229 -0.017037199625580708 -0.002301809267730523 0.999852164930789 0.06455542536804197
3155 3309 -0.9977943573332863 0.06637685079602566 0.0008545244679595914 9.386352061801476 -0.06638276551438317 -0.9977358727524531 -0.010818028217687558 3.0826044098471015 0.00013542021800079212 -0.010851489231171057 0.9999410758562726 -0.034173325478093215
3149 3314 -0.9980155164637925 0.06192764542632202 -0.011372350738103155 9.682452591988966 -0.06168067100531363 -0.9978750485310711 -0.02099028022157193 2.046412403552597 -0.012646032183636283 -0.020247895306953086 0.9997150399290358 0.10560216557707486
3195 3319 -0.996981591963247 -0.04174456875169682 -0.06546128390589548 -8.012029080778131 0.03987774360782182 -0.9987671859459332 0.029569741770547615 5.819096701196736 -0.06661383979083599 0.02686958390135336 0.9974169706445124 -0.4441247274740136
