1 151 0.9878347344874334 0.1549521918692647 0.013076839516580424 8.095632149620933 -0.15519431424988092 0.9876803075498142 0.020065977184703668 5.822200497130847 -0.009806871046208027 -0.021851456584858917 0.9997130967741829 0.09198091466077714
152 165 0.984407618674169 0.17342036446234535 -0.029425732371892707 10.121111666410695 -0.17199320612385668 0.9840429715175725 0.04558960809112178 -1.1042354855644358 0.03686212758198551 -0.03981794621341603 0.9985269145108762 0.1590947378663236
166 177 0.9915456286019284 0.12853219241038027 -0.017780939386834445 10.171356249824418 -0.12858249537859812 0.9916974011670875 -0.0017212146655870323 -0.7228604098247893 0.017411905109551373 0.003992993642205629 0.9998404627275143 0.12387029945127327
178 189 0.9810671846499026 0.1886828743823639 -0.04364977586089067 10.6846393736215 -0.18854333041685256 0.9820370565997572 0.007344048518890475 -0.8171636184316423 0.04425115536486856 0.001024551337585142 0.9990199375403267 0.33740178054288206
190 202 0.9376050928988191 0.3476973884984115 0.002105432106163481 10.621463725724674 -0.3475604650227443 0.9370284477738725 0.03432930893196488 -1.8637914642917783 0.009963227486555653 -0.03291893467974302 0.9994083750039713 0.2483018694276918
203 218 0.9943243284713006 0.10633494451317604 0.0035770504691048687 10.3644644347427 -0.10636012926774632 0.9942964257134123 0.007874316479116078 -0.5855549630349295 -0.0027187832303111454 -0.008210151513062789 0.9999625136702438 0.13960128932134014
219 252 0.9836915645893886 -0.1785254503929972 -0.021901288993415508 10.433696039515715 0.1790406073557017 0.9835391710882415 0.024382040512386027 1.0987956020446346 0.017188350955691656 -0.027905710783719905 0.9994627898249926 0.15931490356112057
253 271 0.9918900984631288 -0.12708185101005942 0.0018854819312928595 10.476812677572772 0.1270722474287527 0.991305474161465 -0.034157560693660674 0.2813909366069693 0.002471225621457424 0.034120358886049224 0.9994146738139607 -0.013290667199042398
272 286 0.9599207293688704 -0.2802590021168286 -0.002642171945556407 10.651945139051346 0.280129946395205 0.9596937918419975 -0.02270229743676381 1.751963866512708 0.008898165036657609 0.021053009996224288 0.9997388235846637 0.022606251586751353
287 299 0.9888960108364283 -0.14851545275922118 0.0051648944769233434 10.47937592817052 0.14859269741544728 0.9886644505945933 -0.02151426685887688 0.8984453825309233 -0.0019108582299440801 0.02204342117504499 0.9997551409641954 -0.010619093114877272
300 312 0.9983730787005062 -0.05665196046856778 -0.006415772831158068 10.893905077168627 0.056648234762345526 0.9983936968124084 -0.0008305958894799404 0.5431376740569296 0.006452903584855973 0.0004655510954804387 0.9999790771021008 0.13180410370023016
313 326 0.999154988602856 0.04082001737493425 -0.004729734755387382 10.751947058125914 -0.040754979791607325 0.9990826351815317 0.013095392699445587 -0.11382669078843606 0.00525979981065076 -0.012891735644485864 0.9999030834052368 0.11491247684243394
327 340 0.9911430584306397 0.13274289412512152 0.0038959485956235164 10.41501638239952 -0.13279624335338117 0.9904389722007377 0.03737753534328141 -0.3400805245017222 0.0011027074160109955 -0.037564197861098506 0.9992936105100111 0.07412850738117327
341 354 0.9513316476804712 0.30423901108653806 0.04906056195061549 10.213693556398004 -0.3063646765533557 0.9509032621817207 0.04386840541184436 -1.7118820671999473 -0.03330541567038034 -0.056763653177392924 0.9978319061507921 -0.05868361665176808
355 368 0.9631381918492218 0.26707641766537904 0.0321668971632439 9.984158877279082 -0.2676326611825424 0.9634147877776145 0.014329705496497687 -1.4151156928400541 -0.027162789116382008 -0.022411063932688265 0.9993797434822375 -0.06809216450968342
369 385 0.996755757903999 0.06993072669902904 0.03984818525580216 10.059336218627621 -0.06991772921323149 0.997551228886471 -0.0016975432889898292 -0.45434112032547874 -0.03986950517758812 -0.001094408977066114 0.9992042707998453 -0.011721369755921033
386 402 0.9996226051366862 0.004374378930922039 0.027121626770806047 10.485375294987662 -0.004108782001608279 0.9999436952548154 -0.009855406032028741 -0.024394194768486598 -0.027162940258438604 0.009739790212655587 0.9995835919255234 -0.043930035665985474
403 421 0.9986488178052609 -0.05085204397498554 0.010723689216435158 10.231336020721724 0.05128771674233104 0.9976521233838884 -0.045378614294104905 0.26582007401771984 -0.008391220616949706 0.04586781375078249 0.9989122733672388 0.12457623570178387
422 443 0.872921649520127 -0.487859862634141 -0.0011151454401544549 9.692633062814464 0.4874440761864817 0.8722667668292536 -0.03934584438297296 2.6885468074642276 0.020167913216677588 0.0338025206024209 0.999225056061036 0.1710436297995326
444 461 0.9934232329835334 -0.11428522174935672 -0.006993008448434541 10.514455999564039 0.11444266378408348 0.9929920302684011 0.02948879770504064 1.1659506978052279 0.003573554303982562 -0.030095239252927657 0.9995406465346581 0.1524472635006728
462 482 0.9995622752805726 0.029347389759479644 0.0037855836602394624 10.40187498707342 -0.029365026523879567 0.9995570634384408 0.004762891137035139 -0.20527405315464922 -0.003644785565063352 -0.00487174089497534 0.9999815056705242 0.11584351327178512
483 524 -0.06056872251650633 -0.9961755297542211 0.06297897131146074 7.015251794333409 0.9897456517400728 -0.0681149187532993 -0.1255475069249851 7.169519971123724 0.12935822965797694 0.05472916033696166 0.9900864580318844 0.6740710298374275
634 648 0.9926347414715583 0.12002052851301592 0.016477953061404392 10.637440391788497 -0.12040419487835172 0.9924166619018013 0.02472022683452382 -0.4527883873367117 -0.013385967606802995 -0.026521990077864276 0.9995586642247675 0.024754939064537625
649 662 0.9642296229502021 0.26503730655388724 -0.003930373129526735 10.477880233046786 -0.2650513788790386 0.9642280614108538 -0.0035857434837824184 -1.3683382219481495 0.002839181527488619 0.004498842353536952 0.9999859155489331 0.18989866372282962
663 675 0.9796364733292082 0.2007687828568676 0.002260307077943897 10.024814350103371 -0.2001816250141339 0.9775179736296482 -0.0662302523424272 -1.2224730867036526 -0.01550674824095119 0.06442954002917507 0.9978017509725738 0.11707543393233184
676 688 0.9908107105832731 0.13513817543235704 -0.005587302085168343 10.233542836682611 -0.13525348372166818 0.9900543046447993 -0.038733941941415925 -0.79155700750823 0.00029708349377520184 0.039133944663623216 0.999234036294849 0.181381611693799
689 701 0.9990007352588034 0.016484285197768973 0.041554326046751265 10.664336817136448 -0.01588673813884318 0.9997659671605293 -0.014665954006243953 -0.28405762915860794 -0.0417864686748771 0.013990934529243519 0.9990285343595271 0.03060930236276891
702 713 0.989817953235769 -0.1408464731592857 0.020565048341712175 10.427451597466243 0.14043421796452848 0.9898809409201329 0.02029518307539642 0.7498143339104577 -0.023214714717730713 -0.017201146283103673 0.9995824289732995 0.015548878570691703
714 725 0.9481729544233147 -0.3154565053665597 0.038147675531772306 10.665200163528219 0.313506502013982 0.9482957451962098 0.049485588650314064 1.764370956522386 -0.05178610197569808 -0.0349601977343345 0.9980460568022222 -0.005983014837166249
726 737 0.9481029238466869 -0.3177976805655869 0.010246515923447722 10.282668351136705 0.31649549818155903 0.9463318414011602 0.06546253708921748 2.074225979923476 -0.0304999350063123 -0.05882216179760576 0.9978024338928059 0.03506189420441854
738 750 0.9988338506898812 -0.048272219610210235 0.0009148415871009837 10.233162182992745 0.048236080896924174 0.9985345872577098 0.024534285084553163 0.4850879912354639 -0.0020971269649042454 -0.024461582297466346 0.9996984774130008 0.2109596594930134
751 768 0.8628668983133668 0.50524890170182 0.013539267161724466 10.262230240840765 -0.5054255607818052 0.8624278785910894 0.027654562989574256 -1.736729392829106 0.0022956463174672753 -0.030705335205330912 0.9995258501518126 0.2594645966954165
769 793 0.34439099793394035 0.9336485772783455 -0.0984679738652429 7.169412503425532 -0.9375785758778832 0.34744413674784247 0.01518810082434029 -7.283387321432358 0.04839331774180041 0.08708968998525905 0.9950242813821712 0.51665206264263
794 811 0.9988145030072614 -0.045867811089920094 -0.016321888698772855 10.162638986897278 0.04470543360491953 0.9968414693865115 -0.06563179439293887 -0.0246249082072853 0.019281135874671514 0.0648242322402416 0.9977102975002767 0.09149208761187416
812 826 0.9639171924155786 -0.26599808304227945 -0.010430770617526995 10.046686692623277 0.2656345485194721 0.963680941288653 -0.027550725651317276 1.521756278316035 0.017380158672352482 0.023785454588733258 0.9995659936463422 0.11801272025411673
827 840 0.9952821478302226 -0.09229806382477664 0.029888280877508527 10.468332885675776 0.09154755336680617 0.995471917806484 0.025553382591898023 0.7635402599921575 -0.03211145102688611 -0.02269699084146883 0.9992265445926906 -0.09113429285047295
841 853 0.9986705607761744 0.051477864540771925 -0.0027439412997267722 10.439300378894329 -0.051511670274591984 0.9985746598999097 -0.013983210054171979 -0.06168864801921727 0.0020202730930333123 0.014105579452142027 0.9998984548492752 0.008452283926741801
854 865 0.9829637996148506 0.1837959670474271 -0.0004874179243563862 9.918338803846142 -0.18379665426481825 0.9829470059806386 -0.005779435560438185 -1.0005620589403452 -0.0005830844908944644 0.005771045470767868 0.9999831774227772 0.02991805388895654
866 877 0.9879689402317824 0.15435394169982347 0.009700343297077859 10.200019862405192 -0.15439011062565228 0.9880053711635566 0.003078369734552546 -0.7848194674014958 -0.009109113907258168 -0.00453993045481886 0.9999481788876117 -0.018249106092844292
878 889 0.9922853199916296 0.12396709663025625 -0.0003969648636689981 10.178569199281114 -0.12394239782761109 0.9921461004236529 0.016844667618623202 -0.6024223722292611 0.002482677621320444 -0.016666082716859255 0.9998580033529552 0.09442113338782598
890 901 0.9957888002555312 0.09077549488500834 0.01285112838310344 10.381904240512586 -0.09084789849330457 0.9958511332378054 0.005180717185348788 -0.5248082206994027 -0.01232744916472968 -0.006326853661374206 0.9999040338585129 0.01807141520347769
902 913 0.9961749175849535 -0.0873368522744518 0.0024793778164153507 10.662730123982847 0.08730797065331965 0.9961329609276623 0.009861235158942935 0.45354344141492214 -0.0033309654363259645 -0.009606873557144895 0.999948305300192 0.04054471138156356
914 926 0.9969243458340296 -0.07793884968417004 0.008194689103552704 10.771543434214184 0.07766403173236022 0.9965348336781834 0.029750638655986844 0.6538686214938257 -0.010485123148322818 -0.029022723648408758 0.9995237532321061 0.0748463234170525
927 942 0.9988208084486808 0.04853710106693591 -0.0004250297318042059 10.661708427050433 -0.048534818544905295 0.9988113667597399 0.004581439876275629 -0.10363577095392544 0.0006466775861661916 -0.0045550811870473775 0.9999893690420928 0.1270296537565984
943 959 0.9956823988839714 0.09279044375984243 0.0026411907471332765 10.136907580933356 -0.0927975171206739 0.9956819526821955 0.002384475977018949 -0.49357470284457944 -0.0024090817400293095 -0.002619369988038756 0.9999937441724172 0.025983662470345913
960 974 0.9995375053341681 -0.029204358406486188 0.008442919674522471 10.553318734132391 0.02915702037651713 0.9995585416710215 0.005716775484902916 0.23105248036165296 -0.008606194372860025 -0.005468041922659699 0.9999480081305598 -0.008116956976565367
975 987 0.9999105687735744 0.003718149989981302 0.012801582901987789 10.700716992127187 -0.003702168220304349 0.9999929544085562 -0.0013205038730277328 0.08976937073355712 -0.012806386175607622 0.0012730485203015511 0.9999172127537791 0.03275118259784599
988 999 0.9999369950663433 0.009367331892693823 -0.0061208383518544865 10.96312602680307 -0.009389125226629854 0.9999488042137461 -0.003618673751919691 0.029153017639046864 0.006086358703997359 0.0036757711103025076 0.9999747795590088 0.13390970877671665
1000 1010 0.9998493629880589 0.017237542953743034 -0.0019995417669135436 10.571417222515706 -0.017228273425431758 0.9998428708251217 0.00416770380324674 -0.01020692594163814 0.0020717674831646107 -0.004132099074011479 0.9999892720814646 0.07447965760589238
1011 1021 0.9995277720669218 0.02991894637318759 0.006985456522683078 10.34267072797031 -0.029923736936411035 0.999552413940936 0.0004843925340702848 -0.09775015435438464 -0.006967589919233723 -0.0006923861880266469 0.9999753965398738 0.08009364717476909
1022 1033 0.9991311150429628 0.034296440274992096 -0.023676245529526775 10.423380780866063 -0.03409305015538191 0.9993782418612832 0.0089719515504194 -0.08483792321721041 0.023969558426082952 -0.008157514409846208 0.9996793609687303 0.19858365400292902
1034 1045 0.9981355089615465 0.06100252936787833 -0.0021542445624966717 10.52703636289569 -0.06098877557953517 0.998121974548275 0.005698004496236898 -0.27522873096963124 0.0024972703744034113 -0.005555875481295759 0.999981533868056 0.05493676426545264
1046 1057 0.9971525237676435 0.07491425689284716 0.008592901647133505 10.808112507570714 -0.07510636874028016 0.9968645959798774 0.024900440408020953 -0.26586247546599384 -0.006700441987510886 -0.025474686104554764 0.9996529113422072 0.020678873367697272
1058 1069 0.9995209033310177 0.006015900187405623 0.030349069097461833 10.45270779453446 -0.004863045003152705 0.999269056323216 -0.03790923755288739 -0.3544735736463058 -0.030555393827280845 0.03774419442058219 0.9988202270257431 -0.0508058175196785
1070 1083 0.9807047008590342 -0.19543487904921888 -0.0048348608803700155 10.566680672229678 0.19548952900651573 0.9805466474491022 0.01766084370318856 1.4724910988694593 0.0012894193860113789 -0.01826541101917154 0.9998323323159677 0.020246099436340866
1084 1097 0.982205904817644 0.18590602990162144 -0.02663226270576493 10.43194863985321 -0.18617468355679204 0.982485049086417 -0.007955844682645487 -1.088360547432026 0.024686850025865757 0.01277288518371905 0.9996136528942998 0.09860272647140741
1098 1110 0.9978843994437807 0.060455570930999125 0.02391601214344922 10.839987731969307 -0.06103460780582471 0.9978420773983825 0.024212560905829864 -0.3659294600531556 -0.02240129756390163 -0.02562167541359045 0.999420675521242 -0.10772636131347671
1111 1122 0.9999154193321216 -0.012760406699590887 0.0025902198271372514 10.842864973766085 0.012769317263949654 0.9999133204845526 -0.003105236635614218 0.21739776181181983 -0.0025499817939649144 0.0031377817094387786 0.9999918208194795 0.065345756000131
1123 1134 0.9971766672293666 0.07506649792814646 -0.0020367132409370462 10.662594248321861 -0.07508114374111731 0.9971401979739113 -0.008593641033650769 -0.39473813474085134 0.001385338452818412 0.00872194789737315 0.9999610710428929 0.08260206537808294
1135 1147 0.997269728676017 -0.07374151822956204 0.003805427289456841 10.426299767312983 0.073732303576078 0.9972751141734326 0.002479373984070582 0.4500248494246465 -0.003978102556014859 -0.0021923993115961133 0.9999896702777741 0.09044641583005138
1148 1160 0.9998566555395353 0.01678191665250351 0.00221277197141657 10.014867048175441 -0.016799932256981127 0.9998200224734054 0.008804078555544798 0.14651870194000255 -0.002065074170621829 -0.008840057396926922 0.9999588367634871 0.09032182047643911
1161 1173 0.9987130440522894 0.05070010222432921 -0.001482265215977454 10.694493954897837 -0.0507159492795652 0.9986232046263592 -0.013439612612824716 -0.4711899693442054 0.000799535657033128 0.013497074087574478 0.9999084680077329 0.0982925177193524
1174 1186 0.9998238609830619 -0.017333501379986356 0.007082783655660628 10.558970376977497 0.017290137459703765 0.9998325541337549 0.006017041521512297 0.2176405969786431 -0.007185781756798505 -0.005893670267732949 0.9999568206994115 0.08776854541938363
1187 1200 0.9999823887853665 -0.0015648719309480383 -0.005698978449601373 10.392886009293896 0.0015847603673864409 0.9999926253068954 0.0034808524946639777 0.07690989328650419 0.005693562427873135 -0.003490028187965996 0.9999776592359015 0.13029826877193307
1201 1213 0.9998110106283291 -0.0182741202882997 0.006735602647298146 10.779721192778752 0.01838771534747156 0.9996839323100202 -0.017164201726772778 0.13563112564086158 -0.006420319532234927 0.017285102166427018 0.9998300028160912 -0.0547504848230778
1214 1224 0.999336529619188 0.03639073428828761 0.0010613132099633674 9.975343524560548 -0.03638776408376435 0.9993348797516426 -0.0020609185001791734 -0.023138494411620286 -0.00113478495635022 0.0020207921567778407 0.9999972703819366 0.0681588310663766
1225 1235 0.9977745575781308 0.06597035072197266 0.009751091226457079 10.401150428027133 -0.06594295275473243 0.9978182357852026 -0.0030691947643253317 -0.3482010681340518 -0.009933183328983825 0.0024192006607207076 0.9999478091868323 -0.012708555861019195
1236 1246 0.9998969464285776 0.0020670652492802972 0.014147002616422086 10.846431407465413 -0.002380275601034617 0.9997513848339764 0.022165483676408904 0.0783164292738376 -0.014098508595492115 -0.02219643677294319 0.9996542906590093 -0.04598793043919703
1247 1257 0.9998371094761954 -0.016733810965268547 0.006775579224315736 11.153070265001416 0.016472684967474113 0.9991815174409812 0.036941528265183085 0.2430522766986087 -0.0073877791553658406 -0.03682385505048927 0.9992944102526709 0.0167889899567382
1258 1268 0.9994455550835494 -0.03306902576595158 0.003851468340136656 11.016166006928561 0.03307184436687471 0.9994534500329919 -0.0006609684000586363 0.30704734214929486 -0.0038267891211963027 0.0007884333998424416 0.9999922856818461 0.055262356951665675
1269 1279 0.9997016058046702 -0.008026749296580035 -0.023060978147072975 10.424706632912377 0.007303450879272142 0.9994847084398444 -0.031272096737422476 0.0680775477071538 0.023299417235061962 0.03109395726063107 0.9992448538070365 0.14050646110201967
1280 1291 0.9996928932705899 -0.010770367603799147 0.022314992555751343 10.997357178829034 0.011089632398877764 0.999837051375227 -0.014254409162511897 0.102205268175551 -0.022157152335633718 0.01449777577287899 0.999649339562367 -0.05390079413561541
1292 1303 0.9999903871547456 0.002083832612268557 -0.00384426053336748 10.40115106736739 -0.0021036412804663973 0.9999852177852988 -0.00505881716079486 0.04292783090581224 0.0038333506150809394 0.005067613318244397 0.9999797596056386 0.15120122475282577
1304 1317 0.9999448939278144 -0.009347312576912957 -0.004710314803469386 10.707234015259312 0.009312216024167824 0.999929416900738 -0.007458920836504376 0.08764936463005354 0.004780032935204747 0.007414433058809846 0.999961071223843 0.11606826795319526
1318 1335 0.7848046187275695 -0.6196269865992389 0.012068778031499356 9.923952427232386 0.6187665604589612 0.7845118165793302 0.04084065905984358 2.8469035914517473 -0.03477332020994142 -0.024584241719928623 0.9990927283114067 0.03416272075553078
1336 1355 0.590058045791138 -0.8014318971962059 0.09766898962652737 8.42583637124539 0.8006581960480829 0.5964169645978775 0.0568432091154476 5.8631315075617465 -0.1038071738221253 0.04465971122309643 0.9935942680011556 -0.4668634154366493
1356 1370 0.9892802169155956 -0.14594349738531182 -0.005034229623884425 10.252876035617987 0.14597301692903297 0.989268323805387 0.006234106718157183 1.003013123848169 0.004070818716376996 -0.006902187397942869 0.9999678830139345 0.17851415736180712
1371 1383 0.998339693364931 -0.05754168025058419 -0.0029077790424014596 10.560338401740726 0.057585897344816256 0.9981671469081113 0.01860483956693429 0.43740464300163356 0.0018313142977276161 -0.01874168906662025 0.9998226768939172 0.1685853784899
1384 1394 0.9988747169264514 -0.046919816343373145 0.006812827693568779 10.091335529433824 0.04690428767493688 0.9988960911090056 0.0024837286173205 0.30494627794793 -0.006922454049107921 -0.0021616478643336256 0.9999737210328512 0.12390856786820113
1395 1406 0.9966550387967407 -0.08164584095554084 0.003531009497440255 10.797443007952392 0.08164142459076301 0.9966607750904085 0.001424728652750518 0.3799930107525329 -0.003635675042343811 -0.0011311704214186842 0.999992841779031 0.20545464012590017
1407 1420 0.931946701645714 -0.36257328657214866 -0.004056359893357566 10.164804844720067 0.36242245858924205 0.9310979196910265 0.04131424824476837 1.8783534727219862 -0.011202335975610439 -0.03997289629803426 0.9991380475967387 0.20642390814107983
1421 1436 0.7664459128850438 -0.6411707860069688 -0.03821877751712165 9.959581469196305 0.6413393569945394 0.7672012154578038 -0.00925108137303397 4.071150643210517 0.03525371295166659 -0.017420319103122892 0.9992265717635053 0.28844895857432307
1437 1450 0.9856741587324491 -0.1684995725242978 -0.007392245165423513 9.955811943630405 0.16833780220245398 0.9801190521818652 0.10501179496912158 1.5581456871806654 -0.010449088330475137 -0.10475156495886852 0.9944436533528447 0.1325472717408884
1451 1463 0.9999511893676595 -0.009571146481670163 -0.0025372502243495403 10.147127077290241 0.009593973166049326 0.9999177594555564 0.008568387253340425 0.17864317426957443 0.0024543894943603183 -0.00859174299573785 0.9999600987114556 0.07805944317989613
1464 1476 0.9999415397714185 -0.01061355032615685 0.0021172389288056617 10.737692459978648 0.010613784252825319 0.9999443285296902 -0.0003943508090680398 0.03479951933046994 -0.002112508517192684 0.00041675201082986126 0.9999976804449457 0.11601387683483479
1477 1489 0.9897554740618961 -0.14270045964655034 0.004748394433779594 10.698612675179444 0.14269188942120314 0.9897648041327229 0.002026269371499247 0.8017581542490831 -0.004988977486195167 -0.0013275469023041112 0.9999866658915694 0.16939092529858396
1490 1502 0.9988861653861416 0.0467468525442069 0.0063950584449392845 10.839564364496407 -0.047009663979804384 0.9976136631528414 0.050569751417621336 0.09717228573170882 -0.004016126630499667 -0.05081449372874905 0.9987000341584131 0.12724227737314164
1503 1514 0.9969422617558362 0.07812304291397328 0.0014435101817050597 10.23795123922315 -0.07809143561044282 0.9968169719226475 -0.016050342264430445 -0.50721027791798 -0.00269281481166295 0.015888453128140932 0.9998701728149243 0.10577845435156327
1515 1526 0.9997496723093838 0.021728388802157363 0.005257783040505915 10.642712212011391 -0.021753914951681826 0.9997530574809756 0.004602677909596466 -0.012606521663584573 -0.005156568114564428 -0.004716185807993888 0.9999755431529308 0.12444915633466211
1527 1538 0.9998901055800252 0.013897904826219347 0.005268202572846439 10.932842787990582 -0.013795408792911568 0.9997248502528133 -0.018962469758519753 -0.13322488460928458 -0.005530575059176461 0.01888808390455806 0.9998063273018157 0.12262678595663118
1539 1551 0.9986137968326627 -0.05017020768438316 0.015890233920487128 10.796841047325163 0.05011314226307306 0.9987359371088026 0.0039741192629517514 0.3114537158994085 -0.016069788712297566 -0.00317270443262083 0.9998659224153402 0.1499625758758817
1552 1569 0.8664984500913441 -0.489114474425297 -0.09974621529329261 10.249190931898207 0.481204583093874 0.871588310195931 -0.09367753533455511 1.5208331439990783 0.13275627831068154 0.03317359558718674 0.9905935446144307 0.5740079000744311
1570 1592 0.4701246177470801 -0.8815513349010936 0.043028791643106266 7.963249365625058 0.8825171407734492 0.4688537992080637 -0.03659425353719145 6.105722930413584 0.01208641097596094 0.05517809191894823 0.9984033870414796 0.020755648823458317
1593 1611 0.984714743285958 -0.173864610633817 0.010367675775844456 10.392640938656754 0.17384350238005003 0.9847692288437286 0.0028158907369480344 1.3440791789909132 -0.010698554488911952 -0.0009708335584897004 0.9999421665294478 0.05089111048888554
1612 1632 0.9986398159433724 0.05213281040175817 -0.0008176402357576362 10.356370972550765 -0.05212483225144194 0.9986168727799496 0.006882752300425825 -0.093601208453641 0.0011753966034405488 -0.00683031104245539 0.9999759422606392 0.20638476183109564
1633 1666 0.7229181783434133 -0.6894557433992542 0.04518409963825871 9.825588668680826 0.6909205666682884 0.721755832252518 -0.041187050804679146 3.6209319762494334 -0.0042145160775730935 0.06099400152751266 0.9981291289041017 -0.09002783866781178
1667 1684 0.877782304670699 -0.47883371785877327 -0.014739458614834298 9.77385276478256 0.47880826105211594 0.8779026790760022 -0.005396564304911288 3.2886774707588318 0.01552438519019175 -0.002320121815983997 0.9998767462059314 0.07908221887876216
1685 1698 0.9856615479347943 0.16863859008926824 0.005775634445141732 10.066758451801553 -0.1686109729232573 0.9856705258138382 -0.004912659264789448 -0.7429407745137194 -0.006521047569077266 0.0038681714954442517 0.9999711563284337 -0.021227562995674576
1699 1710 0.9953667098903028 0.09151865737563758 0.029494157516537955 10.100968624667146 -0.09153901210925033 0.9958008632069788 -0.0006747273699289307 -0.6614941934425147 -0.029431883017834084 -0.002027888178114408 0.9995647552329556 -0.13158531913010973
1711 1722 0.9993931389245712 -0.03483769589794926 0.0005999537151466604 11.051015944599579 0.03483010073496814 0.9993504095283271 0.009179205012764018 0.2876976151464355 -0.0009193214231118447 -0.009152234020230014 0.9999577269843898 0.09805726131761552
1723 1733 0.9999222651058454 -0.012266103855688257 0.002037042209064225 10.724077979414467 0.012191279051776723 0.9993839470212594 0.032915764972099304 0.21779819550798885 -0.0024393762962333716 -0.03288838122423264 0.9994560226891398 0.020978339149605996
1734 1743 0.9996731109292093 -0.021882443051991954 -0.013270220379758484 10.191051154017318 0.02176873532171012 0.9997258299455181 -0.008647184368315476 0.1737123591203419 0.013455937306805426 0.008354703540249978 0.9998745580074119 0.12014050126655164
1744 1753 0.9997119210013943 -0.023921293573970197 0.0023738833717222045 10.49546966009519 0.02396849806373253 0.9994713769668797 -0.021974255510276635 0.1552656546668566 -0.0018477381707360844 0.022024497918923663 0.9997557437929483 0.09418764292724319
1754 1764 0.9999870743788756 0.004942231973661743 0.0008180192442877036 10.7753809476713 -0.0049422071901728025 0.999987417194418 0.0006915518904757684 0.06524293913074812 -0.0008141235302323536 -0.0006960757760870331 0.9999993954884392 0.12726952560490992
1765 1775 0.9999855841181068 0.004796767567805386 -0.0021438136969339264 10.122052426657264 -0.004813112353375422 0.999957248391535 -0.007866251149602288 0.02817382920231166 0.0021053968175262345 0.007876303210240606 0.9999668821863931 0.15391078188249357
1776 1788 0.9978787228478863 -0.06421824018661926 0.01068253240019648 10.19939661459258 0.06430969356917918 0.9978936889914045 -0.008493722618266792 0.33007346990008524 -0.010114287954623685 0.00916303949718575 0.9999068605759174 0.11209981408449536
1789 1810 0.5618739070690997 -0.8271253096272844 -0.012786319993210402 9.308669989788184 0.8256046194889431 0.5597416123352356 0.0711780215437096 4.412227499329451 -0.051714815780390964 -0.050549394952724855 0.9973816253654663 0.059766906975085694
1811 1830 0.7922807266061707 -0.604912566780055 0.07982773534302476 9.439540700211834 0.6069287385143727 0.7947546061457732 -0.0012596279415009396 4.758882507994995 -0.0626808037020785 0.04944776906744622 0.9968078477307575 -0.3618117880110394
1831 1844 0.996218445035244 -0.08687727538117196 -0.0005390236230159932 10.844731576721806 0.08686947448122058 0.9959996115404098 0.020920502371300463 0.7983961053658359 -0.001280648154679137 -0.02088881470209359 0.9997810082079537 0.14729685381474225
1845 1856 0.9985123203199399 -0.05451428487233343 -0.0006119162150655227 10.825489701952504 0.05451796743093577 0.9984903469135994 0.006703463829677902 0.3454268267198446 0.00024598149443493325 -0.006727208100302576 0.9999772832250649 0.18221100888663846
1857 1867 0.9985654361052977 -0.053466313355651045 0.0030951111724021097 10.932338357265797 0.0534668554160492 0.9985699688629022 1.5849014906902348e-06 0.3724415342436953 -0.003090832773514801 0.00016383554854056047 0.9999951824485753 0.16221474747178777
1868 1877 0.9983640155703176 -0.05683942871102922 -0.006348421170972522 10.252502873950414 0.056891610747060714 0.9983457726817933 0.008304674493968444 0.33777395814999917 0.0058663761295384646 -0.008651978889348915 0.9999452217695954 0.1752016097300231
1878 1887 0.9980296492121623 -0.06263432860924979 0.003764607073489832 10.181318714452757 0.06264761603422826 0.998028303323647 -0.0038105260040644426 0.4127528671709447 -0.003518554935226497 0.004038438154125083 0.9999856851722995 0.17518921311016955
1888 1898 0.999174139121667 -0.03586666325630431 0.019070630219135572 11.052672003129796 0.03556708310915578 0.9992423748123512 0.015836815393155065 0.2586448255600351 -0.019624949039954535 -0.01514520212764197 0.9996927073675468 0.142762554783628
1899 1909 0.9994506678692345 -0.03070598350810033 -0.012493364104894863 10.155446985375468 0.030790414070801183 0.9995045499747319 0.006615012296072277 0.29345192236123807 0.012284286925970616 -0.006995609055767826 0.9999000363570818 0.32243159962978013
1910 1920 0.9997623800692985 -0.021395208110081203 0.004234126104399965 10.370311022135393 0.021365126447159908 0.9997477609145408 0.0068972965076620945 0.17577338572991927 -0.0043806660351632986 -0.00680554203361494 0.9999672247818651 0.1650133194719234
1921 1932 0.9982482001389434 0.05855777785178613 -0.0085202312786241 10.259714682252598 -0.05839011366948785 0.9981166504019292 0.01881810447790302 -0.3282053484353491 0.009606012851291396 -0.018287787763678995 0.9997865999824361 0.2996815387311342
1933 1945 0.9844618549962846 -0.17476465658644688 -0.017091206568914018 10.765613119764247 0.1745787625097289 0.9845720657324163 -0.011826929824608506 1.601990859435764 0.01889433229582016 0.00865940686787909 0.9997839187353644 0.2631776561675761
1946 1957 0.9998314935611697 -0.005172484748608007 -0.017585561934229773 11.109948969120264 0.005234263199643142 0.9999805788000442 0.0034746975850040627 -0.08091923921466665 0.017566967752697654 -0.0035664105207677075 0.999839337799288 0.3036827667659519
1958 1968 0.9946814729126462 -0.10280576057093818 -0.006301567902354475 10.725839421696868 0.10283637574887286 0.9946856609445995 0.004893042433142475 0.6673730664690836 0.005764692122718063 -0.005515315909172267 0.9999681278066237 0.23052501473350215
1969 1978 0.9989207553499385 -0.04411894684218511 -0.014503511333771627 9.926073211406218 0.04438177428312769 0.998847541938024 0.018276988182272302 0.4032283158940311 0.013679891656911851 -0.018901159969022814 0.9997278150636976 0.30036601897689297
1979 1988 0.9990893070718303 0.0426269821710828 -0.0015044160879690515 10.25173132631635 -0.04262360893107539 0.9990887832897016 0.0022927111559827244 -0.16211707065203484 0.0016014555562884924 -0.0022265543233715374 0.9999961630611687 0.15871420997439517
1989 1998 0.9998331917626012 0.013444461823824746 0.012332500079722012 10.164529123091901 -0.01342066424503837 0.9999075541038448 -0.0019695555861417788 -0.030817639380571044 -0.012357191711912954 0.001803884569371115 0.9999219294757623 0.12961298813694838
1999 2010 0.9998423858936739 -0.017768306782608875 -0.00014435913182250657 10.42889166653279 0.017766349652899905 0.9994498397964025 0.028004461154668595 0.2156563406070479 -0.0003529555985859109 -0.028002208583409207 0.9996078119428407 0.23993029145856615
2011 2033 0.9851065169284003 -0.1683465410837525 -0.035008685562887394 10.252254267846377 0.1704301273437434 0.9829529372246077 0.06897895438769507 0.6915051487776335 0.022800305929376277 -0.07391736146228027 0.9970037197174423 0.3766105373604744
2034 2060 0.5847273231700865 -0.8102477731559136 -0.039923852715645664 8.349448288447661 0.8111885379456685 0.584480455732129 0.01880594822319028 6.116400490357913 0.008098470149577758 -0.043381271655542994 0.9990257444539223 0.2065156518257971
2061 2076 0.9947469560106218 -0.10234939586891305 -0.001776971522409719 10.7739809538148 0.10236234827392614 0.9946926879209314 0.010376636241425636 0.8189812333832228 0.0007049123020108646 -0.010504260304952773 0.9999446259724124 0.11637303571522489
2077 2089 0.999811974163044 -0.01929792537288808 0.0016382475718952252 10.808138091348985 0.019300799446981782 0.9998121956803762 -0.001675027016621537 0.23993940601342592 -0.001606102639613268 0.0017063431304906577 0.9999972840440509 0.11702634470323331
2090 2100 0.9986501496590076 0.05176614744369054 0.004233718652617145 10.189801021800227 -0.05177989673276742 0.9986545496071921 0.0031061891126479392 -0.20863209041419362 -0.004067098704943673 -0.0033206716350007276 0.9999861971068177 0.13008895299155837
2101 2111 0.9998672523823633 0.015475201687404015 0.005087813287434762 10.836113657103214 -0.015468931755052954 0.9998799632196844 -0.0011481627237560949 -0.023494023487302236 -0.005104745816772422 0.0010690767819941265 0.9999864231575423 0.14127991632103737
2112 2121 0.9999792074020868 0.006414704360880937 -0.0008716023150849602 10.33292106487186 -0.006412114035438912 0.9999760227764263 0.0026365095345524743 0.04689094959467389 0.0008886206616530872 -0.0026311448093829853 0.9999961410906596 0.15127961119845648
2122 2131 0.9998194919387406 0.01791348662244531 0.006293234928353157 10.848262222973068 -0.0178784741557814 0.9998258578556524 -0.005364021803742999 -0.029340996172583754 -0.006388037764363699 0.0052501843164292844 0.9999657482473746 0.1454521475998759
2132 2141 0.9999729038906209 -0.00724392189110083 0.0008233452441141012 11.290364075196758 0.007266665934147161 0.9994911692594973 -0.03108205877916618 0.027046353644801763 -0.0005979810715662826 0.03108666489650605 0.9995165271225905 0.2088518352638015
2142 2150 0.9980383277882965 -0.062354844035446506 -0.0055259768336541875 10.453841956761043 0.06232993937792203 0.9980444236079771 -0.004599681942875081 0.3012267438763821 0.005801850678754834 0.004246104362290328 0.9999741969951061 0.26300763123968024
2151 2159 0.9955742404766774 -0.09397732885201779 0.0003113744903033561 10.793515900561887 0.09389774299964458 0.9948550062687719 0.038052081675104106 0.6079149375833302 -0.0038862780747107345 -0.03785393104131384 0.9992757812207026 0.1649205839304336
2160 2169 0.9964513921245949 -0.08416683884591662 0.0012581283132191729 11.143176672548195 0.08411811203996174 0.9962065267411988 0.022266287836314926 0.7016192334853034 -0.00312778225111962 -0.022081086299979222 0.9997513422014832 0.23333965464836387
2170 2179 0.9998174400676035 0.019049796496799238 -0.0015576791981712199 10.197286151136336 -0.01906927857092054 0.99972758604901 -0.01341497414789227 -0.030483204223054415 0.0013016461285314744 0.013442363447750948 0.9999087553221305 0.22350741430237006
2180 2189 0.9989529896501573 0.045362511795142856 -0.005905404395174409 10.501772136968901 -0.0454466544097652 0.9988509325390772 -0.015169290421647207 -0.1568431353265978 0.005209764083288543 0.015421006334512963 0.9998675109678117 0.21858185375122646
2190 2199 0.9963027644265221 0.0851857273328002 0.011134571722847285 11.015692022082963 -0.0853440414271933 0.9962454115811357 0.014609962683394206 -0.4015554645918295 -0.009847597712848375 -0.015506636532875222 0.9998312238289311 0.07516637873611402
2200 2209 0.9971693239397852 0.07513167819495994 0.0029650540589793595 11.078452418918948 -0.07512911321586718 0.9971742598653967 -0.0006009882419902648 -0.33324753550966424 -0.003001864316636671 0.00037739520882984473 0.9999953589399774 0.17347690264805582
2210 2219 0.9983465459160409 0.05732069808791366 0.004414276559557452 10.487945015081197 -0.05726621228513355 0.9982912873784212 -0.0116275441109438 -0.25876718008951616 -0.005072776461733381 0.011355326647294458 0.9999225920158156 0.15195951050259604
2220 2229 0.9999779048800991 0.005497035768610757 0.0038607368436958975 10.159747763774012 -0.005457137556178821 0.9999329256830918 -0.010157047718839147 0.013031881102431007 -0.003916174900800294 0.010135388745279694 0.9999409975010045 0.16841595445453805
2230 2239 0.9999927762086478 -0.0017825342466483143 -0.0030483200134338085 10.355036206053194 0.0017767806554154168 0.999996914510687 -0.0018738946710574128 0.0940812230326632 0.003051734716378534 0.001868018545070644 0.9999935702846353 0.1853765575990142
2240 2249 0.9998961399996633 0.007622651628052456 0.012241568423143348 10.759284746909156 -0.007680104235991228 0.999960186313314 0.004680437918930481 0.03309887593769933 -0.012205778295366721 -0.004774264505339948 0.9999140697604664 0.15599632680163913
2250 2259 0.9999662497246975 -0.0018021524023036622 -0.007979022606768828 11.054548881758201 0.0018122304910347467 0.9999973548421193 0.0012058514600670487 0.0791487123205414 0.007976226083927701 -0.0012196236695542033 0.9999674675085987 0.22869658927972086
2260 2268 0.9995200415592292 -0.03000942040649992 -0.007702177195062639 10.154066661592209 0.030018923158978902 0.9995487098457039 0.0011692277714801952 0.18250694899490447 0.007663277549953155 -0.0013998214891552331 0.9999697196793094 0.17884182160612805
2269 2277 0.999031305631652 -0.04321597943728786 -0.008288522970785792 10.149564821720086 0.04325495343790986 0.9990527082081496 0.0046620405651442475 0.31779571441973886 0.008078565440016018 -0.005016234257050813 0.9999548593628712 0.1990080663162206
2278 2287 0.9998753337149904 -0.002418622334862452 -0.015591127704757166 10.933386029353604 0.002444117054408227 0.9999954703455795 0.001655840677921959 0.14104595176612195 0.015586719525853285 -0.0016937970370509631 0.9998771796821837 0.23980286005674253
2288 2297 0.9995176927965648 0.030933883166511585 -0.0029515561556878395 10.652032142468792 -0.030910383719625678 0.9994938995013859 0.007445036240937644 -0.09777783266354025 0.0031801037484294812 -0.007350324815883921 0.9999679386226493 0.1735476293879978
2298 2307 0.9990427782403077 0.043426552324730715 -0.00525218773417906 10.654092498915459 -0.04346497660445652 0.9990255615118725 -0.007526160797829699 -0.1518646848018101 0.004919906495720902 0.0077472994434682856 0.9999579420805471 0.18460234756384725
2308 2317 0.9998369954682976 0.01792971892494261 -0.002057993204806047 10.624954052198916 -0.017919974161726866 0.9998294026058375 0.004446150027936907 -0.03350776201171989 0.002137451873280344 -0.0044088896865202955 0.9999880075301488 0.18861616779158938
2318 2327 0.9999815133805626 0.005832619633921231 0.0019125141136608849 10.536636409298362 -0.005829199407811764 0.9999816326408177 -0.0016215066225931394 0.012136306953989005 -0.0019224100388963198 0.0016103451762322168 0.9999968609294027 0.16267163089811448
2328 2338 0.9999712586127608 -0.0070874969000343496 0.0026016410436619556 10.910522354390068 0.0070648071288188586 0.9999399967264309 0.008425658415872212 0.1337778899879184 -0.002660870995674243 -0.008406699754439657 0.9999610500487661 0.15777783058989145
2339 2349 0.9999684183260787 0.0063330219985949935 0.0047948699518268224 10.8811209787131 -0.0063053328575264685 0.9999611906146815 -0.006138300247728015 0.04435622699740369 -0.004832898625021887 0.006108262725004986 0.999969597232296 0.11712782052024982
2350 2360 0.9997762713462333 0.02090933053366538 0.003174936397904476 10.9629758811452 -0.02090486584253397 0.9997809199579926 -0.0012669947803706993 -0.02258926262729278 -0.0032014069636166916 0.0011995653917218608 0.9999942415028654 0.12060354234082464
2361 2371 0.9993365631119153 0.034789501841672725 0.010779044722861305 11.001753299283743 -0.034598957691897636 0.9992493502654789 -0.017431224736149883 -0.15787906424102757 -0.011376704991204087 0.017046387119883207 0.9997898270676568 0.10934625680838195
2372 2382 0.9986032709254474 0.05237082257554487 -0.006881983000844356 10.620318083066442 -0.05224845783208609 0.9984892330560644 0.01698752628442538 -0.12367949284615005 0.007761006097147966 -0.01660518009923942 0.9998319916022382 0.21186043660965917
2383 2393 0.9958782601301369 0.09059980901912082 -0.004113509040047232 10.687349874162424 -0.09064948663017731 0.9957760641743423 -0.014581049432100458 -0.5101049323348644 0.00277546954215379 0.014893345308209457 0.9998852373938368 0.11300543926664514
