1 101 0.567528953705481 -0.8232718517754698 0.011640810380254146 -3.9249298268009865 0.8233470330991867 0.5675218456570115 -0.0042670823983119105 -1.198828860739967 -0.0030930685388303966 0.012007364943348585 0.9999231606929768 -0.09329689039229443
1 112 0.5617615520640473 -0.8272937976932486 0.0031492568885689767 -3.816881574288973 0.8272400044554369 0.5616740094200563 -0.01391347763722455 -1.022812710568289 0.00974148469986959 0.010421560554546573 0.9998982407582188 -0.09723635797164215
1 117 0.5538391109294079 -0.8326184696609954 0.0030936056620702794 -3.365710887410271 0.8325740046299425 0.5537627848763458 -0.01291235953648548 -0.3331081809132501 0.009037866135584698 0.009727475096013316 0.999911889585857 -0.0942062197459484
1 122 0.5475907131873125 -0.8367472963611982 -0.00022798803954504512 -2.6915247795117776 0.8366781375550881 0.5475498032731013 -0.012580752118435037 0.7200670362174151 0.010651858325241946 0.0066988688249244675 0.9999208432294963 -0.07041168340931071
1 127 0.5798117532585187 -0.8147093426147883 -0.008216465377591105 -1.8094489593504306 0.8145791045817232 0.5798675017677165 -0.014616819052208851 1.9985292163759734 0.01667334295523462 0.0017825428051025936 0.9998593860887401 -0.03910568560394982
1 132 0.6728081229960557 -0.7394947533201348 -0.021823288631624884 -0.6713332470601711 0.7395037981218445 0.673089277500167 -0.00918257394784499 3.367314851613102 0.021479977392166182 -0.00995970799177642 0.9997196759729954 -0.0072231405494551865
35 137 0.824369702956588 -0.5653057734726058 -0.029068878408055412 1.2114796697720545 0.5653031752862324 0.8248331476100942 -0.00907381803142325 4.5669934057184305 0.02910718701539637 -0.008951637346059898 0.9995362560030515 0.078683926358727
42 142 0.9553100190699346 -0.2951222805210011 -0.01690275849157771 3.7581348754072064 0.2951998877624878 0.9554316430924811 0.0022954697662029 5.353128369227337 0.015472821811158263 -0.007182713988741028 0.9998543737782605 0.14429118059283996
42 147 0.9999418428065301 0.010788888031296542 0.0002758805032694876 6.44418133882802 -0.010790863119957413 0.9999160303961433 0.007147894140699053 5.608068055063471 -0.00019878580163332286 -0.007150635061281326 0.9999743646127784 0.18015024001197819
483 583 -0.9215751044882473 -0.38808989454480436 -0.009248840435942795 9.616371013713824 0.3878963329893616 -0.9196522751366991 -0.06144772692120462 2.3808550885898603 0.015343267278557424 -0.06021671029690186 0.9980673532793362 0.133028138901894
485 589 -0.9517603426389427 -0.30681629125377585 0.0041225396461065135 9.544743010916008 0.3062378182719898 -0.9506387508072309 -0.050051630627056205 1.618538799264438 0.019277550387132192 -0.04637423614962939 0.9987381783774644 0.06829499758618247
485 607 -0.9727737084711559 -0.23131479834046742 0.014332045269366343 9.473026410062477 0.23059616894121876 -0.9722290314223861 -0.03996330106798561 1.574332411255524 0.02318000136768824 -0.03557085263547503 0.9990984261675843 0.06619587069213642
483 612 -0.9958667567683337 -0.09034471292149866 0.00934221705573413 9.27801052769989 0.08986271514243352 -0.9950186521389915 -0.04315941036238032 2.062472852465535 0.013196611894319771 -0.042142599031395625 0.9990244385591849 0.11535451982876503
479 617 -0.9971336890186969 0.07471462048349103 -0.011892197261123255 9.43210952220636 -0.07407886060300087 -0.9961417191589235 -0.047062719462007484 2.224454072553633 -0.01536174159486992 -0.04604783515362883 0.9988210663655401 0.2483147549380293
475 622 -0.9864113217114566 0.1632379785504745 -0.018623986461937466 9.304466180210657 -0.16241807241527992 -0.9859398797629108 -0.03927239444333041 1.8172046410983829 -0.02477143719266937 -0.03571463003453472 0.9990549254929907 0.17025006709346796
470 627 -0.9869148677320776 0.15740196671487547 -0.034987538867490446 9.295052607638208 -0.1569861595998724 -0.9874970852154783 -0.01432621937059061 1.2753761649208062 -0.03680426712974743 -0.008646309360952295 0.9992850856101322 0.1319338929676554
531 632 -0.006158717776829366 -0.9910794169104056 0.13313396186968082 -6.100228636794012 0.9983829653517365 0.0014273248893201872 0.056816332857908665 7.758308914924331 -0.05649836386512658 0.1332694614680422 0.9894680768884148 -0.3259129090055941
506 637 -0.7126792179038968 -0.7001236783805412 0.043775982771582636 -7.946497147084688 0.7008524299492161 -0.7079867847396032 0.08695182212348744 5.792562365440525 -0.029882658552695052 0.09264909404165081 0.9952502455141079 -0.1345837356995921
452 642 -0.9984102222705499 0.05123199911216134 -0.023507488201250003 9.998853983272975 -0.051282886945031594 -0.9986819917131853 0.0016120674558566625 0.017906611031940817 -0.023392071088388432 0.0028152434636190718 0.9997224665921947 0.08031212935316746
480 647 -0.998588756857878 0.038527030281274924 -0.03655165514084781 -9.776946896809037 -0.03753207593395819 -0.9989159217163646 -0.0275230562204928 -0.4358784096593521 -0.03757110550348127 -0.026112669462714497 0.9989527674479516 -0.21450395566640665
439 652 -0.9886669105695991 0.1464066865119596 -0.03321445759150858 9.299659952720457 -0.1453651092706153 -0.9888641631150985 -0.03188564403961053 1.6197047879490736 -0.03751047346047424 -0.026697339674973303 0.9989394433763541 0.15196035830782356
429 657 -0.9471180418872641 0.3202995437277287 -0.019401491191929642 9.399235792108879 -0.31867977801977676 -0.9459621931709705 -0.059996344002384024 3.560548074003171 -0.037568110984320384 -0.05064155195954645 0.9980100597727951 0.16495846325087057
420 662 -0.9348099493089177 0.3548708011945296 -0.014074696679036582 9.225709104035722 -0.35330231330663736 -0.9332558110979098 -0.06489314119548172 3.534822652823811 -0.03616248117784397 -0.05569095352036936 0.9977928849306796 0.12655374209095038
451 667 -0.9253275909192651 -0.3790735995610489 -0.008466186278540181 -9.259771924392393 0.37874156685792515 -0.925115526491512 0.026758376967633894 3.0891434804898408 -0.01797383699635087 0.021552889695781365 0.9996060779576705 -0.018093896127352332
443 672 -0.9427525315820842 -0.3334033497204259 -0.0076625254214726666 -8.965913619946527 0.3323821558245674 -0.9412413277601779 0.05989318401925237 3.594520290432162 -0.02717962846632224 0.05391738503572893 0.9981752329634483 -0.14359529302440077
434 677 -0.9839046395308005 -0.1754394051815787 -0.03393932488610973 -9.271634520056704 0.17372988820707935 -0.9836187518739339 0.04808866806785312 2.7244429641621286 -0.04181792627786729 0.04141821031594556 0.9982663983381239 -0.23070328649763
424 682 -0.9984040949471459 0.009904382695712716 -0.055608987092699104 -9.390131644368234 -0.012053568323461744 -0.9991873250363352 0.038442719280890304 0.9091468541825416 -0.05518054859477819 0.039050829770924576 0.9977124795961596 -0.3634906780174679
416 687 -0.9995494043337979 -0.0018586403627438694 -0.02996842739346724 -9.556033848883574 0.0007373070071549229 -0.999300737066339 0.03736795375263518 0.4623370604483503 -0.030015337261310344 0.03732866294848013 0.9988521092975842 -0.15599405275186023
408 692 -0.9987932282689809 -0.02912269021334836 -0.0395561547269593 -9.341685432110618 0.028732514775085174 -0.9995336208605211 0.01036551738210746 0.3016019738778162 -0.039837650457800106 0.00921531128530216 0.9991636175671217 -0.14401472490701223
401 697 -0.9983859524624068 -0.01693201300439685 -0.054216198433963775 -9.467538111203982 0.016852018161837574 -0.999856355754679 0.001915381001470353 0.23012317435459329 -0.05423968499310321 0.0009984421963523831 0.9985272961253748 -0.21357343320005995
394 702 -0.9975322805974749 0.010886308186526155 -0.0693664010591094 -9.368136511496997 -0.010812588954479039 -0.9999410505971472 -0.0014244576713116947 0.2292018290604597 -0.06937607155316625 -0.0006711828946272051 0.9975903588146693 -0.222305453010308
387 707 -0.9956981661316041 0.05144414659846694 -0.07705725681935836 -9.442203282130317 -0.05084532679472736 -0.998659188008978 -0.009717101871390849 0.13836498991059804 -0.07745216887028541 -0.005758128263793252 0.9969793102670632 -0.33121695776742915
353 712 -0.963854794347908 -0.2663403043009674 0.0068146789512042415 9.201160995903997 0.26642457948147685 -0.9636340688311047 0.020647489044494503 -0.882069496482843 0.0010693784705925204 0.021716583372107932 0.9997636040499748 -0.08422714334428791
372 717 -0.980718050115703 0.19096343929833035 -0.041530752250170846 -9.957121043859955 -0.18984775653206903 -0.98137443038184 -0.029343966468162577 -0.6927934774419297 -0.046359144571425676 -0.020893755702471473 0.9987062121171923 -0.17172462730091853
365 722 -0.9703487339952506 0.23390655498236174 -0.06091143694342687 -9.703212866810093 -0.23180564738440343 -0.9719548524307512 -0.03962480202899503 -0.8274096969297721 -0.0684692570165837 -0.02433114073588545 0.997356393884531 -0.23357496535412328
359 727 -0.9592513548614401 0.2744041926656538 -0.06737422596621469 -9.736422034144997 -0.2708205305243155 -0.9608980543170069 -0.057719569761363915 -0.931318532571729 -0.08057651850964333 -0.03712188578628407 0.9960569299702641 -0.31334374928500697
353 732 -0.947758077500018 0.3133182444646895 -0.0598979916996188 -9.607282747913853 -0.30936739580234446 -0.9485889334643971 -0.06685754719906538 -1.1716054946248624 -0.07776498324753793 -0.04483468858539714 0.9959631185202087 -0.2905197327448113
347 737 -0.9533286461441395 0.29943653882504045 -0.03876426513168649 -9.309565428914027 -0.2968473479257416 -0.9529779664926877 -0.060948174541164905 -1.4581224669108421 -0.05519031783886626 -0.046597676643231375 0.9973878519172621 -0.20732587604343594
341 742 -0.9787482044221828 0.20350686608755572 -0.025244198639823107 -9.27673036741156 -0.20190253696128216 -0.9778583323287737 -0.055028927151463375 -1.2599730363715356 -0.035882535272584705 -0.048763174653444694 0.9981657032902568 -0.12771698355898933
336 747 -0.9938254483133574 0.10895064991916333 -0.0209965078813514 -9.606631228073477 -0.10812021349611921 -0.9934389856898957 -0.03727628712205573 -0.8497767571749091 -0.024918762420509135 -0.03477593308542861 0.9990844213689186 -0.02671777206921713
308 752 -0.9995111523320239 -2.4125814012017046e-05 -0.03126024946584547 9.619546792602135 -0.0001112827029863232 -0.9999907708717404 0.004329414024432791 -0.4583815635568582 -0.031257925427642975 0.0043300499340525895 0.9995019549083107 0.07675366141439324
327 757 -0.9993697418323992 -0.020041216503670942 -0.029276580729270085 -9.792796263218886 0.021113528509227715 -0.9991018458995002 -0.036761074227010394 -0.7583392702905979 -0.028511381947929185 -0.03735616757578673 0.9988951154387171 -0.06881525170686477
323 762 -0.9836629573172178 -0.1759411142397961 -0.038092312211232646 -9.659711562102327 0.17755394933769225 -0.983119517207708 -0.044173643430710466 -0.3109668284761041 -0.02967554158931551 -0.05021589409241911 0.9982973239664725 -0.1009947043692162
320 767 -0.9053316858386589 -0.4223340416978431 -0.044811881878719144 -9.570018456958863 0.42422602935991555 -0.9042682839179753 -0.04828576295699331 0.6203514698640309 -0.02012713967654944 -0.0627257476513958 0.9978277836572912 -0.053971733968661784
296 772 -0.7761665944457179 -0.6280861661963653 -0.055449107557424895 9.632169817085073 0.6305151867628122 -0.7736773471327968 -0.06223064573864387 2.928481164107579 -0.0038112341567177774 -0.08326311102912551 0.9965204538096629 0.1666798336494434
315 777 -0.43541393040333654 -0.8994462314654488 -0.03757320623280793 -8.340852506492682 0.8975904097266154 -0.4305675333144954 -0.09456528390518612 4.031017815097824 0.06888024557564852 -0.07490059273288313 0.9948093693165776 0.0645999588032633
313 782 -0.14362686120791052 -0.9890798778688995 -0.03307897484632878 -7.08922972549606 0.9852973923152814 -0.13979469950675705 -0.09820376264772249 6.194882404295251 0.09250828394648587 -0.04669625756981094 0.9946165015977689 0.2527147269583161
310 787 0.11544911188680246 -0.9932783886170494 -0.008437774018588313 -4.23693790364746 0.9897835761204296 0.1157490814000485 -0.08323897862579957 8.719790978117542 0.08365633515107235 0.0012587377780499747 0.9964939109895065 0.42067515561124447
1194 1627 0.4501185547232888 0.8924830500559361 0.02945416793246143 2.1703797474400024 -0.8904392933763494 0.4461199711534785 0.089966763172697 9.728370331483045 0.06715408357210705 -0.0667245200380058 0.9955091169400763 -0.46523917680512117
1205 1632 0.4229633948606473 0.9061408043209256 -0.0035941652509418557 -5.8838915054313 -0.9045709894163677 0.42245893401555934 0.05724302503855007 7.724634853186414 0.05338870958951036 -0.020961055610267183 0.9983537620509214 -0.33208989754950785
1189 1637 0.4227634363432555 0.9059212676858228 0.024079525801810067 7.710897829809543 -0.9054084313964388 0.42108964046860614 0.05402105268579087 6.266774053064031 0.03879924557885083 -0.04464074705666496 0.9982494089942655 -0.1030979537360308
1209 1642 0.4503575870552655 0.8925784249302886 0.021944809076495545 -8.044427811500903 -0.8923610456816732 0.44916629080535186 0.04405121464127311 4.9424615516301715 0.02946296552626328 -0.039422717635991804 0.9987881846651794 0.006838790899203941
1189 1647 0.5339769624125519 0.8453466909358951 0.016059910255437564 8.98731473875913 -0.8452488504775328 0.533262284231023 0.034416498157383554 3.9754242700504534 0.020530427109897408 -0.0319535710749968 0.9992784592850665 0.0024187729476115704
1190 1652 0.6490992916752383 0.7606909140271216 0.004411394328374818 9.081732028772635 -0.7605795868858177 0.6488788267715392 0.021778053655522846 2.889557766048678 0.013704156700268323 -0.01749182265878634 0.9997530602170435 0.044973864643005394
1191 1657 0.78499547161073 0.6188700968451192 0.0279568003261618 9.626471954332311 -0.6194416618668378 0.7847429387318949 0.021677150232082817 1.8025431464578738 -0.008523228375076125 -0.03433478207277432 0.9993740331334362 0.07401144708049397
1215 1662 0.8687425148154712 0.4950668095796704 0.013983999328577149 -9.673084268657032 -0.4951950212193321 0.8687439528021931 0.00800971859481201 0.7173993125957479 -0.008182724689988354 -0.013883204304561999 0.9998701524070104 0.04342054669739026
1217 1667 0.9332068259898093 0.35922972649819346 0.008791335986691365 -9.530743461850278 -0.3593272815749513 0.9330838811338997 0.015446611212300147 -0.1722203023332354 -0.0026539306098263293 -0.017573395598982855 0.9998420475717315 0.023317114665716943
1220 1672 0.9809783619132414 0.19300301892075059 0.020766985543891753 -9.898924201923 -0.1936079724332369 0.9805312172074506 0.03277727458981955 -0.9028796020071275 -0.014036255973515687 -0.03617513407977133 0.9992469098080435 0.0761698199131664
1223 1677 0.9999259781186005 -0.004515320953092872 -0.011332794306816881 -9.895562211967016 0.004868571249535628 0.9994970715049056 0.031348239562332 -1.293558365920147 0.011184780847631352 -0.03140131233737833 0.9994443297011377 -0.08021685138592125
1206 1682 0.9925396566833692 -0.1193764493250385 -0.024774276165198263 9.90003051220139 0.11927397582949206 0.9928461366060722 -0.005571502172881675 -0.6188529816477623 0.025262417680919327 0.0025752026931187737 0.9996775802560534 0.1910060707310377
1210 1687 0.9902475649205532 -0.13928832682277162 0.002932883686302176 9.83110891568369 0.13929396278409112 0.9902492703037242 -0.0018217572030679748 -0.17406921252901023 -0.002650880145262451 0.0022120739259631466 0.9999940267613292 0.0026631529868287947
1214 1692 0.9981004542850523 -0.061105900492271895 -0.007806100043902804 9.763058438913433 0.06112836389734274 0.9981259856660903 0.0027267837557327264 0.07657045936909324 0.007625393925003837 -0.003198287584154935 0.9999657739030147 0.07173249903038997
1218 1697 0.9996904953188606 0.023352243613104486 0.008550820652641702 9.886987094344898 -0.023430083549840386 0.9996839652737527 0.009129470720341924 0.08582245167667786 -0.008335412178768473 -0.009326901718601885 0.9999218779918332 0.006693602141553609
1241 1702 0.9998370756464214 -0.01607015246431586 -0.008138020269234813 -9.846101671256505 0.016095699848093992 0.9998663455037732 0.0030022539057229553 0.3189050389410636 0.008089153224765085 -0.0031326234886793446 0.9999623996448841 -0.12077094227103578
1227 1707 0.9965459298087791 0.08298077090125393 0.0033298480987641395 9.626155462786533 -0.08295008226940143 0.9965180946435177 -0.008460778789117874 0.03491566117363628 -0.004020685299705761 0.008155797556195103 0.9999586356426305 0.03502314510158399
1232 1712 0.9989066700444266 0.04637848954012075 0.006020270573210302 9.203601710327966 -0.04643882314398195 0.9988667013548692 0.010452589610626293 0.10185723355683908 -0.00552816278240019 -0.010721184632599691 0.9999272038845416 0.059076905485431035
1236 1717 0.9998353331182341 0.011396770425140715 0.0140642085936528 9.920639720109568 -0.011601566452240388 0.9998269003909769 0.014506170727778827 0.17827329489144397 -0.013896670031404651 -0.014666959792879684 0.9997959149587075 -0.03210930110370743
1241 1722 0.9999353166483725 -0.011006945717626932 0.002820534461884908 9.668681395104265 0.010972987337257404 0.9998689528498629 0.011896537469411706 0.23097294454957043 -0.002950616555325909 -0.011864328272339247 0.9999252726689204 0.06000518578284383
1246 1727 0.9997976550240354 -0.018183080397598365 0.0086761818464927 9.477033799549913 0.017971607424913157 0.9995533381767555 0.02388991645523264 0.3076442110663906 -0.00910675996988957 -0.023728941228965253 0.9996770047805388 0.04419389633977224
1268 1732 0.9994385828847885 0.03272640399094993 -0.007095879816570307 -9.518600734445664 -0.03272176775660244 0.9994640192583131 0.0007716482225664597 0.1587219208056183 0.007117368927402093 -0.0005388033976901495 0.9999745276156309 -0.06183403201400427
1273 1737 0.9993628913706702 0.03549149054967317 -0.00393709222692017 -9.299846364294178 -0.03541841242846967 0.9992223504017717 0.017287882644068647 0.10291938057071195 0.004546991896370874 -0.01713720576816642 0.999842800621671 -0.1438302055116557
1279 1742 0.9996259436537775 0.022603941716754176 0.015390780768784909 -9.765890332170347 -0.02302381978991342 0.9993522452870289 0.02766535252581184 -0.017715970981504823 -0.014755027942167232 -0.02800872865652477 0.9994987615925448 0.09478080589093942
1285 1747 0.999880138139898 0.013591284537090716 0.007483721519567638 -9.981100837504018 -0.013667093202333743 0.9998547681887934 0.010233774885943651 -0.11377627033540873 -0.007343859021047137 -0.010335406846074648 0.9999196620256071 -0.18066627401703148
1290 1752 0.9999033385906909 0.00772746422007818 -0.011546865645004603 -9.162255142294146 -0.0075780382732949444 0.9998876676913756 0.01296394356201195 -0.09647104920797872 0.011646287106789983 -0.0128746737551731 0.9998492495512608 -0.10512932041784884
1277 1757 0.9997884145985125 -0.010409878388457094 0.017736741008704607 9.527143793415028 0.010637384396150874 0.9998618019241378 -0.012822428726165206 -0.02663079669594154 -0.01760102486117601 0.013008642174449067 0.9997604814971123 0.05919594009408611
1282 1762 0.999928930212094 -0.0077492894311410295 0.009144103409495992 9.787118387277694 0.007799497135253975 0.999954933536523 -0.005413808466705225 0.023019231142551472 -0.009101813126484141 0.005484294728426391 0.9999435095534226 0.09028482831194977
1308 1767 0.9999581243042653 0.009098913481005352 -0.0005319265713443051 -9.689482875297577 -0.009094883006009991 0.999925116025499 0.008198875094725874 -0.13788520323508682 0.0006067745053827959 -0.008194107531569293 0.9999662402485042 -0.14228083767297273
1314 1772 0.9999117828470209 0.012917179754218014 -0.003114099989050621 -9.50656660505997 -0.012880158482680589 0.9998507473860064 0.011515240708233494 -0.19112982578105742 0.003262323087798837 -0.011473841849704918 0.9999288435454814 -0.12323648589027394
1321 1777 0.9981495200483046 0.06040041909209797 -0.006975621429292142 -9.944337336530188 -0.060166623199816645 0.9977450626856289 0.02976771766891207 0.16737485904039212 0.008758440058160212 -0.029292847755794313 0.9995324782245446 -0.1298806143286482
1302 1782 0.9998834695334295 -0.014448112688317132 0.005015638016081578 10.004727487320286 0.014439215069309678 0.9998939500347176 0.0018095489504976075 -0.10487164138944347 -0.00504184275100706 -0.0017372718840340815 0.9999858551991683 0.11428440337530438
1307 1787 0.9989839977014884 -0.04455729673299583 0.006805732405286556 9.601042700162125 0.04458685882943356 0.998996116954189 -0.004297879260363126 -0.025966479129840358 -0.0066073511883584235 0.004596340394864742 0.999967579464701 0.090636173337011
1311 1792 0.9936114321227899 -0.1126191151010299 0.007244336436605955 9.649461718312002 0.11272987377496568 0.9934757051581767 -0.017245745819601515 0.2594350593141297 -0.005254471725389791 0.017951431563740898 0.9998249515453131 0.1579512683120507
1347 1797 0.44996448142128626 0.8849676986611472 -0.11985369060568264 -8.520815966612773 -0.8921578092173199 0.45143453661120647 -0.016143585735634205 4.17473841002988 0.039819736080666024 0.11419158502129909 0.9926602741803078 -0.6757781799095742
1351 1802 0.528884684668748 0.8404555274248404 -0.11797086187249264 -8.705940820507408 -0.8454844382502535 0.5338462721611051 0.01279341419143159 3.57911758189151 0.07373035060643564 0.09297551568673802 0.9929347945914435 -0.695135686443789
1320 1807 0.6777923829578181 -0.7352282916677897 -0.0062204760451250955 9.246183375784623 0.7342942071407589 0.6764523284772632 0.05678219510393746 3.43184262002668 -0.03753957087093571 -0.04305333046904011 0.998367281883565 0.04891674079163566
1323 1812 0.4889149379225486 -0.8722585388496849 -0.011304905985293507 8.51352729324104 0.8690106130773448 0.4858818350459957 0.09347280370000485 4.79094316887416 -0.07603934442331503 -0.05552486640959981 0.9955576288020438 -0.07085134286315409
1327 1817 0.38078810241815536 -0.9245419222069984 0.01492084840303034 7.543654658757208 0.9177582831095221 0.3798640397946885 0.11584893034751598 5.807053498287319 -0.11277441018192758 -0.030420326953015712 0.9931546257268531 -0.26204384919171314
1332 1822 0.4564689308537401 -0.8879356510907215 0.05663501987515403 7.322621165140315 0.8816728977005659 0.45996480731061423 0.10527532784234803 6.104304566859355 -0.11952699972329704 0.001878747830125064 0.9928291314257315 -0.4214734909997303
1338 1827 0.666763575491375 -0.7394873450635294 0.09266327443416329 8.045416507489199 0.7389113766638239 0.672151200204157 0.04713585494741043 5.580992266181991 -0.09713953340782756 0.03704148200409218 0.9945811668082396 -0.45939072577596973
1345 1832 0.8793001591858102 -0.4746079173619177 0.03974460527529874 9.126910136694967 0.47520025124961646 0.8798530507530176 -0.006510479621315384 3.9236270664553814 -0.031879114347645544 0.02461175738360784 0.9991886880064851 -0.11721362444028334
1378 1837 0.998721166334517 0.05055769865588302 9.450585968829023e-05 -9.548708807252408 -0.05055373866515493 0.9986681278969318 -0.010322527300416676 0.8236049901686215 -0.0006156192188168689 0.010304591768623934 0.9999466972954054 -0.14955363996428128
1359 1842 0.9939572898961934 -0.10969187380832901 -0.003991040318235763 9.77468359714284 0.10975822034589998 0.9936236809744141 0.02578285203782198 1.4481797881462002 0.001137252161539142 -0.026064461148584597 0.9996596709651873 0.14186466170714235
1366 1847 0.9986992717159208 -0.05089935470174519 -0.0028091671637087883 9.317931296961264 0.050966207258725936 0.9980908869197526 0.03486658947851468 1.1185322082687237 0.0010299692588499347 -0.03496350629789683 0.9993880447232328 0.16047048267336178
1372 1852 0.9995485556210667 -0.029858043655227637 -0.003196870268967085 9.397529064156178 0.029927629051224286 0.9992537507260557 0.02439905974983585 0.858142559380538 0.002466321599828925 -0.024484403454384695 0.9996972020061309 0.14160995527521988
1378 1857 0.9994581765780227 -0.0328797747192228 0.0015368934984621985 9.390408759360986 0.03285600985264689 0.9993631813313523 0.013915583602303348 0.723461741419003 -0.0019929813417252605 -0.013857674671128143 0.9999019586645082 0.15143946908771003
1403 1862 0.9982442630491453 0.058776009973495594 -0.00732502912246162 -9.79028308525342 -0.0587444416495186 0.9982634029131972 0.004442912686986304 0.5913406255115473 0.007573903408141467 -0.00400513624178615 0.9999632414138112 -0.22701126993259468
1389 1867 0.9993489175889817 -0.035901802798339884 0.0037113931139798424 9.94408567998702 0.035869054764908224 0.9993188693548295 0.008701728416484153 0.6119781130585791 -0.004020960191083029 -0.008563197045624336 0.9999551785248953 0.13439252548089028
1416 1872 0.9558464662865073 0.2938510822822048 -0.0028219911542530208 -9.510471965658287 -0.2938536034307785 0.9556834689226459 -0.017859779625528652 1.5951736597759447 -0.0025517185860121634 0.017900073548193247 0.9998365348974463 -0.22486052566345183
1400 1877 0.9987617923130635 -0.04887191196104695 -0.009335622430981152 10.057876367831605 0.04899398171653248 0.9987103888213098 0.013290104998477763 0.5871689222474514 0.008674061815340169 -0.013731247278741176 0.9998680887827102 0.203105134172727
1406 1882 0.999441115116162 -0.03034053373717165 -0.014000881017899073 10.053495531280918 0.03057637060192165 0.9993887365833866 0.016946285173759477 0.2735941823558514 0.01347836449360078 -0.017364903189703577 0.9997583317022272 0.29000741946151826
1413 1887 0.9952456662409058 0.09721320232863026 -0.005866393629787529 9.573544819512863 -0.09721188664692376 0.9952636153693777 0.0006255952372164432 -1.499706623086141 0.005899134986280255 -5.2699675222253874e-05 0.9999825952108261 0.26538414738493954
1437 1892 0.47595237289060455 0.8794394045026734 0.0075462879545010395 -8.498088791049721 -0.8788179755596763 0.47591287921971015 -0.03439692161454683 -5.679286449762134 -0.03384140108980514 0.009738944360410815 0.9993797001126018 0.05431173213017836
149 2455 -0.4151891725836664 0.9097361958850451 -0.0005365903834219558 -2.1253435804467156 -0.9067767519016915 -0.41388635908618926 -0.08033061356409921 9.583820161064164 -0.07330133442075216 -0.03286701531427988 0.9967681225868334 0.4704837557195679
137 2460 -0.9169206146918744 0.3985628842223326 -0.02006731841284996 8.011288233417334 -0.3968073500345563 -0.9159196066942646 -0.060291601607419594 5.47765418419798 -0.04240805394417484 -0.04732050396799005 0.9979791006887232 0.1640245029404931
131 2465 -0.988912621169315 0.14615243523591176 -0.026300467001796102 9.564732483882024 -0.14512576748151604 -0.9887059459334641 -0.0374101724179161 2.8853120266934345 -0.031469878536194276 -0.033178899690324594 0.9989538785750176 0.11608871967680173
127 2470 -0.9929526303832678 0.11581472055208361 -0.025126962576243944 9.708637465264085 -0.11556545539717575 -0.9932373506868043 -0.011149983380543876 1.8272949252383046 -0.026246393394176202 -0.008168259584842076 0.9996221489831008 0.09140807801974965
123 2475 -0.9560342978636124 0.29149672213862615 -0.0320568294029511 9.856485050977767 -0.2915685364747737 -0.9565473348289292 -0.0025347847131991378 1.046973230936494 -0.031401411419220135 0.006922312786263473 0.9994828945076426 0.13401842533333472
77 2480 -0.5085994529109599 0.8601788906551388 -0.037700540800564036 8.517693117145525 -0.8589384901126972 -0.5099237321516468 -0.04690511188279805 4.981789217074295 -0.05957016041693792 0.008526316628211789 0.9981876602148089 0.2818077373933134
83 2486 -0.36763783402536304 0.9295759849617666 -0.02705009531353564 9.71191766239541 -0.9291412125291358 -0.3683808860869862 -0.03146746104357409 1.490532398154717 -0.039216084034646846 0.0135638288436656 0.999138742709584 0.17798230620963607
116 2493 -0.36059158991227747 0.9326182541954029 -0.014091479348546355 9.561136573639743 -0.9326194921129987 -0.3607355401583669 -0.00948422822693865 -1.6200508645301173 -0.0139277629759532 0.009721189239950256 0.999855703337245 0.11679598003763453
158 2501 0.8689505142343283 0.4947742091017464 0.011083741749661506 -9.922845519406495 -0.4933555681849528 0.8677935998532172 -0.05945410353115841 -1.3003638514348204 -0.039034516016607824 0.04619399187264296 0.9981694757703421 -0.052598335129454755
116 2510 -0.21401082099912633 0.9768294066833227 -0.0024174254579610688 9.516981683547494 -0.9768237461825642 -0.21401662104001393 -0.0033514685559996177 -2.177384372905429 -0.0037903238318358332 0.0016438880766096614 0.9999913952064661 0.12886843466673498
158 2528 0.8988484371030978 0.43801009730139845 0.014778148614974614 -10.073118069803039 -0.4363496420402447 0.8975688126189268 -0.06300112902751427 -1.1745393684671839 -0.040859300488822727 0.05017957344996535 0.9979039971152084 -0.048067942904215885
116 2536 -0.08998562485428983 0.9958764731819997 -0.011591774470917674 9.716078511507746 -0.9958396083302412 -0.09013576777035173 -0.013325855260494563 -1.4793757963993623 -0.014315282368564584 0.010344025926259173 0.9998439712451722 0.12813120191998176
157 2541 0.9720098690421565 0.23392659296061794 0.02183077323520137 -10.132358788578916 -0.23242959482149372 0.9710056368810152 -0.05590983371895311 -0.6381076508870442 -0.03427610426116065 0.049270806583338086 0.9981969783839135 -0.00955500274513744
83 2547 0.4379564207092603 0.8989659851508526 -0.007333709027785923 9.66481597006475 -0.8986850588298996 0.4375773089759518 -0.029823324261589346 2.197472508478986 -0.023600747100141737 0.019651386648359963 0.9995282019952881 0.193060955841243
116 2587 0.4024834721830998 0.9153130864736077 -0.01450392667538071 9.911911815451672 -0.9154233123095263 0.4023941837146209 -0.008839060808973873 0.2738235685899373 -0.0022538411116228433 0.016833695468813713 0.9998557653733456 0.11874381383987832
118 2592 0.5319337377779454 0.8463340386515225 -0.02769120690318522 9.883187543126615 -0.8467053511230164 0.5320483276982965 -0.0036366232208137413 -0.30694003005763565 0.011654647713232236 0.025379620442891472 0.9996100631286801 0.12483239232385365
122 2597 0.7534706843281405 0.6573136283059854 -0.014808651421838204 9.785950855111853 -0.6574797425323317 0.7532609779098488 -0.017831958037445344 -1.1228674652475243 -0.0005664713661376917 0.02317240666960217 0.9997313147268566 0.11629411599254125
127 2602 0.946906986953955 0.3215044192579251 0.0008824744395374567 9.631641835837778 -0.32127944642911205 0.9463397433825776 -0.034946135976819365 -1.25849971143161 -0.01207076764735352 0.03280718768940282 0.9993888221155157 0.04330032285803649
131 2607 0.9954158484084276 -0.09552062481610979 0.004737155213942244 9.955847153752222 0.09563795324835292 0.9941518751772683 -0.05016175161512834 -0.3638954888454311 8.250759987728557e-05 0.05038453496013812 0.9987298382515073 0.014875193525924568
2443 2612 -0.9917165037563777 0.12723534415568258 -0.017568502500086913 9.52355689798878 -0.12730927162728986 -0.9918580820019083 0.003124067234435005 2.727075897721056 -0.017027060733231018 0.005334269656118808 0.9998407986365375 0.14790547431598042
154 2617 -0.1217122581789429 -0.9923778124860291 0.0193459957032755 -5.361628995012209 0.9913289188214703 -0.12251084972436543 -0.04749334278286912 8.039189401851413 0.04950311439383624 0.013398259110059057 0.9986841622384142 0.3962770230152562
2436 2622 -0.8881711520201128 0.45945016967356106 -0.007637341000922806 9.797306906988805 -0.4595084534978741 -0.8881093103943632 0.010652005598509201 2.1108185525497785 -0.0018876496533405413 0.01296943012496024 0.9999140610963907 0.12011299585462726
2467 2627 -0.9447645083292043 0.32695507252074885 -0.02283491620916487 -9.7860874421348 -0.32656959063634156 -0.9449817585052324 -0.019041167104511394 -0.5193899186684933 -0.027802295738534884 -0.010533196818453511 0.9995579146669892 -0.2003938746596983
2428 2632 -0.9337138743424895 0.35791362385888725 -0.008771563161914969 10.13040323539419 -0.357754279493141 -0.9336841706407708 -0.015650406217010193 1.60592073837354 -0.01378965585460262 -0.011475746340672019 0.999839156053492 0.09540555137624322
2424 2637 -0.9651186075982421 0.2616378209012142 -0.009550472205856197 9.414613515392869 -0.2612411169199675 -0.9647804514037245 -0.03083673698349585 1.280870480367898 -0.017280096453351622 -0.02726746994158656 0.9994788313083992 0.14765011268059872
2419 2642 -0.9762892078366966 0.2163969919751276 0.005625252220063008 9.746550090498003 -0.21646710028553612 -0.9760589500539923 -0.02124506053008185 1.3471280683475064 0.0008943871771994725 -0.021960092317160874 0.9997585273529889 0.03698549126568384
2438 2647 -0.958712092745516 -0.28373947746373296 -0.019024925978590745 -9.549752781842226 0.2835696167088567 -0.9588862553459648 0.011181652553304729 1.5121924533253885 -0.021413101774515327 0.005325099921791761 0.9997564053344498 -0.23389991426338866
2431 2652 -0.973671967881959 -0.220727541032037 -0.05692393419565128 -9.223809393700838 0.2201992164197485 -0.9753320722843181 0.015479877328245689 1.3813907587340015 -0.05893431733039707 0.002537584354122115 0.9982586491946397 -0.262332736399803
2426 2657 -0.9858003140745223 -0.15601633484589783 -0.062105994312094855 -9.476871278844063 0.15590913224484032 -0.9877498002358417 0.006605418193240437 1.1639848137957567 -0.06237420291536658 -0.0031716033385960044 0.9980477930100041 -0.4025816684770481
2400 2662 -0.9964649212848244 0.06770206699874087 -0.04974048690414325 9.637978532670823 -0.06840492399565289 -0.9975780970104676 0.012577973413755099 0.47935049020882603 -0.04876710265251313 0.01593521777312713 0.9986830789321636 0.23937589204310253
2396 2667 -0.9996293928521981 0.017998667789215838 -0.0204235028889004 9.272031398751894 -0.017905220771681656 -0.9998282825555498 -0.004764307773733643 0.2013888047480078 -0.02050357500978545 -0.004396968357263109 0.9997800779473424 0.0793868328030201
2411 2672 -0.999576905429963 -0.028698893123331206 -0.004753706026118644 -9.545961332004511 0.028857326285870604 -0.9988834033095007 -0.03741219893855568 0.3199839107235772 -0.0036735108626398177 -0.03753401810591956 0.9992886813466855 -0.03913510831760967
2406 2677 -0.9994022824562773 0.0202045425477317 -0.028055930680739315 -9.551679315218847 -0.019412017497495302 -0.9994125470680486 -0.02824675076745121 0.03385142146144422 -0.028609129821510093 -0.027685345625403188 0.9992071716347499 -0.13123850714166233
2383 2682 -0.9980215884541714 -0.05781764600035289 -0.02468530357833904 9.887580147618335 0.058410367452097524 -0.9980034534664728 -0.02402989696383089 -0.49779704892940607 -0.023244992023229133 -0.025424461206839666 0.9994064013296723 0.11146225088785236
2379 2687 -0.9979000654329174 -0.06247361100562563 -0.01712393537531866 9.482946643186944 0.06271458099550373 -0.9979353917664421 -0.013838732078165938 -0.5627706806707681 -0.01622262903119681 -0.0148835210483461 0.9997575440305438 0.09796657611215277
2393 2692 -0.9951017741031664 0.09775217618241366 -0.014763319834011425 -9.548392782517642 -0.09776591771014012 -0.9952095252862841 0.00027044009065433966 -0.7035840806430993 -0.014664160551829845 0.0017114254864310327 0.9998909620945411 -0.07740688387333598
2370 2697 -0.9982522473754523 -0.0429742567995248 -0.04057437523405302 9.764021681886824 0.043541358091858336 -0.9989645999628927 -0.013187661727882412 -0.4026496406759587 -0.03996389265007112 -0.014930866637515736 0.9990895511340079 0.1545885156051962
2366 2702 -0.9982735587195863 -0.05577134694999654 -0.018454509645118255 9.995539895048601 0.05615028264046472 -0.9982087749908123 -0.02066407244676052 -0.34118347895912315 -0.017267401414021603 -0.02166523524241776 0.9996161773774307 0.13563412690613721
2362 2707 -0.9970445154663392 -0.07504052910071585 -0.016459932033045552 9.654802342663949 0.07541826361887889 -0.9968723743895387 -0.023623832504381232 -0.17460812446885254 -0.014634236477872556 -0.024796191263359923 0.9995853391328753 0.09427298095339558
2357 2712 -0.9964298092870241 -0.08257453503397973 -0.0175831131661482 10.288960625664753 0.08294365291432847 -0.9963224465280845 -0.02146344178860125 0.06244419315529954 -0.015744304290359817 -0.022845330771245204 0.9996149967954215 0.13568547508128018
2353 2717 -0.9966571076493643 -0.07829692589621713 -0.02331069448681484 9.17717014660567 0.07868606802960072 -0.9967664230651826 -0.01627994692879605 0.4273876726322743 -0.021958123743395803 -0.018060682873744502 0.9995957395139969 0.13393273104618147
2366 2722 -0.9992642204499789 -0.018049214111163645 -0.03385633729720119 -9.64495821203605 0.018291376396638196 -0.9998096387468038 -0.006840444845973323 0.5027292535359537 -0.033724561978613926 -0.007455076695463856 0.9994032936584398 -0.22007130268478733
2361 2727 -0.9996597506867142 -0.007130475202752833 -0.025084077173632976 -9.515706532242534 0.007573921422912951 -0.9998163175623297 -0.017596884721722834 0.723309235123786 -0.02495267467336371 -0.017781236944273287 0.9995304148101523 -0.15550630121126405
2339 2732 -0.9996469933819266 -0.015962457370752692 -0.021228554899345057 9.3095011447298 0.016317285329814465 -0.9997287835163119 -0.016611840714807986 1.0758314264586164 -0.020956324105400534 -0.01695363795492784 0.9996365584062836 0.11390164774081783
2334 2737 -0.9998062127837603 0.001211372874343973 -0.01961568180232916 9.533411402145743 -0.000898589086898604 -0.9998736595994856 -0.01589682501972846 1.1248011545537793 -0.019631548508080108 -0.015875689970895945 0.9996812464966476 0.1207068405004076
2347 2742 -0.9994299996017054 0.008185428787159428 -0.03276960412594602 -9.222105397604448 -0.00781734390566146 -0.9999049468115577 -0.011365426906355261 0.9639725443491309 -0.03285782479958904 -0.011103309411595513 0.9993982506675079 -0.15392980881206367
2342 2747 -0.9993284481925407 0.010792892909594017 -0.03499557079319489 -9.401618714918461 -0.010398888751297644 -0.9998810095126887 -0.01141605699367702 0.9351368887546034 -0.0351127131155752 -0.01104407849915747 0.9993223807483907 -0.2097056387066564
2320 2752 -0.9996719119692713 0.020991995443447323 -0.01468313622409005 10.001220455455112 -0.020806511420838524 -0.9997035457155443 -0.012656039119120258 0.9802495549682069 -0.014942923669742647 -0.012346818764558513 0.9998121388670826 0.10105524088251393
2332 2757 -0.9992074037948696 0.024981968346743995 -0.03100991137672297 -9.342169527205158 -0.024378572775980465 -0.9995090393416557 -0.01968653164523953 0.7480854611426225 -0.031484466194751856 -0.018915898971033594 0.9993252418670059 -0.19034938367624393
2327 2762 -0.9989697269586316 0.03422341922407611 -0.029800512959368062 -9.216865727136735 -0.03413123564066792 -0.9994107438016567 -0.0035715528628238436 0.5872993072239638 -0.02990365641019034 -0.002550947321447584 0.9995494692726289 -0.1649068730762069
2306 2767 -0.999390228347095 0.004858615649079367 -0.0345749856030062 9.557498341798441 -0.004540902698922538 -0.9999467788049894 -0.009239294130410117 0.436961975166646 -0.03461719725122746 -0.009077112510520536 0.9993594168569809 0.19476702949536775
2301 2772 -0.9996277456258148 -0.01103857232367969 -0.0249624832385117 9.590341251685889 0.01140315736441837 -0.9998302791717877 -0.014459544956106048 0.19333373495815134 -0.024796939768280946 -0.014738395449524462 0.9995838645254059 0.14816305240874936
2296 2777 -0.9996260201199312 -0.012346313456377357 -0.02439142691767192 9.751327738622232 0.012416177765800713 -0.999919422897781 -0.0027135785250778015 0.13150528306125808 -0.0243539953701207 -0.0030157309001785544 0.9996988922542652 0.1563456299759523
2291 2782 -0.999435115910218 -0.012897680401162645 -0.031031105550252874 10.089068207395606 0.01295709132265985 -0.999914881738099 -0.0017231605042053815 0.0764857394829319 -0.031004599655972385 -0.002124264106991467 0.9995169337595555 0.2432127494454014
2286 2787 -0.9990381119311771 -0.023987404485859558 -0.03671856450544131 10.07402634763001 0.024247787927515245 -0.9996837671038427 -0.006694180269209121 -0.01968498025651072 -0.036545245242003255 -0.007578627321286008 0.9993032521552919 0.19609834236146503
2281 2792 -0.999357453626369 -0.024776442038510336 -0.025891390674027216 9.957169084330896 0.025044442251838994 -0.9996349416339771 -0.010093219021494255 0.10916555393856976 -0.025630124451322404 -0.01073563741858659 0.999613846133177 0.1706202268169653
2276 2797 -0.9994891360305809 -0.01190155170062529 -0.02964422249937146 10.006887845026062 0.012406529866020422 -0.9997804611187588 -0.016919766922634437 0.36933813908622243 -0.029434421716342897 -0.01727975800462086 0.999417241971929 0.18031990134593404
