1 10 0.9999978313134287 0.001980227026739732 -0.0010564776537527847 10.817630821237673 -0.0019866175387959705 0.9999755299110183 -0.006688318281686951 -0.01773864680198859 0.0010432985048796622 0.0066898279834477796 0.9999770666348544 0.09769726318663628
11 19 0.9999956774590997 -0.002530760941852169 -0.0014148332005670839 10.30684792801661 0.002559925644072479 0.9997652659310641 0.02151521127617724 0.15769316157262003 0.0013609218852238837 -0.0215189248751869 0.9997674951732618 0.09639948284679703
20 28 0.9993185728678508 0.03683272701686272 0.0022016421217361123 11.00549455548179 -0.03684775453499244 0.9992941506907622 0.007353854574726028 -0.13274464015187146 -0.0019291971444908298 -0.007429288003971215 0.9999705588130332 0.08276319518340665
29 36 0.99918600342087 0.04029227538734574 -0.001967163234861691 10.211431733746513 -0.04029793624493383 0.9991838765746279 -0.0025587759576829344 -0.16356169450546093 0.0018623893460815093 0.002635638165262327 0.9999947994125629 0.05887084096813179
37 44 0.9996024033766986 0.028071814227874956 0.002704361275895591 10.721033657001476 -0.028073413852325344 0.999604812282421 0.0008449727207024342 -0.09007695952219616 -0.0026793841405549053 -0.0009207779056720097 0.9999959507115831 0.06645242646224823
45 52 0.999627514739197 0.02725387983633965 0.001401696101793648 11.25541410146683 -0.027245067278860002 0.9996134303193146 -0.005585272037420937 -0.09799593593714566 -0.001552584355747482 0.0055440796463023636 0.9999833468120218 0.10709515804524483
53 60 0.9993183979253994 0.03667066730995747 -0.004261767075038113 11.510602115420188 -0.036655961212579996 0.9993212374969885 0.003513615303370783 -0.13363840013759146 0.00438738930810897 -0.003354316268922771 0.9999847940836517 0.12280367696807236
61 68 0.9989662703602712 0.045399753938798575 0.0025162497238524362 11.684313859001636 -0.04541446764914736 0.9989459693339616 0.0066295163656211915 -0.19843383423451894 -0.0022123764305496483 -0.006736731860551545 0.9999748280643757 0.08743330054152555
69 75 0.9995588374710457 0.029593888474152487 0.0023192598064894314 10.157969047892115 -0.029588015750056804 0.9995590803947609 -0.0025191564751842156 -0.11583101485904078 -0.002392734701167936 0.0024495086514159247 0.9999941909277015 0.10000525867770318
76 82 0.9998232688006039 0.018815922003048945 -6.206167885631818e-05 10.332356873084887 -0.01881393407932767 0.9997693464587806 0.01033380624817611 -0.02742171648705215 0.0002564057141513878 -0.010331139819788861 0.9999466602941728 0.09505629162542144
83 89 0.9998376908416431 0.018019970239948373 0.00020807841639961834 10.637271130424898 -0.01801910103522938 0.9998372589010128 -0.0009960930110849385 -0.051107585230072416 -0.0002266171509374125 0.000992123723260665 0.9999995406852584 0.11050902367232471
90 96 0.9997328058211559 0.023062290973359 0.0015228978378099228 10.86497418004054 -0.023062127921693133 0.9997338863013636 -0.0001681551691866799 -0.06448342555775242 -0.0015263942000729458 0.0001327461961326798 0.9999988448366092 0.06880416448582403
97 103 0.9995360096881378 0.03042870517978858 -0.001128317211404932 11.117241252031214 -0.030419520232000136 0.9995114109740293 0.0070934653616591264 -0.08993586528071307 0.0013440580779899413 -0.007056483391991625 0.9999740868575249 0.11721649102166644
104 110 0.9995609337065973 0.02947852003204939 0.0030709079927189317 11.338587057344581 -0.029483345570150817 0.9995642995182852 0.0012652368629387724 -0.10069275519988996 -0.0030329863927063463 -0.001355238065839083 0.9999945381434202 0.1092359689014692
111 117 0.9996544365654748 0.0258166910515198 -0.004859965901591321 11.613942886280878 -0.025803252528440804 0.9996641289896093 0.0026200513666213105 -0.06324796143780305 0.00492608367462339 -0.0024945802589103356 0.9999847463688192 0.1408215568804952
118 124 0.999503735092287 0.03093599929462306 0.005873728099055239 11.789106524070307 -0.030922705541617166 0.9995190182786583 -0.0022768697574583148 -0.11359833031305905 -0.005941425460850497 0.0020941318425241368 0.9999801485432539 0.0556091524291337
125 130 0.9996332635700872 0.026967284718446602 0.002668951508268826 10.042781955492446 -0.026995930727059213 0.999570045225608 0.011503911307713362 -0.05536293199168235 -0.0023573881805430603 -0.011571568316299182 0.9999302162489763 0.1064806902349226
131 136 0.9997423509264612 0.022666472650949263 -0.0011601336503299666 10.223070519028836 -0.02266167917902693 0.9997340752704037 0.004414466453482858 -0.045171843886414154 0.0012602365299162021 -0.004386787355211412 0.9999895065652852 0.09522111428230903
137 142 0.9997499314397839 0.022211989649478927 0.0021806425653205573 10.411909408459344 -0.022202137467233946 0.9997425731535492 -0.0046610877409995165 -0.06936539343405689 -0.0022836460708519513 0.004612175047508221 0.9999867562576512 0.08195895224214092
143 148 0.999658134772376 0.02612711542341695 -0.0012991031032657298 10.501086209226164 -0.02611589278568833 0.9996259661499433 0.008211028043148823 -0.05061823654696646 0.0015125198968725354 -0.008173640441797903 0.9999655506029371 0.14108251946722603
149 154 0.999745907379372 0.022397309372054645 0.0024893283694302657 10.544163679048767 -0.02238946819211605 0.9997442224789999 -0.0034496637665300854 -0.06390166140133609 -0.0025658093191189986 0.003392798288375165 0.9999909523428211 0.08804812776724488
155 160 0.9996843432384944 0.02458981357313105 0.00514716345735844 10.58080555826109 -0.0246018892268364 0.9996940127843639 0.0022687395556924947 -0.06000698905716119 -0.0050902736691023935 -0.0023946723794839382 0.9999842459443422 0.10673476815028579
161 166 0.9998461500851704 0.017524702937858957 0.0007555289348819714 10.644508910340557 -0.01752616457271093 0.999843103720541 0.0025350625876430772 -0.03807649560226052 -0.0007107148583202638 -0.0025479059813165498 0.9999965142722114 0.11904107790413027
167 172 0.9999766252952518 0.006258775382250852 0.0028777285066034167 10.704919277644363 -0.006260969088661809 0.9999793451064953 0.0009491428116334481 0.01836855191037655 -0.002872301242264641 -0.0009664887279135108 0.9999954252668346 0.11344405867888284
173 178 0.9999601409000595 0.00807935379130323 0.0036506942439939872 10.791148592792227 -0.008068475432969282 0.9999625987428057 -0.0031186281131663643 0.010260903415206555 -0.003676237507134191 0.0030896981388264027 0.9999884714470398 0.10179354705595378
179 184 0.9999402903247874 0.010930601212326684 -0.0002931450053448472 10.904832391833851 -0.010929289523657145 0.9999333504992516 0.0037504152839780516 0.0006641050483205109 0.0003340620321237642 -0.0037466152844800246 0.9999929270687302 0.10815792750423518
185 190 0.9999680517110944 0.004127138845912295 0.00687756878000555 10.983702642580162 -0.004122845970386918 0.9999908470067969 -0.000655776837039726 0.01936260535637629 -0.006880462791319058 0.0006277774233984204 0.9999761497754606 0.08444127359608064
191 196 0.9999955717133263 -0.002827034089660712 0.0004595669958645026 11.075243519706085 0.002826841970090222 0.9999962989585411 -0.00011858983137312904 0.051962543493973216 -0.00045944388161299883 0.00011984651721574304 0.9999998937260544 0.12874231961770713
197 202 0.9999983606437244 -7.147737905296102e-05 0.0020376856016540686 11.233304040892875 7.003802471399665e-05 1.000000454756125 0.00014230232800095696 0.04301657088288666 -0.002037385914483211 -0.0001416229044566847 0.9999978430619165 0.11195171054474244
203 208 0.9999580749088915 0.006911316715260732 0.005907238802035987 11.344775438032705 -0.006939808943726072 0.9999652039197319 0.004635853586572982 0.029007776502065284 -0.005874398323306688 -0.004676587677599468 0.9999717378199027 0.1112342653543298
209 214 0.9999980816195791 0.0008589864854179273 -0.0016618423561350847 11.367782685014042 -0.0008626009398755537 0.9999973271624114 -0.002187244658124104 0.03095501296672324 0.001659858446508099 0.002189197743892204 0.9999962314078521 0.16914222238110097
215 220 0.9999992467281049 0.0007199337565664403 0.0008546435446942865 11.288552937890453 -0.0007189191510155272 1.0000000989226194 -0.0008422680094744476 0.04296790351871459 -0.0008551315753041345 0.0008408803700546887 0.9999992407311937 0.10751309623070726
221 226 0.9999943173596937 -0.0023217390899952996 0.0025384455862266114 11.25472893565737 0.002335340693457199 0.9999831907063381 -0.005262414615573723 0.026734919075864446 -0.0025268325949415558 0.005269118157972363 0.9999829187720539 0.13042132055924757
227 232 0.9999974951942504 0.0018436668458337785 0.0009491990208221708 11.217444396493898 -0.001843996954840251 0.9999984461554373 0.0005884588659008874 0.02599621012811115 -0.0009486805105202474 -0.0005898947002111951 0.9999993670632286 0.1383861411761175
233 238 0.9999981253653849 0.0008108146446524698 0.0011330945831421976 11.259619725533309 -0.0008095426315558434 0.9999993122037415 -0.0002519282352411305 0.031031969223344495 -0.0011336180069798846 0.00025144357844865146 0.9999993325344747 0.15620284891866476
239 244 0.9999964777756079 0.0022698599482383324 0.0009051242589160837 11.279169641954699 -0.002270121657191495 0.999997554950863 0.00027893887734931495 0.034177999874607644 -0.0009040118802539133 -0.0002802637825728974 0.9999995460849527 0.1418273170710253
245 250 0.9999957160654508 0.002428107811213756 0.001681072302479764 11.26979115684104 -0.002420327981797867 0.9999876113200399 -0.004376889761078646 0.021857455775419386 -0.0016917089287179098 0.004372840648924346 0.9999889396135968 0.13350618595992586
251 256 0.9999964993466285 0.002228196878612966 0.0011147196742563338 11.284725216274769 -0.00222408494917779 0.9999934969157316 -0.003154040168141253 0.027010791587383263 -0.0011211072996745771 0.003151416984302525 0.9999943170972971 0.13897167763845436
257 262 0.9999669012173499 -0.007866710170225295 0.0021611863589433306 11.20902525204839 0.007876078343223207 0.9999599539000673 -0.0042953427962112095 0.06295537650850658 -0.0021266214241446937 0.004312291319475137 0.9999883361082282 0.135941324698213
263 268 0.9999950568046145 -0.002862244965975784 -0.0012541393841877125 11.196226962829122 0.002868222650252855 0.9999831850622698 0.004875721374049898 0.06444137485012864 0.0012402888997911092 -0.0048794811513568175 0.999987356679868 0.1561894446142572
269 274 0.9999928250962824 0.001966475150776853 0.0032465654317273 11.168243347679967 -0.0019809842152097297 0.9999883720756875 0.004347393692017794 0.04443931240748118 -0.0032380186081709074 -0.004353356434191337 0.9999853193710285 0.12793021185956363
275 280 0.9999857080390949 0.004742369915025244 0.0023692581217600087 11.171165623830946 -0.004742003536360862 0.9999890312207642 -0.00019095669565163836 0.009063092005493956 -0.002370366190873572 0.00017984247165295838 0.9999971057056237 0.13417889179576845
281 286 0.9999925663799709 -0.0038654963974269524 0.0008319625634743134 11.128546522761885 0.0038706029700370063 0.9999759661828552 -0.00568169546273981 0.04497988330872504 -0.000809478543420018 0.00568453793091132 0.9999834365204537 0.14309829290736092
287 292 0.9999987314497153 -0.0011982003648766258 0.0009067355176704793 11.080508821990023 0.0011953733001540362 0.9999934262875028 0.003378523448918249 0.049098610368068556 -0.000910715054573221 -0.0033776714481069765 0.9999938766609294 0.14388989383486492
293 298 0.9999651362677578 0.00784054794031366 0.002655418033589785 11.160090752788062 -0.007851258129986112 0.9999622921559647 0.0037180294248795793 0.01401441119487026 -0.0026258964789616507 -0.0037389153406341526 0.9999895252682219 0.13188773262108516
299 304 1.0000002361923548 0.0006616788496467482 0.0009966838452502168 11.164259408687915 -0.0006568142552228331 0.9999861913144369 -0.005255283592122709 0.02498558737949087 -0.001000076442566257 0.005253842526912222 0.9999856983290384 0.1516877391978183
305 310 1.0000005555079297 0.0008666384309306559 -0.00011192540932559395 11.138493897645896 -0.0008667119422077931 0.9999988078316127 0.00017573665978877793 0.027496925298403266 0.00011234620248563983 -0.0001760102170099591 1.0000000311783892 0.14750517272681785
311 316 0.9999961153046737 -0.0011355617125248423 0.0023329674944887104 11.167706773356013 0.0011394049103066553 0.9999981124264864 -0.0014749161401555598 0.03908082446270306 -0.0023318843954892115 0.0014782659164596403 0.9999962382873099 0.13968606240228765
317 322 0.9999925270340496 0.0035709661688662084 0.0013629476142347295 11.165440578021473 -0.003570691150783727 0.9999935835215968 0.000966091489461833 0.02711065379892894 -0.0013594761532342372 -0.0009716230547376476 0.9999985555400646 0.14364362948191475
323 328 0.9999963018798999 0.0022108527479168787 0.0016756259498947126 11.199767131997948 -0.0022177974590296876 0.9999909362607801 0.0035135924540422763 0.02267121767293436 -0.0016676480968691241 -0.0035170904456235134 0.9999923738155468 0.1304801480539296
329 334 0.9999951562430529 -0.002829357338627175 0.0009691780481789113 11.171872205848642 0.002828616540945987 0.9999959544112412 -0.00011372213570954279 0.04802180448660065 -0.0009680197266310876 0.0001165672985883165 0.9999994804073937 0.15091420655080806
335 340 0.9999960278335462 -0.0017709912699680305 0.001994583978628788 11.218949489632914 0.0017751760175851129 0.9999961150430984 -0.002132616366879342 0.03791454090364208 -0.0019908969825648357 0.0021357512005855655 0.9999957377230821 0.1429131734064629
341 346 0.9999977433611698 -0.0006063613411680794 0.0021333833016024626 11.217000604761704 0.0006034091826746705 0.9999984668504655 0.0013761304641070782 0.04656881132938647 -0.0021338878297057764 -0.001374550132507076 0.9999967630120261 0.13537330628852162
347 352 0.9999932158194447 -0.003028107995990971 0.0020438684804442503 11.23636332516155 0.003029230297254107 0.9999953239065915 -9.99672410750446e-05 0.04619654760745074 -0.0020442153125815937 0.0001060896689928608 0.9999979021829554 0.1377863767485754
353 358 0.9999878398939643 -0.00446545333580135 0.002022819713830645 11.265589246729892 0.004464746444320305 0.9999905099933527 0.00023840759644920312 0.05867571490388946 -0.0020234620710924654 -0.0002295967584911002 0.9999979569352323 0.14289847875777537
359 364 0.9999873160451028 -0.004687674529720447 0.001734901611465209 11.260022302861042 0.004689810743377837 0.9999884867653662 -0.0013478084933106545 0.06688758946554263 -0.0017287548213278374 0.0013555225812259713 0.9999975369386067 0.13338961565744717
365 370 0.999996418822102 -0.0020639402281500837 0.0019009760640306059 11.290414866228675 0.0020665517155710822 0.9999972641307395 -0.001090165884428258 0.045619103955728685 -0.0018989439173608717 0.0010939177633153517 0.9999976189100085 0.14391363415781003
371 376 0.9999977458356829 -0.0014175207280920032 0.0016385123723344258 11.342912716132044 0.0014095899977363444 0.9999872803213014 0.004780541511589633 0.06202527979125322 -0.0016454138594566951 -0.004777844265735368 0.9999872858167531 0.1478715775420072
377 382 0.9999990873213537 0.0007085611688907554 0.0015202189189664269 11.360748286675543 -0.0007026389725528205 0.9999909106874609 -0.004248754636163141 0.03072104607830432 -0.0015231201575326295 0.00424781289540764 0.9999897595732862 0.1440180919485906
383 388 0.999997333832665 0.0024983779031580887 0.00022448802157624847 11.279858603415072 -0.0024990425017309623 0.9999975730284413 0.0003218102114848813 0.026133771579139004 -0.00022334674065325054 -0.0003217248783094138 0.9999998596706922 0.15586817995592872
389 394 0.9999976947410358 0.0009888314758049945 0.0018284701069551652 11.339452092121576 -0.0009889696398635846 0.999999621668802 4.1074714200695844e-05 0.04115668722807653 -0.001828308440701704 -4.317173685312781e-05 0.9999983281398325 0.13955915184753237
395 400 0.9999996650175981 -0.001407147909659046 0.0005615759623811837 11.427893747029227 0.0014079744512112504 0.9999989892379946 -0.0001771487618732128 0.04534485906314547 -0.0005614739447186642 0.0001777365924762968 0.9999999248740363 0.1505701173360891
401 406 0.999997165472838 -0.001710139653969749 0.0016568100526094239 11.370240882654754 0.0017065608967816819 0.9999962349371193 0.0020221584707355634 0.05003767830252946 -0.0016598455910579557 -0.0020199605266460123 0.999996549295138 0.14718821182783035
407 412 0.9999889619991995 -0.004599660724006025 0.0004419825611024908 11.387981849450037 0.004600760149926094 0.999989370312086 -0.0012404166845987462 0.05643010625606766 -0.0004364553649144238 0.001242200980867056 0.9999991551834676 0.15700271587461934
413 418 0.9999875943474333 -0.0045061464523236065 0.0019207090397943296 11.50598673861148 0.004508841112795456 0.9999885051576567 -0.0015614139704699284 0.05330922839660348 -0.0019140596836885219 0.001570052515059258 0.9999969883425635 0.15268108830670654
419 424 0.999996247932513 -0.002559942065424791 0.00012612883868017003 11.539097724277815 0.0025591639124807495 0.9999959709203269 0.0010608896471363748 0.049389656483259436 -0.00012861731263423697 -0.0010608790596964026 0.9999994138941852 0.16214940443744405
425 430 0.9999962228789079 -0.0027232137888557367 0.0008355821127402725 11.556250887263452 0.002722055655303243 0.9999952470927339 0.0009353038978694737 0.05096137913155239 -0.000838887492225839 -0.0009326858953645459 0.9999992892900126 0.15894831891399355
431 436 0.9999958982749166 -0.00031145896182132357 0.0029184883026282388 11.581193605488048 0.00031680537787697046 0.999998791841726 -0.0015524500487020879 0.039850722191876936 -0.0029183389850320866 0.001553734156599813 0.9999945344514105 0.14025547980985192
437 442 0.9999999908903933 0.0001816103981484477 -0.0010653091364054878 11.632764510949428 -0.0001795114941269879 0.9999983916238003 0.001739672811162774 0.048446522266670504 0.0010651564386850727 -0.001739482531556622 0.9999979535414996 0.16956370579511368
443 448 0.9999970933361543 -0.0014894760413570096 0.0016935416418103627 11.605366710622171 0.0014900402605479304 0.9999996649422309 -0.0007820103421776823 0.057333467256631465 -0.001692796712688344 0.0007850299834508883 0.999998276650201 0.1593104675627276
449 454 0.9999987279560014 -0.0011860232198297007 0.0011133589111930174 11.673257637391977 0.0011823418695968097 0.9999955278322904 0.0029595464033500803 0.04670098765212115 -0.0011165171690409482 -0.0029585458649006562 0.999994977346191 0.16006737574187124
455 460 0.9999974856056807 -0.0023752113984371413 0.00015306892145359953 11.704670701718891 0.0023762273730991872 0.9999940996591099 -0.002308509153888376 0.04863362837167308 -0.00014768224630432963 0.0023093196302410835 0.9999973269177848 0.16559850566818193
461 466 0.9999968693441936 -0.0021462371629741603 0.0012392339468636116 11.764092452820485 0.002149858750654588 0.999993132519759 -0.002906396660303735 0.06318627022759725 -0.0012325377827452238 0.0029086592457025183 0.9999949671996673 0.1522732187709453
467 472 0.9999954036380324 -0.0021357519337290394 0.002325246883273293 11.667822026020483 0.002128657204520457 0.9999946023171465 0.0025405502562748416 0.06407826894355086 -0.002331082454883396 -0.002534809712969631 0.9999940771162603 0.1471157986362951
473 478 0.9999917818228906 -0.003996629077507706 0.0010641307009699318 11.678938907996665 0.003995953568565714 0.9999915994876186 0.0005403494840506242 0.06703325219356138 -0.0010657894847223754 -0.000536705280910057 0.9999992036021138 0.16493085233425353
479 484 0.9999900168779214 -0.003950697671660013 0.0023287949807465364 11.731571735270085 0.003955321445021863 0.9999907434008957 -0.0017963368407844123 0.06249432976097147 -0.002321446012895245 0.0018060092963961074 0.999995728585736 0.15646172998461355
485 490 0.9999983858827428 -0.0015902182419789252 0.000431041045971844 11.82310145785766 0.0015885853408892645 0.9999958447521451 0.0025214837782480894 0.05756143879313375 -0.0004341741280836882 -0.002521042730843582 0.9999967171552521 0.16764093737171404
491 496 0.9999942235506166 0.001476470587834394 0.002989023860535534 11.701162227858136 -0.0014801218132894545 0.9999981061916939 0.0011132776159149167 0.028040373915358033 -0.0029879042329697984 -0.0011182992096309859 0.9999949182971768 0.16280838258166427
497 502 0.9999994189762191 -0.0003224988999964584 0.001376029304970726 11.736363788893806 0.00032298475235687695 0.9999992021320162 -0.0012929024531352408 0.0514729249531955 -0.0013756673603490552 0.0012938433463942482 0.9999981514674294 0.18420024111470892
503 508 0.9999973561756403 -0.0019628436154094492 0.00026900530921118135 11.699227483509242 0.0019634337576550096 0.9999976633432966 -0.001177076105985611 0.058426432796648255 -0.00026602717854812995 0.0011777030913011292 0.9999991982876906 0.17854510403614646
509 514 0.999996589636607 -0.0020041471052007166 0.001857706099889195 11.614920721706628 0.002011708985054766 0.999989981069559 -0.004212983239618818 0.057502783824253924 -0.0018494129637584174 0.004216871818578653 0.9999894349809728 0.1827748040150785
515 520 0.9999964201869458 -0.00227757080293543 -0.0017935215014408823 11.566100218931158 0.0022814448938323294 0.9999955911399039 0.0019872498949589095 0.0680301005175238 0.0017891922468288018 -0.001991284799737061 0.9999963568955584 0.18394207338671784
521 526 0.9999978181193612 -0.0018348164815041382 0.0008140203405098172 11.554454640540422 0.0018336598419913753 0.9999963488256421 0.0017749152111103774 0.06498308014352105 -0.0008168670240627955 -0.0017733113439957475 0.9999980324856057 0.17005813371345996
527 532 0.9999982935290082 -0.0013124649038781932 0.0010836805463321486 11.519418354583904 0.001311661439723922 0.9999973864828835 0.0017236627655313548 0.06388993572962727 -0.001086474360524727 -0.0017224890267021169 0.9999980468761379 0.17220173168236835
533 538 0.9999971778766858 0.001581683898036989 0.0016881754877909384 11.592149326827752 -0.0015856042029440745 0.9999958778890095 0.0022341540972802116 0.05108723741299443 -0.001684617986580027 -0.0022366439851006833 0.9999960817200644 0.17027345288315376
539 544 0.9999991917178539 -0.0005711996723709105 -0.0013647405792487223 11.610770103896696 0.0005596131723986174 0.9999668312790285 -0.008149947737018482 0.04473537322290594 0.0013695987058036034 0.008149691549767099 0.9999658119608366 0.17242269030640406
545 550 0.999999751748397 0.00016743014625600504 -0.00015619019803669632 11.454427144672518 -0.00016594132478366626 0.9999527176470778 0.00972536020205676 0.07046588230664351 0.00015786163451708736 -0.009724546795343177 0.9999526232238504 0.16241337144970383
551 556 0.9999985036574052 -0.001625188601891978 0.0006546553745148824 11.56619464387211 0.0016239041513372776 0.9999968657371809 0.001715677348892409 0.06808409302865058 -0.0006579491283753282 -0.0017138941204375353 0.9999983966980439 0.15955451086578673
557 562 0.9999815868808837 -0.005983053902140544 0.0005943719259033074 11.572890924629188 0.005984602786117096 0.9999796276478604 -0.0022308466478848767 0.07169486320686028 -0.0005804236374623302 0.0022346445932456436 0.9999972114315847 0.16462041277065712
563 568 0.9999909863087231 -0.003874856079717774 0.0017626675519668855 11.57039761577889 0.003868131020705678 0.9999850116018703 0.003941361153208949 0.07882786064926825 -0.0017786141661420745 -0.003935303792092302 0.9999906803523255 0.16621509379332977
569 574 0.999997544355017 -0.0023178769304688096 -0.0002268046031947047 11.521672304243824 0.0023177700170696714 0.9999956368212645 -0.0021530306698615454 0.047384108353764734 0.00023170100101911048 0.0021529641898100343 0.9999976541339083 0.17313872726116075
575 580 0.9999856053802534 0.005277268111052578 0.0007785275050264959 11.516249991281937 -0.0052815646531233175 0.9999689476342247 0.0058364651840546 0.046735020103652436 -0.0007483511762478676 -0.005840061271766386 0.9999827331429658 0.16184986259310238
581 586 0.999995964072214 0.002798257007709455 0.00023026198769524126 11.496649325148432 -0.0027983018735566224 0.9999938240113755 -0.002253744984683953 0.03694765408073112 -0.00023609501976682242 0.002252534080301038 0.9999973567351466 0.16708405915190214
587 592 0.9999972909387613 -0.00035038838510713415 -0.0023745713835819277 11.48098895815201 0.000342598512488746 0.9999933942585523 -0.003629237568731257 0.03459335198861322 0.0023761882232664748 0.003627753229588336 0.9999906072842024 0.17929587503709465
593 598 0.9999991715142569 0.0008394081131986273 0.0007066964260801533 11.399092512541984 -0.0008381089861415404 0.9999995612392817 -0.0006189739664122533 0.03432035421504484 -0.0007066991059725215 0.0006188275169472169 0.9999995384561947 0.15984072042962952
599 604 0.9999968674101355 0.0007851088623905693 0.002429335777728561 11.472845125314459 -0.0007948594347970149 0.9999932284218906 0.0035915390044854055 0.04020347132236991 -0.002426754728608523 -0.0035938132775663436 0.9999906033581402 0.15628556192609694
605 610 0.9999963070357739 -0.002708840608332292 0.0010275768274638469 11.472129503466887 0.0027110395138917683 0.9999929100344374 -0.002709954495940237 0.05024245901376002 -0.0010206777452108286 0.002712512468048392 0.9999957826813156 0.17662812910656037
611 616 0.9999886204956393 -0.00447142770585065 -0.0010600440528335082 11.615318677965453 0.004470443040675945 0.9999894495874522 -0.0006310752460172655 0.06950844458823816 0.0010635367328437335 0.0006263132347622085 0.9999992076370361 0.16334182434933095
617 622 0.9999867013689898 -0.004700672209827208 0.0017800032947240156 11.631531634098733 0.00470864127409777 0.9999818244778949 -0.0038092573837585253 0.053549956337069424 -0.00176201800459179 0.0038181062435959446 0.999991186813703 0.15740721678103076
623 628 0.999999032360819 0.00019910882530291038 0.0013913779270334095 11.666648025454352 -0.00020784875193991114 0.9999813648593746 0.006104969784353776 0.06010661321939129 -0.0013896897718567367 -0.006104647690494071 0.9999804388016534 0.16515203513541196
629 634 0.9999978212350987 0.0017838838474401786 -0.0008046852455115759 11.694048034859904 -0.0017819946658611469 0.9999942421444058 0.0028055261988966626 0.0471235775973433 0.0008094996968274044 -0.002804446420313231 0.9999958195107216 0.17639773279873272
635 640 0.999997398344688 0.002606844656606592 -0.0004096622695782036 11.702327673398349 -0.002606077834213993 0.9999927585797301 0.0026420785332728885 0.040058392631817444 0.0004168098936623347 -0.002640961631413464 0.9999963563025388 0.1666923447566061
641 646 0.9999984134136918 0.0015669136447440878 0.0008830632885791468 11.699658473249391 -0.0015684096793888054 0.9999980339413553 0.0011550107592641127 0.04130335485567458 -0.0008814920760322108 -0.0011570745362118288 0.9999989106654282 0.16050534626269805
647 652 0.9999965778351682 -0.0019714700079973132 0.0017809998916660966 11.761901171200078 0.0019780520087697767 0.9999911625832707 -0.003764640382459443 0.05078855030482481 -0.0017737679375480536 0.0037687437468153437 0.9999912830485284 0.15516278856078689
653 658 0.9999972041842269 -0.002653855407102689 0.00012979667230033034 11.79478015411029 0.002655083927436578 0.9999688131113099 -0.007466338548150383 0.054231422589980066 -0.00011017670010151282 0.007466898145082331 0.9999721449656538 0.15772553249712307
659 664 0.9999985210682786 0.0019573136565746697 8.417512279212049e-05 11.799176265173957 -0.0019570043059935803 0.9999896832298161 0.0041178737411854726 0.04799289288498063 -7.693620365697907e-05 -0.004118156378368835 0.9999916068773962 0.1570125359133178
665 670 0.9999946022261729 -0.0012924289526272477 0.002839712282089148 11.753258998408635 0.0013002584196541102 0.9999950126804322 -0.002996859856305251 0.048048827438587106 -0.0028364812479686648 0.003001207735464353 0.9999915982739512 0.1656702018008011
671 676 0.9999916103285269 -0.0030410802236606528 -0.0026253205541910936 11.758940859212988 0.0030727001989680897 0.999921766939507 0.012094964346110166 0.0992418378544784 0.002588431768536221 -0.012102817503021689 0.9999234013836077 0.1732995993599136
677 682 0.9999936225468369 -0.0035288072363857496 0.00042185666294130647 11.751839473136906 0.0035254795952001992 0.9999550222318596 0.008722561266151644 0.0942016703087279 -0.0004523780631764238 -0.008720558314574273 0.9999618820659314 0.16654558101385686
683 688 0.9999880589504582 -0.0047626448498310605 -5.7488466590324926e-05 11.744908414117637 0.004763143419756701 0.99994348492271 0.009482662805487681 0.11595687870478225 1.1673633598745305e-05 -0.009482788349385112 0.9999550687896324 0.1750405758617862
689 694 0.9999654392899762 -0.008223979770607223 0.0016195434055508771 11.770409842709624 0.008208478013244515 0.9999233832922026 0.009204314392875093 0.11586460517285355 -0.0016952515199042267 -0.009190815384399517 0.9999563146768978 0.15646373815349374
695 700 0.9999576768025309 -0.009218021597040726 0.0003543965850900077 11.77740923567461 0.009216268024715342 0.999952390283567 0.0033602808128107954 0.11326785368695419 -0.0003849845734566241 -0.0033570124489290163 0.9999942747827888 0.16294737223809339
701 706 0.9999538454962864 -0.009607455271797025 0.00011418332771709733 11.830045482026781 0.009606797874846754 0.9999500854345487 0.0028027750843309385 0.11360247380875226 -0.0001414504683316628 -0.002801975073813547 0.9999961298280062 0.16574763392913697
707 712 0.9999630712250128 -0.008407951800145644 0.0016365369446260354 11.780066296959431 0.008400448418035365 0.9999531289674278 0.004847060107548027 0.11521692745269486 -0.0016777963328936305 -0.00483316988716959 0.9999870467703091 0.1565573045228645
713 718 0.9998818404165588 -0.015344802722173506 0.0006551471980210343 11.875441286748293 0.015342174459465018 0.999880018407292 0.001971098136147029 0.13679938886462017 -0.0006860031773142527 -0.0019602793385392913 0.9999979592157202 0.16255932712526333
719 724 0.9998728483819709 -0.015897269695519835 0.0005379720123786083 11.813540415343418 0.01589776889721777 0.9998731983713426 -0.000642866869773703 0.1412010762785523 -0.0005273134677471261 0.000651028689737548 0.9999996450028784 0.1639430166216149
725 730 0.9998936697603727 -0.014540811526949549 -0.000595561537846374 11.870232445533217 0.014543491173119929 0.9998886109371962 0.0033132770903749075 0.13957273099669398 0.0005471151257616511 -0.0033223664907385373 0.9999943651104859 0.1582015509482975
731 736 0.9999088655630238 -0.01341511357625011 0.0016084880126324991 11.771157909582453 0.013417385518101106 0.999909482871574 -0.0011776158666105332 0.11562375591564993 -0.0015924159992156597 0.001198497851944462 0.9999979743534992 0.14993489418123404
737 742 0.9999440341652619 -0.010210605034303618 0.0024887378508564213 11.839929171352631 0.010208276438027354 0.9999484077064131 0.0008019960095771548 0.11534997261886655 -0.002496508848697943 -0.000776611800905035 0.9999964679805385 0.14887104321981914
743 748 0.9999494880156227 -0.01002004250228465 -0.00040443225009468827 11.880599309591663 0.010016157769417422 0.999922683464407 -0.007428890075547689 0.10520112221604364 0.0004787704821318422 0.007424454120082498 0.9999723260225303 0.1592301512722217
749 754 0.9999699653284356 -0.007746262510037153 -0.0002785964849961976 11.97927278642487 0.007746486135661617 0.999970339662412 -7.592149384368894e-05 0.10570842929316906 0.0002793426225671087 7.362695042420471e-05 0.999999942531704 0.16391829661830726
755 760 0.9999706456869265 -0.0075556887191915376 0.0008156397206261925 11.96939504062944 0.007559240643583208 0.9999608197457074 -0.004704785358984189 0.09694887863975063 -0.0007803329926514317 0.004711146910520376 0.9999885651737923 0.1795916053789357
761 766 0.9999670200562768 -0.007971758359072044 0.001283893273738271 11.928396921654377 0.007973608515545304 0.9999673677404878 -0.0013554484761348316 0.09806000229470249 -0.0012732714734354413 0.00136511216595217 0.9999982897608485 0.16314783052051135
767 772 0.9999688824241099 -0.007839297252439531 0.0009799821910066876 11.893644040694726 0.007846382322975534 0.9999353221471223 -0.00817312060416883 0.09300675266669307 -0.0009158540683285146 0.008180416448374745 0.9999661231663237 0.17145393794532285
773 778 0.9999989950865207 -3.4691091360065425e-05 0.0008804483752532446 11.836670550380624 3.654478256966061e-05 0.9999956205085906 -0.002859836120167178 0.04199410960819093 -0.0008804435530317738 0.0028596593936895897 0.999995574601132 0.16117705837350887
779 784 0.9999777122134248 0.006452919970930214 0.0015633152193441735 11.800762269696385 -0.006440993739570372 0.9999549627958321 -0.007022047955018676 0.009235319730088227 -0.0016078290099523949 0.007012675113729498 0.9999740574068463 0.1544752358428424
785 790 0.9999947563312896 0.0033978997332327642 7.684489013802131e-05 11.801947485766341 -0.0033981950247007897 0.9999667387127376 -0.007431628529056372 0.028406053050655397 -0.00010223821901653042 0.007430840360053171 0.9999723639857868 0.1645834171624439
791 796 0.9999907820881634 0.004529004260661954 -0.0004960512835645926 11.77990584241234 -0.004530529541706821 0.9999886214361376 -0.0016957731022379664 0.014543310488404456 0.000488785237654595 0.0016974861519630548 0.9999984126776111 0.16959042809794084
797 802 0.9999715621231638 0.006808016928489046 0.0031339086118222083 11.84184450866697 -0.006810008043668976 0.9999763263452598 0.0007622154499875471 0.013806414337844077 -0.003128550661750773 -0.0007832566395854224 0.9999948119709736 0.1478912167812186
803 808 0.9999680654469563 0.0076784555234234355 0.002207833613585836 11.847259608938598 -0.007669154456826623 0.9999615457613421 -0.004242972877206491 0.013801845453089228 -0.002240312660199616 0.0042254770043034665 0.9999885705403859 0.14567594614922597
809 814 0.9999549335736958 0.009264925415371371 -0.0019054398040425449 11.747453975281788 -0.009263914940768458 0.9999571036280198 0.0006911647952847488 0.003952056739760939 0.0019116233046658872 -0.0006737041258961407 0.9999979946798476 0.18142522296649208
815 820 0.999975822510918 0.006885700776949536 0.0005933327650252397 11.81814874120278 -0.006883986355038347 0.9999740687831321 -0.0022870209301914675 0.0022942116965485935 -0.0006090284077370434 0.0022829807397443417 0.9999971370303955 0.17186592874623324
821 826 0.9999848132337302 0.0054397233261461566 0.0009222573336989749 11.792284244620234 -0.005440011160128673 0.9999853756031178 0.0005623998756343539 0.012028299833646366 -0.0009192542886571418 -0.0005682515183228564 0.9999994126387286 0.1657759341842791
827 832 0.9999848398223934 0.005431299632237226 -0.0004059361482784218 11.738540296344544 -0.005432844199930811 0.9999599442711045 -0.007053460366993918 0.002402432278246542 0.0003678463788733196 0.0070563713521451235 0.9999749734423968 0.1624783859373773
833 838 0.9999527049533885 0.008887710334508296 0.003971098961214447 11.785453105194179 -0.008902891744803573 0.9999533541641258 0.003930274669193565 0.01769661689436291 -0.003935405993209197 -0.0039661246322677795 0.9999843978406481 0.14512693622496786
839 844 0.9999384394019987 0.0106309642534019 -0.003249749976981648 11.62690332542534 -0.010640388989872369 0.999939491516108 -0.002914099977291278 -0.01888122829219584 0.0032188060506451238 0.0029482649325136105 0.9999904925816435 0.18057538133595727
845 850 0.9998980216677207 0.013999584208752 0.00299169176457963 11.64183980101289 -0.013996760456769678 0.9999019540244339 -0.0007918715793955861 -0.02440231278284062 -0.003002670249178158 0.0007500676022561305 0.9999952726418007 0.1548611675120495
851 856 0.999929065129607 0.01191698779947943 7.894089716297775e-05 11.676869930502928 -0.011917007893045905 0.9999286181048817 0.00047912827221503713 -0.01848551662864022 -7.329203443339152e-05 -0.00048015417457273566 0.9999998825945957 0.16741497765419738
857 862 0.9999419300050427 0.010601427659829356 -0.0017029383755827233 11.681147252927023 -0.010606378480006217 0.9999390757238878 -0.002858407221017401 -0.012681842759141573 0.0016727215131905507 0.002876372048012481 0.9999944084234006 0.15986720050231454
863 868 0.9999669371981491 0.007376174519925374 0.0034260742009402014 11.687572121957974 -0.007382311836135694 0.9999707471787425 0.0019007809470265467 0.01392018726351231 -0.0034122575072370602 -0.0019262331081149136 0.9999923034799808 0.1443262759879804
869 874 0.9999488516133962 0.009984548881178666 -0.0016731593993251298 11.694250772527122 -0.00997850991803163 0.999942369700493 0.003926406146574205 0.014033939432061483 0.0017117128954926536 -0.003909386084206485 0.999990955595841 0.1867327616278709
875 880 0.9998873303252238 0.014799275229454597 -0.00244813708913957 11.7193488586189 -0.01478276923892986 0.9998705665174704 0.0063855528216305146 -0.00885178659678436 0.002542881269626947 -0.006348875735000788 0.9999765778442369 0.18624276237335166
881 886 0.9998294763382132 0.018235808920238558 0.002800566366914534 11.734381171827888 -0.01823507239119118 0.9998335474004609 -0.0004049631341310128 -0.0116618496634026 -0.002807520342289492 0.0003539805224596951 0.9999960912154567 0.16361115680113067
887 892 0.9998581532194478 0.016808543080521827 -0.00032101002071637793 11.600413662739864 -0.016805271208325825 0.9998199837665958 0.008750608080190276 -0.008932787098243524 0.00046738458529908675 -0.008744040579374111 0.9999616555750972 0.16749892712692305
893 898 0.9999785393246855 0.006242481048343547 -0.0020656511118620456 11.581695544701827 -0.006247432500491601 0.9999761621847231 -0.0026750746043524547 0.019122277059305623 0.0020492785880383206 0.0026883697424513885 0.9999942015372308 0.17152802269451045
899 904 0.999989181140001 0.004572471813833966 0.00029436282188607704 11.603209677935078 -0.004574410286509295 0.9999678806739838 0.006639496413888895 0.05562824214775719 -0.00026348052479905915 -0.006640473512335453 0.999977907418569 0.15877937556451693
905 910 0.9999973055812605 0.00233129186604024 -7.603960939533969e-05 11.607594253867864 -0.002331646955257378 0.9999857964974425 -0.004775493317119393 0.05295954955251967 6.48601398796864e-05 0.004775934255536466 0.9999885712810388 0.16464850526104713
911 916 0.9999964411028733 0.00037834097961392374 -0.0026435433820527917 11.730450480948317 -0.0003575175588840433 0.9999677086743448 0.008041234035821495 0.0780285987352623 0.002646854944097936 -0.00804038203371671 0.9999642018425374 0.1804861615243467
917 922 0.9999912972079421 -0.004060830389787981 0.0006198783969142394 11.506396029844247 0.004057527408305962 0.9999722743515607 0.006279195990853001 0.07370162757959682 -0.0006455031454494205 -0.006277189569572141 0.9999800341082091 0.15891108251918454
923 928 0.9999980531466832 -0.0008822676561593607 0.0016639470524702753 11.494051321134087 0.0008619726369667687 0.9999302791737001 0.011790529531764961 0.09629706676417675 -0.001673848014496674 -0.011789066860384388 0.9999290615102842 0.15730934006348393
929 934 0.9999954372060331 0.002245481130205267 -0.0022140261842788604 11.432990088489126 -0.0022334285054296126 0.9999821930977085 0.005641874205324872 0.07358599124986373 0.002226419590833964 -0.005636904276877251 0.999981603046936 0.1629956509800225
935 940 0.9999982972664848 -0.0017095094996195717 -0.0003209668840878465 11.291963056512232 0.0017102144851098581 0.9999974573695749 0.00094605318017957 0.06631489959818537 0.00031947020088298183 -0.0009470743598996352 0.9999994839350339 0.16734820364687658
941 946 0.9999973792211085 -0.002433523696075971 7.004754257554099e-05 11.336050356104092 0.0024328215250387975 0.9999834017147136 0.005259272780240825 0.0905424493366409 -8.268788978772195e-05 -0.0052589683200770015 0.9999861274321316 0.1482369298912277
947 952 0.9999926112114695 -0.003708390846072382 0.00039993137325640155 11.172961673921954 0.003708885246018682 0.9999889975140359 -0.0028264505883473508 0.08243411160178109 -0.0003889174762481431 0.0028278465451363087 0.9999958473326178 0.176785406906226
953 958 0.9999967952359916 -0.002634291247739535 -0.0007634811036606744 11.15723998874383 0.002635038735937083 0.9999972721392121 -0.000184233260817482 0.0714912950718238 0.0007631020308945107 0.00018246408696480842 0.9999998219435302 0.16431228734007025
959 964 0.9999971736410794 -0.002132923018419964 0.0002801528467491646 11.083000680197474 0.0021329976077710745 0.9999967099521995 -0.000625320182260505 0.0640220670670299 -0.0002784168719198211 0.0006259334953981793 0.9999997978336768 0.15058495637720812
