1 101 0.991294361702496 0.13083413004409872 -0.014786350135679843 5.1218415042769525 -0.13027217676974376 0.9908907504418687 0.034127810675014 -0.07708127738020125 0.019116746275867912 -0.031905065140391875 0.9993081608022718 0.04509630261695906
1 106 0.9436707520662414 0.33012576826376105 -0.02241241193696939 7.259867593336303 -0.3293750016971188 0.9436711071201298 0.031584823259135655 -0.6996857060300804 0.03157734353081345 -0.022424485158319518 0.9992498302956009 0.10214245201383687
1 111 0.829766537560811 0.5581098675114738 0.0014999613462645873 9.521582297352046 -0.5579088324585839 0.8293902351752432 0.02914810582933991 -1.9428459355322834 0.015024205991244434 -0.025023313411887984 0.9995740287157202 0.1905455503116617
327 2642 -0.11482141828431008 0.9933847722711392 -0.0018828277378473814 2.504329000125578 -0.9933234183113572 -0.11479225218112554 0.011353891216684306 9.73508653403955 0.011064094583828074 0.0031725885849548242 0.9999337613491354 -0.266562819044953
324 2647 -0.21950408387164239 0.9755470868960793 -0.011283472840817838 5.966782698569974 -0.9754513728331926 -0.21924423139025018 0.020586220593079657 7.9012739910797976 0.017609501673322845 0.015524276520115197 0.9997243754651064 -0.15006020182682767
334 2652 -0.3617752731470953 0.9312479496250382 -0.04354406120667971 -7.466286468981098 -0.9322426173136132 -0.36169485789144507 0.009985820518680622 6.137077199432225 -0.0064500684662749325 0.04420565495612369 0.9990015457946038 -0.19914942370630734
334 2657 -0.5391733073946051 0.8411021740940428 -0.04289992519750338 -8.297808282916108 -0.8420429393893616 -0.539341868445787 0.008521707677826874 4.740174945063291 -0.015969168665928343 0.040717439744007 0.999042977504584 -0.1618661405271685
333 2662 -0.7222414018132723 0.6913446939555543 -0.02026369943994646 -8.445934513588739 -0.691120759369907 -0.7202503998514034 0.05992694964194362 3.612729647919906 0.026837133036881726 0.05728531008891647 0.9979970162986497 -0.19258403679716446
318 2667 -0.8854914805243089 0.4643000761061354 -0.018185361540250633 9.316618191281325 -0.4646277493888155 -0.885184764268752 0.02384919713177139 2.5435315871415667 -0.005022110801576323 0.029567505727563143 0.9995501956758371 0.05051093562043262
316 2672 -0.9734099207518695 0.22825532146301106 -0.019338169640616437 9.658683303777764 -0.22879315897758304 -0.9729196656293604 0.03287347065391751 1.8888266237673803 -0.0113090198478489 0.036423355646517865 0.9992723714514358 0.07493276701352204
314 2677 -0.998008624644428 0.061465529045917455 -0.014187863352742535 9.632170763600769 -0.06190351298248469 -0.9975420866978744 0.03284604858920896 1.6355176519784664 -0.012132129930420609 0.03365898616058969 0.9993596918955958 0.06993318006495992
326 2682 -0.9999208147659286 -0.002133872732148122 -0.012353053974297165 -9.447009707597456 0.0015381007439870707 -0.9988439755130271 0.0480497223806012 1.5425571447613888 -0.012438945875568068 0.04802624367809145 0.9987685648892819 -0.136677230687396
309 2687 -0.999783123981238 -0.009492088892710488 -0.018521987156027764 9.594681855857269 0.008815424108239826 -0.9993034509073865 0.036258075896165705 1.6336071658473494 -0.018851990319818785 0.03608617628645575 0.9991707939564874 0.08839935025975106
306 2692 -0.9996586329460007 -0.019170720847157402 -0.017746179069356913 9.707831644522312 0.018346784199511083 -0.9987978674351278 0.04545581068039672 1.69926581767599 -0.01859469167556232 0.045114687916434006 0.9988088054707162 0.05107459501366904
303 2697 -0.999972187014681 0.003960897373189241 -0.00620026554746285 9.574064037401351 -0.004254540365794287 -0.9988283138491628 0.0482062306145791 1.7276277627423853 -0.006000049638346415 0.048231356961152945 0.9988182330177453 0.0074162958666353
314 2702 -0.9992397665918725 0.03238509686916766 -0.021701717678307447 -9.35090592857285 -0.03334526129239079 -0.998409351926589 0.04546384347373013 1.5488300418131689 -0.020193133170446975 0.046152850250788954 0.9987302776249236 -0.10367383830880553
311 2707 -0.9988007462998372 0.041017675830719164 -0.026761851951273757 -9.914010410978543 -0.04195203842165487 -0.9984950112360819 0.03531406045769168 1.3341325790431822 -0.02527134486204033 0.0363946987431826 0.999017902307362 -0.1623384214763244
307 2712 -0.9994173738322587 0.030599366259258697 -0.015133081521796697 -9.223308290098092 -0.030951083493634155 -0.9992422668193308 0.023623591167241092 1.144026513602344 -0.01439721670740339 0.024078189238814905 0.9996063825352393 -0.1194762415038072
303 2717 -0.9997684081348718 0.016879419956278945 -0.013294723668102344 -8.923563008001839 -0.01701654965942635 -0.999802909155949 0.010202700406168039 1.004898744521467 -0.013117540268204015 0.010426551923603856 0.9998596153778117 -0.043264754534926335
285 2722 -0.9995750538687335 0.026124722058426236 -0.012982236693345245 8.862820887786558 -0.026370940576508163 -0.999467519373137 0.019203992100776477 0.9889226493154339 -0.012472171922285525 0.019537032012911446 0.9997312937516241 0.053907021398351115
295 2727 -0.9993423241655928 0.030727341482204594 -0.01923827521891868 -8.7543191378693 -0.03084343827552559 -0.9995082305425808 0.005758903633694956 0.7299752954546229 -0.019050847215513707 0.006347303299944538 0.9997983609693054 -0.09327684948701367
276 2732 -0.9987075210143591 0.04430947193799344 -0.024914789413895588 9.807656833362529 -0.044154855043420746 -0.9990019438291913 -0.006713411756017033 0.5310123753661768 -0.02518519357114995 -0.005604614232845024 0.9996669997867079 0.16800803116871343
287 2737 -0.9986764987422445 0.045437212422835695 -0.024075680131935336 -9.75446375149008 -0.04545932803804319 -0.9989659037675812 0.00036963625692259784 0.17912481696924656 -0.02403262019588144 0.001463220664376263 0.9997100498780294 -0.12129691404159847
267 2742 -0.9993429538028205 0.03211098227899856 -0.01680818286167536 9.642278640738287 -0.03193100122903295 -0.9994318449170708 -0.010868293988756581 5.5076400269080805e-05 -0.017145867867694658 -0.010324910397647193 0.9997996761465928 0.11388924005342832
278 2747 -0.999737429876331 0.011993320113457669 -0.01952298200988533 -9.753847487430942 -0.01181451284384735 -0.9998866669210573 -0.00924708408945457 -0.22665947492969374 -0.01963054485642312 -0.009014757894689364 0.999766655726358 -0.06628450528810512
258 2752 -0.9998444840862954 -0.010103899855653646 -0.0144622868944186 9.374618668403157 0.010153573875449013 -0.999943246972775 -0.0033456367422826138 -0.1361364598858906 -0.014426108848554569 -0.0034920900464102526 0.9998898612965137 0.06506930381180938
269 2757 -0.9997617505628759 -0.009665335171312593 -0.019573557060662702 -9.739444670386147 0.009807268905050577 -0.9999262753875559 -0.007190689301203733 -0.18774585590412202 -0.019500634098493595 -0.007381808475917408 0.9997825471904771 -0.05341519131472481
248 2762 -0.999631496888052 -0.012193309313747713 -0.0242610175183525 9.752139716157433 0.012408949044169709 -0.9998837691638546 -0.00875942026736908 -0.04180948498363658 -0.024150026795402874 -0.00905772320874514 0.9996672313375993 0.13615716848276474
243 2767 -0.9997315779055275 -0.0048092123500890925 -0.022691438318213186 9.927418113203474 0.005088132772552812 -0.9999114369146623 -0.012263019064688394 0.016526003499980027 -0.022628361549208133 -0.012375620738622932 0.9996673906094214 0.1091607093200112
238 2772 -0.9998323104017502 -0.0011937348051126431 -0.01824595384764584 10.062442992143582 0.0013777964131560891 -0.9999481586818284 -0.010069054312959451 0.06545129061068806 -0.01823158519397904 -0.010093770534144775 0.9997827995176128 0.09051944644255742
233 2777 -0.9997840649111427 0.0010200079145111399 -0.020770209179718377 9.731293540936525 -0.000940687699580497 -0.9999925186156048 -0.0037843706281449527 0.08502029556549044 -0.020772175530801455 -0.0037649321639206946 0.9997771774582705 0.12242595052375659
228 2782 -0.9994964641405447 -0.0014831224158013989 -0.03169730655844191 9.327455504779152 0.0014080080732053397 -0.9999964609646639 0.0024181522260492737 0.11590282588254093 -0.031698242004356315 0.002371988794045278 0.999494684901334 0.14552707496974923
223 2787 -0.9997924898383233 -0.008689891631365168 -0.01839231727273055 9.4622600353369 0.008885154401298917 -0.9999043461743465 -0.010564420790808207 0.1266252774514232 -0.018297155338965945 -0.010726315308290473 0.9997749535951292 0.09254922265118017
234 2792 -0.9996936555713607 -0.012707595526729714 -0.02125901593867863 -9.26340618623379 0.012985755532229566 -0.9998306353877838 -0.013025709290494122 0.08115717268933588 -0.021088391648238242 -0.01329835726704902 0.999689272770697 -0.09567187299783293
212 2797 -0.9997748463851305 0.0008435969728653166 -0.02120377654380789 9.554940828926696 -0.0008475931718917012 -0.999999988969262 0.00017654628480480268 0.17766904780570605 -0.021202295645431874 0.00019447936537072175 0.999775284249074 0.12619461508179225
224 2802 -0.9997453342541389 -0.005829864112909984 -0.021811550101028438 -9.72027071758454 0.006041887656184212 -0.9999348217925568 -0.009638286235168386 0.08258416865486141 -0.021751505644402588 -0.009768026412115133 0.9997156362895949 -0.08464549705624719
201 2807 -0.9997672321581634 -0.0006625124502265428 -0.021533138894737507 9.480281021451592 0.0009623427817427387 -0.999903767660357 -0.013879991199046586 0.1881576887575284 -0.02151949973856175 -0.013898152268884413 0.9996717817553782 0.12692198806709656
213 2812 -0.99966374629202 -0.005805180465622099 -0.025264483374057425 -9.436506269773975 0.0060101368845225465 -0.9999490601990069 -0.008059361608734893 0.11400794794117951 -0.025214268291708274 -0.008209186416009335 0.9996483713243837 -0.11455687568915106
190 2817 -0.999593413102404 0.0033583104827340157 -0.02833123827807293 9.290164009706805 -0.00327079355134074 -0.9999893958326109 -0.003137334438663221 0.21718123439401255 -0.028339337613120286 -0.003044534159017124 0.999593751892702 0.13238741099187484
202 2822 -0.9996855074739608 -0.0026084998334688857 -0.02493930704164564 -9.573195854257323 0.0026983772697927017 -0.9999899831323198 -0.0035870525753100325 0.11183769265997376 -0.0249280049570501 -0.0036540881277472626 0.9996824953369341 -0.11498523227333586
178 2827 -0.9996089883586607 0.005495018990586423 -0.027429344762091763 9.440569065406212 -0.005219232992034898 -0.9999350391402938 -0.010074574641903835 0.11800687796855942 -0.02748120304485693 -0.00992818269684456 0.9995730846030989 0.13488154484639683
172 2832 -0.9997234969819534 0.008912605638010936 -0.021792377150466755 9.688596564798477 -0.008825325741786598 -0.9999528819932844 -0.004082269370092873 0.11419929784451578 -0.021825853811274047 -0.0038888203235132356 0.9997542351550583 0.09504410979235892
167 2837 -0.9996927110664636 0.003668628374611111 -0.024530313576480008 9.069886115649881 -0.003398254115854344 -0.9999340755917416 -0.011040633303243055 0.08241182844427428 -0.02456712069365251 -0.010954054755730074 0.9996381369629536 0.12013026582320037
161 2842 -0.9998529156689039 0.00047284210509552875 -0.01710937474521526 9.522103690533747 -0.0005096321984220542 -0.9999976320647129 0.0021547232556040985 0.22217379292743625 -0.01710690840332946 0.0021622574415962464 0.9998512023176759 0.07048245943303762
175 2847 -0.9982876803499057 -0.04816262325321148 -0.033200760603571924 -9.78994692175218 0.04857770194452986 -0.9987492469855528 -0.011793729421394061 0.18460651708922599 -0.03258937325398746 -0.013386915148002162 0.9993791433178404 -0.12225512273592044
150 2852 -0.9998122690428564 -0.007169717376646617 -0.018013379938743808 9.921129667048632 0.007246011978858623 -0.9999653060722756 -0.004169781583273034 0.6874008948879204 -0.017981086801675476 -0.004299496862691615 0.9998289622099901 0.09150498947348634
145 2857 -0.9995351977414572 0.015262401443933973 -0.026397165824326878 9.806716628045866 -0.015011887770047957 -0.9998405841728668 -0.009653487839286738 0.8661386497261991 -0.02653845133398642 -0.009253438966279545 0.9996049314875285 0.1168977945792091
140 2862 -0.9990732086256214 0.036431668102888275 -0.022917798005729996 9.64013916210751 -0.03620956914496536 -0.9992939349316455 -0.010058595921779781 0.8071249952405315 -0.023265769089937247 -0.009219419430055088 0.999686756774226 0.07458503062790005
154 2867 -0.9995842612090736 0.0031096499470518626 -0.02867287367016933 -9.28079559477333 -0.0045785280631138025 -0.9986730004024615 0.05129071283754716 0.743165065511227 -0.02847300649444853 0.051400338915697 0.9982721272098305 -0.15330498562061387
150 2872 -0.9990804399714849 0.030046485243687242 -0.03057748780019188 -9.996251400474435 -0.03139488895580455 -0.9985098869773052 0.044639138609649374 0.48340435402132487 -0.02918909400616075 0.045557734755659926 0.9985351129900522 -0.10589713625429341
123 2877 -0.9288142656263549 -0.37039829008774283 -0.010448051428483563 9.461829485348009 0.37051565485503263 -0.928726369927973 -0.013647811406885502 -2.5661653394260155 -0.004646494122082761 -0.016547628281049706 0.9998522945404927 -0.07590164857193726
142 2882 -0.9976670069585817 0.06161281252297596 -0.02937516652591651 -10.143963912658354 -0.06252254097244526 -0.997557891555099 0.031131067352147216 -0.20056167918174267 -0.02738470651507827 0.03289414501951251 0.9990835768187958 -0.052676471141682335
111 2887 -0.5009692477597666 -0.8653884938896734 0.011512394872826076 8.820722462967115 0.8649735010154431 -0.5001928449300711 0.04034771687790203 -4.393713524100826 -0.029157296002227096 0.03017149696066073 0.9991193475542218 0.07887971746797014
107 2892 -0.2656239013476229 -0.9634074755302009 0.03592817583329973 9.076465743920165 0.9635321812379097 -0.2640391146157422 0.04344473672962339 -3.9495913187117297 -0.032367182398984395 0.04615903160266991 0.9984095942394254 -0.06079523710730748
134 2897 -0.9940499298394591 -0.10821555291976825 -0.012433877998818432 -10.064360952306759 0.10838995069833907 -0.9940046221097518 -0.014380350237139164 0.15404433856491284 -0.010801362198069974 -0.015642233730055757 0.9998194447517011 -0.04106040894827956
104 2902 0.04904412208559468 -0.9981197103273968 0.03679397073806541 9.739390403998195 0.9987586982256376 0.04932574621156597 0.0067944056318238275 -1.586005202976716 -0.008595316943044384 0.03641578325435473 0.9992997149893502 -0.13583197178178905
105 2907 0.18227519434360928 -0.9829714752943634 0.023349434743733206 9.56949200640361 0.9832226348015078 0.18238723149971534 0.002754266544139198 0.6586342892084444 -0.00696516343955174 0.022455885363797893 0.9997235391430593 -0.1449021763450964
107 2912 0.3415992223549374 -0.939846154775566 0.0008541023008550785 9.075498181299174 0.9397233026457005 0.34156835041026057 0.015768259792617614 3.555576236431726 -0.01511110979076786 -0.004582507730464958 0.9998753497060899 -0.09908002857156616
112 2917 0.3793180223307813 -0.9249077566353459 -0.02576610363433837 6.01771601656564 0.9251404404953617 0.37866118369263574 0.026985274790984348 7.908775767734005 -0.015201460394842435 -0.034072392875951825 0.9993038205183471 0.05862189098899277
2178 3009 -0.24705222118884018 -0.9687831745172782 -0.020645191182747862 -3.9476028916000097 0.9689928706292606 -0.24690325867243088 -0.009564208390180757 -8.817070441045967 0.004169578510657464 -0.022367679072951036 0.9997410861880269 -0.13329340788757044
2185 3014 -0.06971799528758582 -0.9975014455808896 -0.011423845633761275 -9.650893079769814 0.9974019159004891 -0.06991043172688004 0.0173358915943446 -1.2912628959593797 -0.01809038895410309 -0.010185144900182097 0.9997845469216442 0.05222855995314799
2182 3019 -0.15270518275829661 -0.9882721071942011 -0.001200209623680023 -8.517562657832618 0.9879850202835025 -0.15269175171994598 0.02385636902730868 4.306982573240689 -0.02375959558574713 0.0024572270528531366 0.9997147054608755 -0.03620271228789601
2137 3024 -0.9998550739476092 0.011403203540399092 -0.012641382504046457 9.741976769956612 -0.011843373045370132 -0.99930538867642 0.03531470618799745 1.6103870006400847 -0.012228508593237155 0.03545935536094797 0.999296380352159 0.08014379550363036
2154 3029 -0.9960179329760415 -0.08141988903669983 -0.03632764303352419 -9.641920162718202 0.08024132590198531 -0.9962367205654783 0.032793616433542006 2.2263550786785724 -0.0388592571866153 0.029747531882351245 0.9988017524970744 -0.19903870223433537
2125 3034 -0.9996443955101754 -0.009617846203565612 -0.02485557229567473 9.548672534719419 0.008694336258167202 -0.9992780523529201 0.03698605259708982 1.4731655595792084 -0.025191339600285797 0.036756149805893874 0.9990065619688826 0.09804601732056345
2137 3039 -0.9994172944590021 -0.00987563354426061 -0.032675029035503025 -9.578764315404431 0.008652387968345936 -0.9992634844847749 0.03738304042413758 1.431611947619804 -0.03301847071226756 0.03707779846964203 0.9987666975540729 -0.18952149457088355
2113 3044 -0.9993115753153694 -0.00526032107561291 -0.036703503880975624 9.760315367677588 0.0038179088874719836 -0.9992216904064253 0.03926510987292091 1.8501334144595094 -0.03688013506609253 0.0390971036911299 0.9985546900639145 0.15440710558835002
2124 3049 -0.9989513613891724 -0.037913791999967444 -0.025686304888888196 -9.026302434428379 0.03651163711459935 -0.99792657422728 0.05298749001674198 1.8846139227337626 -0.02764029392330811 0.05199435173857182 0.9982647701210345 -0.14828907152178067
2118 3054 -0.9989426346883261 -0.038087217066855764 -0.025747866875022583 -9.113609594536708 0.03646521281393244 -0.997484402717085 0.06078927664133394 2.079359196241471 -0.027996247315331176 0.0597861868674949 0.9978185501318135 -0.17542045135407955
2096 3059 -0.9991670307635059 0.02650275658301978 -0.031032902221532516 9.30028333013965 -0.027846586264544775 -0.9986569714162311 0.04369964696308534 2.024329252346237 -0.02983158091627576 0.044526898095495315 0.9985625556598966 0.15215824021238566
2106 3064 -0.9994443436648207 0.009050862665753162 -0.03209769882652548 -8.803697224809524 -0.011302184594459825 -0.9974370787256782 0.07065580506027962 1.915412045632996 -0.03137426940218306 0.07097883205254499 0.9969842886190032 -0.21725462657293015
2101 3069 -0.9991760517883791 0.03305099545696481 -0.02356597693761299 -9.703773253564156 -0.034707960644792896 -0.9966667670903989 0.07382551965185766 1.6226162749155448 -0.02104574077549859 0.07458156475651587 0.9969928427548291 -0.1370650583827935
2095 3074 -0.9980826508916933 0.04728750420757911 -0.03992073609712102 -9.067134399529337 -0.04926499725125461 -0.997528983625009 0.05009331658367694 1.2624318277339939 -0.037452452792106614 0.05196315441928522 0.9979464543264361 -0.22970957239090944
2090 3079 -0.9986594363041806 0.040944081373312895 -0.031660157518982684 -9.727848047648 -0.04239501086599694 -0.9980141946846005 0.04658713164916822 1.0885328114611257 -0.029688804263784088 0.04786667748497343 0.998412271850421 -0.17013574557985905
2069 3084 -0.9992628688703188 0.024734231225361565 -0.02936165418622201 9.705963661643692 -0.025711264759690617 -0.9991115703014048 0.03339811753459085 1.1881492848417168 -0.02850734003702743 0.0341276306519005 0.9990108036358852 0.11803094844206218
2064 3089 -0.9992478508616426 0.02341180258219894 -0.03089835331069279 9.903324306585041 -0.024269742093888942 -0.9993212892730629 0.027708948514739498 0.9586772154065886 -0.030226598445259295 0.028437728593688608 0.9991384682533379 0.1686171763400413
2074 3094 -0.9991627196053018 0.03353607329159451 -0.0234417735049277 -8.921276767906368 -0.033927672584016653 -0.9992881346340288 0.016501936928339584 0.6774236014862349 -0.022869683571073485 0.017283426271670302 0.999589041731385 -0.10622842733943222
2055 3099 -0.9996497044405314 -0.0007087321395915797 -0.02646485808168501 9.056420003239477 0.0006679421243184055 -0.9999990386301513 0.0015565961785000608 0.5032440360724022 -0.026464127120274704 0.0015381296500271606 0.9996486298627493 0.11199521572929722
2065 3104 -0.9991357643127711 0.031005242077795644 -0.027667199024422127 -9.728309341522756 -0.0311378041844992 -0.999505615711763 0.004359166368528947 0.2991316140368574 -0.02751718848949815 0.005215532133722406 0.9996076091562337 -0.12459904837916029
2045 3109 -0.9996602961392319 0.0011815930562689698 -0.02603626943015524 9.898957536550444 -0.0015441937984629257 -0.9999028350157444 0.01384143006540175 0.6782884694301559 -0.026016155983413385 0.013876401061085742 0.9995652682823372 0.10259376767371346
2055 3114 -0.9994834769292856 -0.016543952580748443 -0.027549361817036367 -8.962410248242456 0.016370322888727605 -0.9998446112500889 0.006545584370031765 0.5396351927448383 -0.027650893504422992 0.006090495885461607 0.9995990173282918 -0.0991366989133081
2051 3119 -0.9990521617916227 -0.03150219393829612 -0.03004882851752233 -9.484352051397511 0.031170133750575344 -0.9994488886210905 0.011456986731890365 0.7243579486868652 -0.03039140641170481 0.010509073627920954 0.9994828417380115 -0.1439653151128375
2031 3124 -0.9994832951364431 -0.01685119975277205 -0.02738414476805239 9.611906875808888 0.016787882922332135 -0.9998560640514039 0.0025471118840589575 0.7502786501185801 -0.0274210991843621 0.0020856431562471327 0.9996217974007063 0.16492243180891855
2026 3129 -0.9986998894415312 -0.04285456890644228 -0.02758092564229807 9.924835753759272 0.04213247055912388 -0.9987678997495508 0.02622468448501994 0.7463828643050023 -0.02866866971457155 0.025028407272115024 0.9992755575570323 0.11331974663891123
2037 3134 -0.9998312518330069 -0.0034239123580878145 -0.01804695526158872 -9.071605429730905 0.002934674291030405 -0.9996302598654031 0.027053723830549728 0.8471935181180568 -0.018131005710222668 0.026995145359770798 0.9994710717436583 -0.06842241821518423
2033 3139 -0.9997221731022228 -0.002999726424961627 -0.023375451709690225 -9.442970257163232 0.002196727760821933 -0.999406555773741 0.034357501002120414 0.9436195743497237 -0.023462939017733792 0.0342960725661991 0.9991362396783063 -0.08194516561168019
2012 3144 -0.999215153813983 -0.03184228193414161 -0.023599221202346535 9.563341244543821 0.030649551134701608 -0.9983148494363235 0.04927814936854825 1.5441353294966846 -0.02512635761266956 0.048515678799519714 0.9985062613746241 0.04106114588880468
2024 3149 -0.9989780498483666 -0.03821600571443157 -0.024117348668346545 -9.34110479924409 0.037658574237205866 -0.9990225512977036 0.02316236795591149 1.4277109934628371 -0.02497781396583141 0.02222966413034313 0.9994407090415539 -0.10784636008642404
2020 3154 -0.9981944081956229 -0.05534092208566507 -0.023327544359956445 -9.705374188614572 0.05421679711746454 -0.9974523079384764 0.04636564895209356 1.8847870496454266 -0.02583300884725132 0.04501664053941234 0.9986521298386486 -0.12544666345870575
1998 3159 -0.9989254024830939 0.039735853658670224 -0.023884288329315547 9.125821505930016 -0.04127221653362364 -0.9968531740375204 0.06768404633085882 2.3115373053040127 -0.02111870483493586 0.06859720627547586 0.9974208380199248 -0.008452359683164776
2011 3164 -0.9993908349889177 -0.022313355626190544 -0.026833845227562866 -9.551953466924655 0.02011805461095563 -0.9966326396360145 0.0794849161815606 2.1395394235110325 -0.02851578556445472 0.07889647227381186 0.996474862720705 -0.19123263155044162
1988 3169 -0.9810544793486077 0.19089999806797103 -0.03301565396479406 9.298917043195928 -0.19224328819912415 -0.9803636018523666 0.043932575991989645 2.7475751598640015 -0.023979635737385107 0.04944709018621034 0.9984888712377324 0.07015496782929823
1983 3174 -0.9520848389684529 0.30342616180915516 -0.03830531817384119 9.357829890007562 -0.30398868553733704 -0.9526260809042333 0.009695929654315295 3.222002178273341 -0.03354754017356381 0.020874620099835366 0.9992190187404992 0.1491809135006943
1998 3179 -0.9876587022290101 -0.1532778937524731 -0.032203757609694204 -9.37974197014247 0.15235359611104818 -0.9878884698576542 0.0294069361657393 2.0318414752827207 -0.036320284872057 0.024137513676051544 0.9990486715892063 -0.2316957233630125
1994 3184 -0.964106885312037 -0.264807389554887 -0.01937908772714727 -9.593792138984336 0.2648864811203644 -0.9642785269371481 -0.0016063796281946738 2.5885232521491575 -0.018259163158905717 -0.006682948872284984 0.9998110052655225 -0.1333853300553661
1989 3189 -0.9455168796811831 -0.3251474262354463 -0.016649074570687736 -8.904949359640785 0.3253236411832192 -0.9455582250823826 -0.009161726071755402 3.226367655805289 -0.012762494551843284 -0.014078465477056993 0.9998194201162321 -0.09787667850171494
1984 3194 -0.954916375137296 -0.2963022622143309 -0.01844759353818668 -8.602346380730598 0.29658581123320726 -0.954886431720898 -0.015165699125549026 3.248519872436717 -0.013119739941368848 -0.01995357192461545 0.9997147755611974 -0.109668030154353
1961 3199 -0.9975733067925302 0.06656911589652961 -0.020430304486686177 9.483032696668939 -0.06694881208842858 -0.9975844717922784 0.018506993970548502 2.527810650741914 -0.019147106692865647 0.019829479452926346 0.9996199836565092 0.049259560436609715
1975 3204 -0.9890404816116523 -0.14549389886257375 -0.025109603615682534 -9.292356831685861 0.14553694329429398 -0.9893525345698051 0.00011175258974779315 2.9023609288423677 -0.024856323144502156 -0.0035437640203088007 0.9996847814146528 -0.16833200536779194
1970 3209 -0.9969064405947933 -0.07442756778663537 -0.025270505799429938 -8.9485255847025 0.07425978130061554 -0.997211061376682 0.007487169321573264 2.569116318028558 -0.025755960718502648 0.005586631510814708 0.9996526222657074 -0.1387566635258201
1948 3214 -0.9993723202380108 0.01178689262672773 -0.033383678736637945 9.455853186837379 -0.012637501191294927 -0.9995982080190536 0.025354528709179733 2.396329184733054 -0.03306937037144115 0.025760488603624256 0.9991209930687422 0.11784426200911241
1944 3219 -0.9996422029279909 0.005430640874345325 -0.026192625080771515 9.241952658271959 -0.005977901592120771 -0.9997652277178796 0.02083449688362513 2.2716699045351216 -0.026071620084392882 0.02098331480210172 0.9994398313710738 0.058371121677706736
1940 3224 -0.9999573374483817 0.003912892291631331 -0.008436894650359118 9.213123564472774 -0.004076852601380997 -0.999802418353731 0.019476678136460156 2.1598968699326635 -0.008357753299395488 0.019510200257743117 0.9997746813306955 -0.0347842468213464
1936 3229 -0.999734765889793 0.0037615782612232286 -0.02271788525454357 9.354126424914726 -0.004340934138720253 -0.9996639245107953 0.025536011381708617 2.0908897416352477 -0.022612015715687047 0.025628073518852792 0.9994158429244824 0.08606702450930807
1950 3234 -0.9985964517320818 0.036705292777718265 -0.038176274751019715 -9.571255325115757 -0.03784109629744626 -0.9988479919327982 0.0294955668168364 1.9463321079660365 -0.0370482560134254 0.030897562612412048 0.9988356423099465 -0.20042452104181205
1929 3239 -0.9994514578895437 -0.012652633073903657 -0.03059593888611522 9.322636746012833 0.011881472382795938 -0.9996101504603119 0.025273495503233684 1.9450823350378865 -0.03090204858846152 0.024895454007057234 0.999212360791496 0.05581757203655554
1943 3244 -0.9992675368294761 -0.017678008830116342 -0.03394066270755522 -8.910491713500933 0.017058621357806183 -0.9996843791970498 0.018449879323505017 1.9046821969809957 -0.03425403711945943 0.01785716479565421 0.9992536212537124 -0.1966126480088482
1923 3249 -0.9888931393855553 -0.14051342637058023 -0.04843572759303036 9.360692356048121 0.1395001304713689 -0.9899378973318301 0.023712773930439815 2.1895337070017655 -0.051278753831073554 0.016693259966770627 0.9985448614771811 0.16246997638727997
1938 3254 -0.9655681672436001 -0.25995416233889607 -0.010054427141175423 -9.001224786757028 0.25980269675281586 -0.965557734629459 0.014207780443401043 2.724038369427097 -0.013399497893360722 0.011106036094803191 0.9998484939544948 -0.04514895922806953
1919 3259 -0.8748038141622488 -0.48366828206328555 0.027975044303148257 8.84484350676334 0.48440667564643664 -0.87419673799415 0.03361410575536524 3.884845786071302 0.008198829837526081 0.04295715509549166 0.9990432549612182 -0.35017869495303805
1918 3264 -0.7389129737154181 -0.6730803178628201 0.03114279477408726 7.914388928973953 0.6737952515180953 -0.7382846589200215 0.03058690666770415 5.470704038648564 0.0024062822875888885 0.043584685564572054 0.9990468702522272 -0.29699685469318443
1918 3269 -0.5614523880755848 -0.82741281098198 0.012615666755547473 6.233380996253835 0.8272574153866256 -0.5608430661524323 0.033165253635967326 7.576171685692085 -0.02036444909187014 0.029056884175124517 0.9993702510175173 -0.2983107710907659
2304 3648 -0.04337978604167029 0.9990205820059397 0.008869004313226632 -1.9819024257140734 -0.9989001340937654 -0.04321307915401761 -0.018181298190483218 9.730661929456463 -0.01777889253698862 -0.009648867906277368 0.9997953519248145 -0.06089017960369888
2308 3653 0.03356952907829132 0.9993633121580124 0.012116171180800652 -5.685189096759352 -0.998353757081074 0.03409646751175755 -0.046113312972327444 7.764879995175047 -0.046497082338037767 -0.010548955025769795 0.9988627369832106 0.11360788437941967
2294 3658 0.20913903163860614 0.9769174550356734 0.04354384099776713 7.598992797421182 -0.9775145710420521 0.2100782128772598 -0.018176217109982056 6.236747447231316 -0.026903734563827084 -0.03876428495154052 0.9988861369323577 0.04970510211303459
2312 3663 0.43638093474366413 0.8997442801127332 0.005624979169869748 -8.398443367315114 -0.8991149922516702 0.43629729550776286 -0.035164472317063 4.233145006883036 -0.034092700612007705 0.010286703485505724 0.9993657458428861 0.06693239765643351
2294 3668 0.6656731477601562 0.7456077510307784 0.030826244080444123 9.35203181027742 -0.7462306569908633 0.6653282869531385 0.021851516455903382 3.214361111789221 -0.004215808948546125 -0.03754982373635604 0.9992858328572137 -0.028305219712903965
2316 3673 0.8383229511730467 0.5450674184682378 0.010808395335081794 -10.003111205714143 -0.5450547355746377 0.8383889287189523 -0.004300932330282414 1.6015028800402735 -0.011406243992598134 -0.0022867852442256713 0.9999323361134035 -0.10145746580727778
2318 3678 0.9446610130972404 0.32804596792283863 -0.001248439551691337 -9.72516670357087 -0.3280459674832421 0.9446614202303498 0.0004231281969710569 0.6790454129608017 0.001317661098988387 9.994899376314484e-06 0.9999991926646483 -0.11340592030110103
2321 3683 0.9879834578147304 0.15438985921398182 0.007323846306720706 -9.97333824306566 -0.15434629718349238 0.9879969221795578 -0.006300378205295528 0.10299714344745481 -0.008208355154842277 0.005094078160748621 0.9999532511970465 -0.08784218833929118
2324 3688 0.9985005989116872 0.05377625660720368 -0.010209015461147329 -9.867814307550935 -0.05374271830363872 0.9985490575042233 0.003575769803255402 -0.15608667091908424 0.010385892554503926 -0.003021401600689964 0.9999415983294465 -0.1285833141860348
2307 3693 0.9995295503556754 0.02803761513626067 -0.012428206922237065 9.635541703727661 -0.027780129607415653 0.9994055500506948 0.02038337948315283 -0.014995032357848576 0.012992916137878294 -0.020028273275346693 0.9997149865929165 0.11821107626444498
2331 3698 0.9997581746161848 -0.02170720735463463 -0.003658735624260035 -9.575620172164141 0.021723437630181378 0.9997541486440609 0.004343980081716147 -0.22565378983549866 0.0035631366909265254 -0.004422272827641562 0.999983891922875 -0.07434423102224202
2335 3703 0.9995142856434229 -0.030142804168935097 0.007923589534301487 -9.539437436084736 0.029964962194947296 0.9993145443615129 0.021755856573369193 -0.14838953647131517 -0.008573622559381808 -0.02150746495532647 0.9997319020620027 -0.11136029635052182
2339 3708 0.9996916711943199 -0.02091220574084534 -0.013344646990086636 -9.493712246218529 0.02098464663742352 0.9997655392303062 0.00530036628205661 -0.072342314624859 0.013230265168072027 -0.005578460647150822 0.999896883077593 -0.1342705771243142
2323 3713 0.9998932950784146 0.011356365489889587 0.009217410928989088 9.48144920751326 -0.0111923015785794 0.999781309193213 -0.01768210717552509 -0.005755480635178042 -0.009416049473824762 0.01757628763698954 0.9998010843384717 0.0811990717280367
2327 3718 0.9999243956639366 0.006298241858653009 -0.010491678338502924 9.531455684392741 -0.006365809184323106 0.9999591977022042 -0.006387135893474258 0.04362692330896591 0.010451267002723467 0.006453080976189827 0.9999245515565648 0.15574957678936957
2352 3723 0.999959018631168 0.004332865655713696 -0.007966412175741162 -9.89003502513394 -0.004345701412637913 0.9999889103981836 -0.0016808075049259445 0.024941001968635117 0.007959813427694038 0.001715069009084384 0.9999667273984556 -0.11473576537477603
2356 3728 0.9999839148947496 -0.004232239886950229 0.0036844886197807724 -9.388958245070905 0.004226067312649886 0.9999897836606855 0.001768702427889124 -0.02102766079940671 -0.003691499925426829 -0.0017530119280168529 0.9999916147931507 -0.06397815041145444
2340 3733 0.9999775266543031 0.002449128987850811 -0.006127060447279973 9.688629420618996 -0.0023859869634283064 0.9999459170153072 0.01018115142477014 0.20889482334860973 0.0061517770654987425 -0.010166334099322542 0.9999293407718648 0.05786517215958304
2366 3738 0.9996497070710828 0.013980054433956177 -0.022490016946035633 -9.74534793607453 -0.013868497539238783 0.9998905143627429 0.005140887293068448 -0.04772125062504739 0.02255890195969436 -0.004827316838453373 0.9997338713776149 -0.2023711568952626
2349 3743 0.9996229000693827 0.023622028618303575 0.013934274573966805 9.756685326400587 -0.023676743159949713 0.9997127533281045 0.003767372823932117 -0.042947360581296605 -0.013841252723321642 -0.004095776980352041 0.9998958896074137 0.10700654956416789
2378 3748 0.9999604109050839 -0.00705132836774157 0.005399590175297698 -9.553673753245945 0.00699072667154024 0.9999122318780324 0.0112547191726996 -0.24521981092508724 -0.005478200222700891 -0.011216761578954364 0.9999219923661931 -0.13389953073926164
2386 3753 0.9997369163155557 -0.0223714784418575 -0.005035390195687069 -9.714090860971673 0.02246607254092122 0.9995610108793699 0.019318085821927247 -0.23379355405203014 0.004601710241123012 -0.01942640282666455 0.9998006971658503 -0.144463265011403
2396 3758 0.999925666837482 0.003130520290615997 -0.011811334330883579 -9.883473581199725 -0.0031210495346338544 0.9999949389903132 0.000819889766196946 -0.0497504242309451 0.01181383574423324 -0.0007830509475201743 0.9999299051084657 -0.29407651128720147
2408 3763 0.9957390315829829 0.09164832216473295 0.010253265071947827 -9.910807812111853 -0.0915443490534255 0.9957493183012965 -0.010151866146392468 0.4912448824581091 -0.011140738086962906 0.009169469030180101 0.9998958903682278 0.011619777287926162
2369 3768 0.9997579501018474 0.020641133954323244 0.007652042408270817 9.793649739753988 -0.02043869681877905 0.9994623945450704 -0.025627896362011616 -0.2155350346162704 -0.00817688089450895 0.02546537224860158 0.9996422124158363 0.10812729189492215
2422 3773 0.997355130580041 0.07267511544839181 -0.0003331846738935364 -9.69346775107285 -0.07267299898185739 0.9972654820628458 -0.01339810011883251 -0.05938243086721767 -0.0006411753726641676 0.013386820804321211 0.9999101084698101 -0.09022225323980156
2427 3778 0.9996444458153086 0.018257632479220843 0.019433743767547026 -9.688806902575955 -0.017947300586877026 0.9997096968203084 -0.016084856040591497 -0.39005927508397614 -0.01972143270032724 0.015729845120970025 0.9996816321576211 -0.019143361811714013
2381 3783 0.9967600589221441 -0.0790779826650289 -0.014735530906045234 9.773159211455411 0.07911989855321681 0.9968621125490177 0.0022501909934936767 0.2731190901946165 0.014511256967431767 -0.0034088913068662636 0.9998889892700764 0.12532041925857662
2386 3788 0.9950491352835598 -0.09936040707306049 -0.00206903684529447 9.865441665658626 0.09937637795544207 0.9950048882441428 0.00943281850525694 0.5524604950685883 0.0011219131141969331 -0.009592086398903313 0.9999533800506767 0.1188727362017538
2393 3793 0.9950705416535722 -0.09810388782232543 -0.014558897309285435 9.805999939620483 0.09824628937701879 0.9951167453565573 0.00947527804783174 0.8089694024726067 0.013558128558960022 -0.010858625106715451 0.9998490594179879 0.24263946032287073
2405 3798 0.9999811226053391 0.00482585066120103 0.0038452244270407512 9.6870652032972 -0.0048642046130226305 0.9999371727300601 0.010176185832097168 0.09297934016985562 -0.003796065204822887 -0.010194392818738454 0.9999408360078738 0.0361900011725758
2416 3803 0.9981539329684052 0.060645743990084405 0.0033047986118612876 9.57693195663981 -0.060655818996287664 0.9981543114543955 0.0029423500175030613 -0.3422934550981156 -0.003120190309300185 -0.0031371663567310148 0.9999902351327662 0.05038965469047945
2424 3808 0.9989814112888307 0.04301744220233815 0.013608879321803543 9.738814517783364 -0.042862045840003374 0.9990147311643025 -0.011478486094684829 -0.3355512389305821 -0.014089348087852135 0.010882655268973378 0.9998414599665785 0.029251217598165905
2459 3813 0.9988977005786384 -0.0466074856023702 -0.005541606004118958 -10.031428576738234 0.046529279811331536 0.9988255390951223 -0.013546581103350339 -0.40399531892280677 0.006166356712123347 0.013273510566646224 0.9998929254056698 -0.12960396650585848
2436 3818 0.9999891071367895 0.003300780225150653 0.003440185082067663 9.956471552318671 -0.0033931074960569024 0.9996289961785984 0.027018362605088067 0.06504607251144305 -0.003350183995702295 -0.027030515466024325 0.9996290315229832 0.08185380224353937
2469 3823 0.9947808975762001 -0.09992808475927095 -0.020637270595196246 -9.599505461849473 0.10009668145311654 0.9949510595479885 0.0073366520768627765 -0.5166449142215931 0.019799848562447417 -0.009363875259058598 0.9997601288239237 -0.2117565436823223
2475 3828 0.9923560861874905 -0.1231758247424817 -0.0075716972262917836 -9.928113984164412 0.12339305436940284 0.9913165745051036 0.045436781206392024 -0.6157260850243437 0.001909427281520888 -0.046024174953341115 0.9989384998820894 -0.11042848294756401
2480 3833 0.9829281457416722 -0.18313483629847466 -0.017702202565319552 -9.397110450417134 0.1837379350695659 0.9820546965042807 0.04252679306486615 -1.0594717440127184 0.009595974787330723 -0.0450532167955874 0.9989385307416754 -0.18700770944177125
2487 3838 0.8849393242999674 -0.46448697393511573 -0.03368308284428263 -9.237186434329608 0.4652038669381639 0.885027061960895 0.01763127501397887 -3.0851533934410234 0.02162049489053013 -0.03127239738921151 0.9992770921010523 -0.34918829599078244
2494 3843 0.6784116283044331 -0.7342062865476564 -0.026451225618243104 -8.76490675005599 0.7342650961992065 0.6787989969657272 -0.009246075853603323 -4.191851651968039 0.024743941151232907 -0.013149318566438731 0.9996073536408426 -0.2725800946835896
2466 3848 0.9971576372760532 0.07530316079822616 -0.0023656689867303654 9.90289707671428 -0.07531742436934086 0.9955846245331643 -0.05602507571475601 -0.7136538615578201 -0.001863180534178869 0.05604367861364935 0.9984264333779846 0.058359139581909934
2471 3853 0.999940226179705 -0.010655544720524289 0.0025398723396513525 9.849099570050683 0.010770348823899866 0.9986696454982777 -0.05043124171647302 -0.29306263846542824 -0.0019993822257556976 0.050454793944271784 0.9987242627225229 0.1385592907844253
2476 3858 0.9887984232912173 -0.14905313600783726 0.007862038068344155 9.759570542370124 0.14924245138715328 0.9881266277646636 -0.036518379437008516 0.5478004262667876 -0.0023255171452799183 0.037282966053974166 0.9993020326725752 0.11097818525673948
2481 3863 0.9062322370131307 -0.42262392102587243 0.011479764909698712 9.4776502048331 0.4227373630416785 0.9054272572640196 -0.03866265490040068 2.7143904677081787 0.005945612391791769 0.039890359465451955 0.9991863853637494 0.16711041775583488
2488 3868 0.5632574717558817 -0.82624496072123 -0.007770907708946908 6.088346844341108 0.8260396236416533 0.5632942168993476 -0.018906461354467777 7.677944205127214 0.019999193311425224 0.004230128957608018 0.9997910653630206 0.36028834809996235
908 4580 0.16096079976232489 0.9868825477670593 -0.012510710651219609 -1.6278009557230058 -0.9869130997244446 0.1610637255326433 0.0077095409364801235 9.601280929612603 0.009623876179619689 0.011105710483136235 0.9998920288240266 -0.13000195549337284
