1 112 0.7968053673269291 0.6042311723658491 0.0025605134197877605 9.96996938624478 -0.6039924770726336 0.7963577872788977 0.031752473123115854 -2.250709201413796 0.017146831974433025 -0.026848259495687653 0.9994924937248342 0.20276123301380772
113 129 0.6872159233125495 0.7251723208558193 0.043129555905654225 8.946808059521313 -0.7264168753286739 0.686557837275928 0.030917917599006372 -4.73860614790157 -0.007190474041989918 -0.05257734176250672 0.9985909442156676 0.019924985929002083
130 142 0.9890997131456651 0.14720862696303033 0.0033605240170506245 10.888579154553375 -0.14680054031762094 0.9876244772227981 -0.055199148696970145 -1.3123065890058923 -0.011444900301828428 0.05410427473743957 0.9984696204523371 -0.04042530553195105
143 153 0.999202312535124 -0.03957196749934483 0.005376777389168365 10.093300216252294 0.039728958419873825 0.9986606587469063 -0.03314491916386889 0.18646336192263382 -0.004057996985396624 0.033331866092970786 0.9994361314957501 0.10047982135993776
154 164 0.99933080870635 -0.033450798246495154 0.014826766099493509 10.036303686067953 0.03327631553947489 0.9993753395511705 0.011914238463716762 0.2430046373208587 -0.015215960396578243 -0.011413121339723917 0.9998191261995387 0.06689479934706359
165 175 0.9999587198537867 -0.007606363765781361 0.004846039840449979 10.050110452355419 0.007593255374794257 0.9999680361015855 0.002695602501860262 0.09990576333181903 -0.00486622595889536 -0.002658949967376083 0.9999846747067961 0.08581094002392659
176 186 0.9999886296104881 -0.002122693816296834 -0.004367906324898052 10.26682326082999 0.002115286122101338 0.9999971754510276 -0.0018006345485584207 0.05845581290762561 0.00437156275197522 0.001791302485431896 0.9999888891366201 0.12768215517632028
187 197 0.9999928550389534 -0.003032516391500455 0.002183700394797823 10.606415909208664 0.00301574498408146 0.9999701243320337 0.007147549428737639 0.08224598423102902 -0.002206063276073592 -0.0071416449931302655 0.9999720945756967 0.08309356533091013
198 208 0.9999791076469665 -0.006496786613773236 0.000878575912539035 10.893833893234309 0.006502613507915867 0.9999505434294937 -0.007585707753529567 0.07019150585186194 -0.0008293877203905585 0.007591603776739847 0.9999709028095518 0.12064735351207875
209 218 0.9999954878775901 0.0014449690225853782 -0.0025974007526944694 9.99298033891872 -0.0014137321066695486 0.9999277644873347 0.011954325618849269 0.05125922413847284 0.0026149206486445844 -0.011950810208314115 0.9999251397380634 0.12080625282613068
219 228 0.9999725141210147 -0.005156800795014637 0.005361590388555977 10.226385505462863 0.005188309649508669 0.9999690964859761 -0.005864102431327707 0.06446963740642378 -0.005330295709380448 0.005892170434814416 0.9999683054810327 0.11462506767552648
229 238 0.9999764680767489 -0.005458824323476505 -0.00419955811612375 10.402399378907667 0.005494474852219398 0.9999505341748198 0.008352706056767524 0.09506535570573921 0.004154012336363405 -0.008375713535080011 0.9999562835290399 0.15050782581056507
239 248 0.9999831423830512 -0.005629554304534063 -0.0012745148103400802 10.634062435036016 0.005625315761245033 0.9999778254662689 -0.003799805508661763 0.09188758155606885 0.0012952493982245725 0.003792665581502872 0.9999920802636169 0.14651372650961023
249 258 0.9999911979544306 0.0036266216823810475 -0.0021621062948140304 10.768173289017195 -0.0036240280841460587 0.9999926108922894 0.0011259093835516438 0.031135683838850892 0.002166807780115636 -0.0011181117164004205 0.9999969578712525 0.13315314497964947
259 268 0.9999956250891818 0.0029163607693524934 -0.0007727432527905767 10.962563977572147 -0.00291586367687783 0.9999950352700726 0.0005911020844320252 0.03462406525845806 0.0007745947740907232 -0.0005887376187120844 0.9999995110533006 0.07453107531609736
269 278 0.9999981983543044 0.0017460708838811733 0.0011047870417011105 11.158666420094006 -0.0017460309668464874 0.9999986861911064 0.00014973398314825027 0.040192083824730364 -0.0011049134817444537 -0.00015188212309209546 0.9999993678704172 0.08428455921632864
279 287 0.999973959105172 -0.0007987265479710515 0.007241192045393669 10.064005626137135 0.0008599863397103467 0.9999647744036189 -0.00838667276817174 0.019835127211377375 -0.007234340195661115 0.00839294645546008 0.9999386413977237 0.06651237558013727
288 296 0.9999861837251842 -0.0050813033266782215 -0.0016577435515735322 10.16977306402112 0.005088082346427184 0.9999790927787149 0.0040346060663192075 0.07061729851954113 0.0016368966390338882 -0.004042274993201798 0.9999904932238157 0.13458342420059993
297 305 0.9999974513457878 -0.0023304497592666965 -0.0006956196284667851 10.334727275065793 0.0023300971612126315 0.9999972298539412 -0.000921953466343068 0.07242351993832205 0.0006982471443187676 0.0009200289472022479 0.9999992299820082 0.14345853755349294
306 314 0.9999990742505935 0.001195194380379684 -0.00033150829263476153 10.488313930562635 -0.001193588391271778 0.9999901449777013 0.004249887945332611 0.04343245216357668 0.0003366717498049925 -0.004249152194479835 0.9999909130692283 0.0978503039452516
315 323 0.9999907876054104 -0.0034050336051039344 -0.0024653590651771058 10.555209410059929 0.0033976733906094857 0.9999900403931969 -0.002738092711507357 0.059240757527325466 0.002474400059252094 0.0027295326918547595 0.9999932433127581 0.1186476529706481
324 332 0.9999817510903755 0.0012556622578123737 0.005922454669173598 10.54267653259102 -0.0012335543321414177 0.9999926816330696 -0.0035694689299745888 0.028402328416428202 -0.005926396000484012 0.0035623404804976345 0.9999759825200423 0.03799313487235224
333 341 0.9999948009479631 0.00310900711663945 0.0002904606162083353 10.422839375481754 -0.003110217864269815 0.9999734046385468 0.006672709959272646 0.03841184806609979 -0.0002697694548364501 -0.006673896083357186 0.9999777158065439 0.11855655420559191
342 350 0.9999930322275025 0.0033653888623461593 -0.0013598882900839107 10.22347922024254 -0.0033668949681328725 0.999993788627096 -0.0013240866225671013 0.030658611776831622 0.0013562851500180083 0.001328444769478396 0.9999980769925203 0.12445830557627068
351 360 0.9999561639203319 0.0036460270150994855 0.008682371240035808 11.010589788647097 -0.0037802375853508547 0.9998740491572226 0.015449422858479743 0.05779744191736536 -0.00862520802536476 -0.01548152419976937 0.999843018034637 0.12239868525616475
361 371 0.9945237249214639 -0.10424440702366972 -0.007499320570181523 10.67723286193525 0.10432995074397809 0.9944690412116418 0.012149918609282344 0.4933974098770188 0.0061914237757767256 -0.012865867232817383 0.9998981089703683 0.2329937540955895
372 383 0.965176092314194 -0.2616010823224891 -0.0004971181304341262 9.9433556766836 0.26159862651646215 0.9651566597218864 0.006253558637188969 1.4032246727612032 -0.0011558785322429088 -0.006165187300736889 0.9999803399201042 0.16989088190368842
384 396 0.9415990243760898 -0.336724290092072 -0.0028918839258316354 10.180158320043928 0.3367003285556746 0.941588270594916 -0.006605855988941672 2.061173315902877 0.004946903347420516 0.005246415903341837 0.9999739860390883 0.1660592554096816
397 408 0.9979546114817619 -0.06379623165335942 0.004073450868456024 10.088238221578951 0.06381633062900402 0.9979490868339812 -0.004983740301235821 0.5339241239731599 -0.003747010506701268 0.005233769817413638 0.9999793088340239 0.0598138914299123
409 419 0.999958559712992 -0.009025676649886702 -0.0008559876208779179 10.324811670832009 0.009028864615939497 0.9999562061171562 0.0021417287182897145 0.10829289927229382 0.0008368400299218953 -0.00214892807388677 0.9999973805084118 0.07164789811089109
420 430 0.9999741721040931 0.006985130851559581 -0.001650763259094088 10.902372147506705 -0.006982229892106014 0.9999748398218956 0.0014036644718085419 0.00564477475884445 0.0016613471488704371 -0.0013915807656041394 0.9999975795020289 0.1455573156024865
431 440 0.9999760133047464 -0.0014966173842148108 -0.006807735641312575 10.079591805897257 0.0015788429987132993 0.9999255696312491 0.012168488353349095 0.07792891453431813 0.006788841992944611 -0.012178955166179438 0.9999028200591472 0.14758735100229142
441 450 0.9999606401985097 -0.003533015004703483 0.00812303311167263 10.50235402196553 0.0035773138664588503 0.9999789713936778 -0.005416266122811479 0.06466266040906796 -0.008104030460828636 0.005444313061211969 0.9999523437647866 0.051613047672488255
451 460 0.999979506879217 -0.0055625531778478905 0.003014436161319233 10.849736148223469 0.0056035011879089795 0.9998885933730556 -0.013823794019098886 0.06388713491647992 -0.002936942328911108 0.013840338367922395 0.9998998654882754 0.04710886559166982
461 470 0.999878931597528 -0.007082312260502354 0.01386840649755197 10.869478433909912 0.0073444921334776085 0.9997947926162974 -0.018901553855078416 0.042901727057721724 -0.013731404400881941 0.019001437068240205 0.9997250651279965 0.08525452368368298
471 480 0.9999816636158618 -0.0027871505564772575 -0.005346731459698871 10.811379893175584 0.00279397201580297 0.9999947555925655 0.0012742338432332229 0.0663003129737847 0.005343033709007413 -0.0012891946067588003 0.9999849064555356 0.1644953216774956
481 490 0.9999262379647986 0.0030083161500170175 0.01174638711980003 10.887749248197593 -0.0031214562475484586 0.9999478868896333 0.009737243658862598 0.04462613450928069 -0.011716627755039961 -0.009772936396584449 0.9998836335239376 0.09458575536688768
491 500 0.9998732128341996 -0.005730062285722877 -0.014877792847524577 10.876688978448906 0.005440978939589929 0.999797006029794 -0.01940302764767041 0.045568334813574536 0.014986122616932843 0.0193191491586808 0.9997010452651577 0.18856055990113585
501 510 0.9999814736126436 0.00563765105807362 0.002401528307879052 10.824399633447126 -0.005663688208193851 0.9999243910205837 0.010964390376090857 0.02694364072169185 -0.0023399589067171237 -0.010978126668949451 0.9999370195306366 0.05426365139490339
511 520 0.9999015023010344 0.008659086438586525 0.011023294465248681 10.642312544539564 -0.008524812818162895 0.9998900554159633 -0.012120428516220921 -0.011218597519831414 -0.011127294948487923 0.012025154330937537 0.9998657379126471 0.061432721355878704
521 530 0.9999137339240788 -0.011204692876340287 -0.006839501081855829 10.47297357668108 0.011177002987318678 0.9999291065083395 -0.004175722072100947 0.08611441694015143 0.006885894886628899 0.0040984185102954235 0.9999679094827701 0.09191172738645138
531 540 0.9999289810890575 -0.004422942994064549 0.011070443273330238 10.292991813806136 0.004158456559879851 0.999709434667148 0.023747326312213872 0.10723864000762617 -0.01117201685669166 -0.02369949159953202 0.9996566510512375 -0.016616774610081684
541 550 0.9999651973086038 0.007713686640803629 -0.002981645070586768 10.097607525615519 -0.007693497383106823 0.99994816624261 0.006723222149197785 0.034836787705426836 0.003033224674887101 -0.006699752966752727 0.9999729604089546 0.10975491984212739
551 561 0.9999712978607856 0.006239333269107507 0.004323813612812658 10.894305093780083 -0.006171128929294444 0.9998583579679751 -0.015614431854618024 -0.003755045001243456 -0.004420538746063188 0.015587659826804741 0.999868742550234 0.13081107443109743
562 572 0.9998497966798258 -0.015207038033955704 0.00827355519653947 10.322579316004646 0.015261049523984268 0.9998621602605062 -0.006538487006251819 0.0929554451695905 -0.008173534836470021 0.0066638079020204365 0.9999443623493952 0.12171099929601796
573 584 0.9980367126822414 -0.061818005902985834 -0.010026912224837613 10.64642522503748 0.06191767720786828 0.9980312187988841 0.009986942890753032 0.35523345504540105 0.009390137889779918 -0.010587945979154696 0.9998998122903975 0.17572008348806395
585 596 0.9991458067874027 -0.03619877279382585 0.01991455137852405 10.423081699374514 0.03550803699850462 0.9987924580275461 0.033948694231089864 0.4151643923611313 -0.02111931283690602 -0.033212105486884365 0.9992251069634086 0.04998196542681269
597 608 0.9999847417605798 0.004384558526542905 -0.0033589125377717307 10.701272365038758 -0.0044166355602006935 0.9999419244502777 -0.00983037533773051 0.061306920028996674 0.003314801377300941 0.009845115726663245 0.9999460997084155 0.10616140892103636
609 619 0.9996448153634163 0.02665318458430062 0.0005065787845416099 10.159488880940419 -0.02665414418968259 0.9996447522261402 0.0011358345158236631 -0.09592642773323008 -0.0004762057983040337 -0.001149506540461004 0.9999991936039678 0.057013619728158535
620 630 0.999862494829509 0.014305582983433408 0.008470062615312553 10.630879800629167 -0.01413921687133198 0.9997135094520301 -0.019318750165127775 -0.06244973239481396 -0.008744455195024172 0.019196138420135265 0.9997774544881058 0.0282851835252405
631 640 0.9998338303498429 0.011839571570755334 0.013854804630041658 10.004608207270635 -0.011816207917109375 0.9999279965110477 -0.0017520990212126373 -0.0363442563832323 -0.013874110692313134 0.001587298928455181 0.9999023532134782 0.037923308316341144
641 650 0.999913860535155 0.010187631076626803 -0.008246826414291973 10.535243126928176 -0.010116357518556262 0.9999113930288511 0.008662530177534131 -0.0025331650437949425 0.008333629408959538 -0.008578356553088197 0.9999284977990857 0.1309454757883697
651 660 0.9999137974795674 0.01157922205166758 0.006086244852812053 10.977741935002097 -0.011605774587973173 0.9999225740346649 0.00436091811230998 -0.002528688822765382 -0.0060352944827298935 -0.004430650858692687 0.9999719614064015 0.06705382259652497
661 669 0.9999677481073351 0.007278577042161189 -0.0034705380951778617 10.018650844507206 -0.007294460762677623 0.9999616088727271 -0.004826154599317017 -0.012981632634405622 0.0034350185942411504 0.004851496181781326 0.9999823494452182 0.13638397597281726
670 678 0.9999827093167598 0.00482754075688437 -0.0032392994315452945 10.127919185778131 -0.004820755468631896 0.9999858499144414 0.0022797843581952777 0.015964871446911895 0.0032500275011082295 -0.0022643671976411194 0.9999921081016708 0.11248692430575315
679 687 0.9999754581008542 0.0011378423761035173 0.006848337450743721 10.134504727228482 -0.0011581268691207153 0.9999946737770817 0.0030316346688978248 0.05001072532917323 -0.006844942878928694 -0.003039503425436402 0.9999719569968508 0.07285475158780316
688 696 0.9999963884694434 -0.0023672000543037267 -0.0011015619711685774 10.147237896582528 0.002370841119703327 0.9999919403380574 0.0031484653027817047 0.0646420364708032 0.0010939530339316769 -0.0031512705919094926 0.9999944690193562 0.10240692538406632
697 705 0.9999635827296873 -0.004005890148173059 -0.007587540613229505 10.140292769900404 0.003994795655127694 0.9999909880666293 -0.0015815677697016367 0.06278393257743335 0.007593741989330674 0.0015512758646255903 0.9999699674888604 0.10587762778916587
706 714 0.9999908898447286 0.0017396671429184129 0.004069344359714862 10.145343425550134 -0.0017449743018413289 0.999997964010079 0.0015112846163531518 0.04388580633641165 -0.004066788959157544 -0.0015188854566263532 0.9999905832733776 0.07990422839152744
715 723 0.999756420889887 0.002746837253545831 0.021914926874450107 10.09678029410658 -0.0024793815253912623 0.99992266618372 -0.012218147605579436 0.003150312171544322 -0.0219463460471613 0.012160910136088561 0.9996850361552599 0.05586641244500309
724 732 0.9999680295847372 0.0004604427069480557 -0.007986272698066033 10.04918423236515 -0.00041714852286637097 0.9999853194343056 0.005338255110188256 0.04327018282035923 0.00798840636630438 -0.005334718869693745 0.9999538468328166 0.17463632356226202
733 741 0.9999762183397433 -0.006872284928019766 0.00014290918663031706 10.086760092772172 0.0068720399582407775 0.9999697962524616 -0.003600025147010795 0.07505142713427333 -0.00011830414744471605 0.0036007643477897165 0.9999934696093759 0.1120112315018356
742 750 0.9999684808827048 -0.0055009644572891914 -0.0056959424469023604 10.047149011793184 0.005517865493614286 0.9999804692594644 0.0030241285509050248 0.07587629799345072 0.005679965563229165 -0.003055939332541369 0.9999791452062557 0.18642331158570685
751 759 0.9999884459806063 0.003866077991401854 0.0026363341577879955 9.958384409878628 -0.0038679732433818197 0.9999917932648539 0.0007886406094411691 0.020067655267491824 -0.002633122335722865 -0.0007979948699304161 0.9999962447933634 0.09841823436982558
760 769 0.9999469415319633 0.006876338242097704 0.00767753942154157 11.003790721129352 -0.006878800526461272 0.999976639246737 0.0002294685565692025 0.017787099282253097 -0.007675241517516424 -0.0002819230332655294 0.999970423606207 0.11126816645245383
770 779 0.9999779617690302 0.004399558224966969 0.004998111110414908 10.776815658108976 -0.004376268440740843 0.9999802437898077 -0.004566309238558615 0.01256928213666465 -0.005018053570794426 0.00454384774735018 0.9999771345109632 0.10485726776576108
780 789 0.999994540841761 0.00032815048528231724 -0.003239799335827468 10.434694919488098 -0.00033818033861133465 0.9999944520267986 -0.003191278893943161 0.027047836119813966 0.003238621856329184 0.0031924903891433548 0.9999896904006692 0.14626289893515745
790 801 0.9998980871382364 -0.00955063758312945 0.01062734182982214 11.05478064531755 0.00959229259233214 0.9999457075270531 -0.003963439353352605 0.09344820751404344 -0.010589102702112987 0.00406541443874769 0.9999357276096948 0.1745854452519878
802 817 0.9493663381809865 -0.3141244073629526 0.005462553625282464 10.450319552136085 0.31415862710836934 0.9493412498193499 -0.007431907343674186 1.0987230940799995 -0.002851894451837327 0.008772853993716802 0.9999575717439705 0.21068152949259594
818 838 0.3940080874788018 -0.9188614595259509 0.021294968635287053 8.138924434887617 0.9176732463994982 0.39458091365029513 0.04670408890968122 6.62720736477893 -0.051316383364932334 0.0011412501830854655 0.9986817622828715 -0.17202502058214028
839 853 0.9997298187201702 -0.01680017151901644 -0.016093821222383398 10.02855641589483 0.017168306074338936 0.9995871778772791 0.023031239158615786 0.4111634435735808 0.015699776763474466 -0.023301283096205 0.999605333371533 0.100031634137509
854 866 0.9999278586965741 -0.008814557732691384 0.008179556182505635 10.669444752396098 0.008926444624825851 0.9998669888245298 -0.013667613262062938 0.005218403572562119 -0.008058081613813523 0.013739928291911644 0.9998731769599777 -0.018897197875469646
867 878 0.9994111178899271 -0.03184411128498448 0.01283204501249115 10.665318479850614 0.03190077363017715 0.9994816230663462 -0.004301169344580888 0.23975114085873794 -0.012688792620223294 0.004707214825242506 0.9999085094599064 0.040610558517369444
879 890 0.9807073087675057 0.19503286629914837 0.013290657402986895 10.86290673983128 -0.19507850320690426 0.9807844546981336 0.002268512630398183 -0.7705985195335103 -0.01259297436290094 -0.004817762352362338 0.9999090898635117 0.06390962392843369
891 901 0.9582103314689816 0.28572730987650297 -0.013906675551377102 10.1275035972636 -0.285803737156502 0.9582806783668987 -0.0037762798966196904 -1.4667290351113793 0.012247055461660123 0.007592805342858636 0.9998961903677963 0.20063509747066907
902 912 0.9892077638376576 0.14637677733640414 0.0063662725725697105 10.929786012778075 -0.14628057015642584 0.9891498396238303 -0.013598329641964642 -1.081996468185966 -0.008287604996091264 0.012520033861925895 0.9998872586841897 0.014654858328436356
913 922 0.9997714952481712 -0.02138655862457707 -0.0002781174294361673 10.495367854312 0.021388039528603124 0.9997360188716399 0.008420142856038324 0.18356722339919787 9.835696959417463e-05 -0.00842437314266277 0.9999644561563479 0.11722195153037929
923 932 0.999977526293279 -0.006579755775212272 -0.001132547728379624 10.383119223593695 0.0065811649912064785 0.999978385589245 0.0007274945949219982 0.10478025777510966 0.0011279541523423488 -0.0007347925871699347 0.9999990459546446 0.15130343077325542
933 942 0.9999651418127194 0.006774500019970981 -0.004823912946875881 10.047404582270211 -0.0067245493358454944 0.9999237506403325 0.010338069098557905 0.08285211622076401 0.004894402040670713 -0.0103055433786991 0.9999349068128678 0.12056433184811721
943 953 0.9998007593515603 0.019853827960306467 0.0019465745741574264 10.582348392884311 -0.019822871182156754 0.9996983623909906 -0.014533745864565434 -0.11755830076947753 -0.0022348137933455438 0.014491971288477096 0.9998924925102564 0.11406812153753403
954 965 0.9998217078860504 -0.0170760246721788 0.008000735711035345 10.155916634344086 0.01717163778094387 0.9997786791021769 -0.012141274505425414 0.1278969428749267 -0.007791563725176562 0.01227626132106895 0.9998943182336272 0.13118419550286847
966 984 0.9998742625010144 -0.014548226415083488 0.006196039923808381 10.077340836497171 0.014485669382513966 0.9998450234016666 0.010050920651971412 0.1436549131446416 -0.006342103331173048 -0.009959841980743941 0.9999303985000003 0.18553258561823066
985 1018 0.9988385129766832 -0.04738687866365445 -0.008684613541624813 9.897594762656514 0.04742644919057413 0.9988648163188165 0.004355558036813137 0.27289286889864567 0.008468110015786333 -0.004761688136387684 0.9999529232085395 0.09923587267214755
1019 1034 0.999981851904307 0.006028841831489067 0.00024389792668210844 10.769061502221756 -0.00603448500654355 0.9992408775030398 0.038482485723619245 0.1749294824615223 -1.1545067012446912e-05 -0.03848356325234117 0.9992592679522659 0.1378326207529393
1035 1046 0.9988365428245167 0.04758917506214388 0.007711531053936875 10.242256208297025 -0.047570650996673805 0.9988647455419685 -0.0025400226991116356 -0.19165808170399393 -0.007823738826466373 0.0021694987892756016 0.999967050149377 0.04908887794275734
1047 1057 0.9999411219119622 -0.00926709474896713 0.005651689012385385 10.206212425594163 0.009318148178080955 0.9999149929589359 -0.009056183519898465 0.04839823449967618 -0.005567021713485516 0.009108434260906554 0.9999430145586434 0.10499030050042928
1058 1068 0.9999567926587913 -0.008658549837529405 0.003390232943382288 10.433449910339704 0.008657065537287156 0.9999619130414323 0.0007157115975945873 0.15119004166657854 -0.003396267545075669 -0.0006857040264857145 0.9999940473358432 0.103357553524304
1069 1079 0.9999876812116929 0.004823882840177039 0.0014575605451617973 10.543708525710567 -0.004814307246839772 0.9999683432179222 -0.006272826888908906 0.0326643569261393 -0.0014878290893662253 0.006265308151515886 0.9999792256005202 0.1392331154858397
1080 1090 0.9999640415682615 -0.007195076016932091 0.004428906709765172 10.368896600978449 0.007137199722221067 0.9998921896263189 0.012914319715021268 0.12161210773083471 -0.004521743151097738 -0.012881615366498341 0.9999068591479937 0.11267383583439265
1091 1102 0.998250881064125 0.05634687305899476 -0.017905516816864406 10.689462111049284 -0.05651672465836909 0.9983596779734022 -0.00909295282849564 -0.08756843362499073 0.017364212160516136 0.010089379474915528 0.9997982414285914 0.19942211059411402
1103 1114 0.9751295273903882 0.2200803538186186 0.026198291099600434 9.860630484544563 -0.22036556099741098 0.9753798122550056 0.008523347402475831 -0.9731763947014086 -0.0236775690556173 -0.014084724095302347 0.9996204172922378 -0.08041273071344993
1115 1126 0.9821729144378973 0.18790064818397703 0.005449233278513477 10.151056055128127 -0.1879274935387722 0.9821705738903999 0.004979974471908572 -1.1209485534580723 -0.00441648907127439 -0.005916011763526807 0.9999728177821173 0.08052066006553749
1127 1137 0.9979479847308753 0.06385903150154774 0.004681331002920813 9.929420982375227 -0.0637889830363216 0.9978701657761619 -0.013655969131945061 -0.3454885864864825 -0.005543712103491525 0.013329443760436878 0.999895719569385 0.07763035126347777
1138 1149 0.9999942315673485 -0.0011556805735137166 0.0033366454916592255 10.63432796359174 0.0012112614610825707 0.9998591917246226 -0.016683088726612803 -0.02829091462902497 -0.0033169103533799756 0.0166873577314529 0.9998552798234117 0.11919650918890846
1150 1161 0.9998062868289166 -0.019092427409760877 0.004745981357472764 10.096801888060908 0.019077797970957985 0.9998136247812783 0.003066102574274098 0.2016451502171662 -0.004804217944252993 -0.002975266486048547 0.9999840211131582 0.1187908419087327
1162 1176 0.9999714787471197 -0.00410599715283403 0.006359775577591806 10.579981729641775 0.004113546500622605 0.9999905773229018 -0.001137150803713465 0.09524884905176005 -0.006355118585647364 0.001162697336340966 0.9999790972186793 0.1554423273512799
1177 1198 0.7879976455096556 -0.6154921031871121 -0.015176552695395605 9.829248443747938 0.6154970871095545 0.7881235277248879 -0.004821538301409813 2.5331753645062682 0.014929500933789239 -0.005540725551901534 0.9998731961951303 0.24595956237378494
1199 1216 0.7529748553391303 -0.6580230603767168 0.0059552078624051435 9.433913976004568 0.6580305503189959 0.7529906127746159 0.0007844320251598344 5.031587499804941 -0.0050000574999901435 0.0033285890562994623 0.9999819504720266 0.033468673634395665
1217 1229 0.9951852005567787 -0.09798017870549694 -0.002112466192386172 10.299404343339043 0.0979400145604075 0.995087230452165 -0.014472856224494639 0.7972716094271699 0.003520614274476217 0.014196551289988047 0.9998929433891598 0.04947484481094509
1230 1240 0.999946320331923 -0.009076461364087633 0.004962324195628375 10.051014871725942 0.00909903226052564 0.999949137143037 -0.004373259959733962 0.07715602184897934 -0.004922078311349724 0.0044177834215073574 0.9999780600942709 0.043763290895646345
1241 1250 0.999804932996844 -0.019720811941421203 0.0004234964543397453 10.035144614709708 0.019720902005878033 0.9998047999518402 -0.00035774721418036924 0.1406533285783326 -0.000416262605003385 0.0003664427750849297 0.9999998876449038 0.0412713073759623
1251 1260 0.9999460200262883 -0.010153791151609191 0.0021448541919849282 10.900815054205664 0.010137129687862808 0.9999224486298587 0.007289240286123799 0.14724405384864334 -0.002219114701195876 -0.007267010977128649 0.9999711415319886 0.06017005251552389
1261 1269 0.9999619789705952 -0.008351453847611387 0.002368081556700638 9.992513049394567 0.008376268624012173 0.9999060963283238 -0.010866062992149211 0.032923612060150424 -0.002277513575294545 0.010885178946826704 0.999938272814351 0.029759393826415934
1270 1278 0.9999571213528122 -0.006494798044518473 0.006652110509786955 10.16784159820115 0.00656802387872256 0.9999180218591175 -0.010967348935978201 0.06154956796533171 -0.006580357205862184 0.011010530238925412 0.9999176897397853 0.06271013181618705
1279 1287 0.9999126258990446 0.012526039520595507 -0.004054094820064539 10.206467074906703 -0.01249211205311895 0.9998894116154861 0.00809267097488519 -0.009829453870026397 0.004154904509888355 -0.008041242063415636 0.999959044258124 0.15429450832386454
1288 1296 0.9999866957242919 -0.005212059023615827 0.0003672208896112094 10.257256078473777 0.005209667951726165 0.999972398478115 0.005206016174052683 0.07449549796396128 -0.0003936466904483902 -0.0052044036824485706 0.9999862839814271 0.08532836259512054
1297 1305 0.9995891241264719 -0.02670638099726856 0.010443298664429864 10.265251630195518 0.026599395421333043 0.9995942181587546 0.010247966365483748 0.20037480454681122 -0.010712771293454961 -0.009966060531195243 0.9998928926682349 0.06681471784696093
1306 1314 0.9995780234415296 -0.028446699598990693 0.005899273597824105 10.330067404249435 0.02851546157983348 0.9995221982590726 -0.01192941011642299 0.17717372863632316 -0.005557571429471146 0.01209250699348322 0.9999115178491188 0.08466327283063556
1315 1323 0.9996939447824992 -0.024745880545051918 0.00047593292325876196 10.332166674726384 0.024741785309514836 0.9996673150240241 0.007374753508174384 0.20530235984200718 -0.0006584178208726948 -0.00736049687645535 0.9999727523870259 0.11950178031239485
1324 1332 0.9997401860528038 -0.02266893578445947 0.002086465786958613 10.332290010658616 0.022675325699270665 0.9997388649495051 -0.002996410126007866 0.13505492581587344 -0.002018299636396882 0.003043078090263051 0.9999933656904291 0.10442218421027544
1333 1341 0.9980597699565704 -0.06170523724355599 0.008320543638039758 10.376035800672305 0.06171406298287738 0.9980932624661828 -0.0007527776715963993 0.36005759817411553 -0.008258038834879411 0.0012652902589435076 0.9999651332556524 0.08868831426589575
1342 1350 0.9976734314356376 -0.06782401494132452 0.006997358078723508 10.396235407225294 0.06790166758351518 0.997624329860603 -0.011617528892352328 0.3800784627449166 -0.006193265458370842 0.012065167182004509 0.9999080870344239 0.10312742472134655
1351 1359 0.9991954891578035 -0.03986052114549069 -0.004468749326856574 10.390015178046356 0.03982152859671488 0.9991705520295425 -0.00849969577855259 0.2553303566055391 0.00480386131091159 0.008315177212569134 0.9999538795612353 0.113736611938261
1360 1368 0.9996614967916935 -0.025702007029867285 0.004192300660664444 10.36792643829814 0.025625741095179295 0.9995188161110523 0.017469172595409293 0.2079466575257951 -0.004639883841927524 -0.017355047616023227 0.9998386501653578 0.09277287521410905
1369 1377 0.9998215898139685 -0.01829423011019787 0.004661781413292758 10.339574577867243 0.018282192584624945 0.9998294069158326 0.0028058980976165457 0.15227846187674032 -0.004712693161870989 -0.002719943306464965 0.9999852399482131 0.07598626266824532
1378 1386 0.9994561476499177 -0.032974757580793 -0.0003441046919671061 10.384863445517043 0.03296422640821287 0.9992949118857445 -0.017982686171993677 0.18885670707130645 0.0009366698175905403 0.017961026340935243 0.999838250746998 0.11574730892118845
1387 1395 0.9992258032836484 -0.038995386822189546 0.005241372295254987 10.381203695206251 0.038964724286669555 0.9992231717438456 0.005985831580356788 0.26070127225556744 -0.005470820123626709 -0.005777157097294519 0.9999682811964208 0.10348396208378607
1396 1404 0.998985045217453 -0.042696648129819645 -0.014411631186867337 10.35224256765352 0.042659499424988825 0.9990857116171283 -0.0028363802876146356 0.27280555419878344 0.014519499983939307 0.0022187197148522335 0.999892137946169 0.06799743593503943
1405 1413 0.9987321538662923 -0.04164887533012375 0.028262106132201675 10.347305612824933 0.041492899269857726 0.9991206659127949 0.00609428485606159 0.2777003681967894 -0.028490467591670655 -0.004913499652511033 0.9995819642718318 -0.12689956643752828
1414 1422 0.9994401389738791 -0.03336640139046509 -0.0023568066220458605 10.342842015963635 0.033334673311571944 0.9993693269990668 -0.012252003268687557 0.21143370154562988 0.00276418818961453 0.012166285126800921 0.9999222281895631 0.1237876958441931
1423 1431 0.9996914859656157 -0.02478829136428809 0.0017118255619711412 10.347828807484794 0.024802716020757645 0.9996544664415089 -0.008667141130032021 0.15686543090167543 -0.0014969515002030466 0.008706187697356253 0.9999610394071923 0.08601234105824396
1432 1440 0.9993286666925801 -0.036155851979563274 0.005793011357035498 10.37219753239183 0.036163263625087 0.9993452960896356 -0.0011446677428159481 0.2124339332163824 -0.00574727383140917 0.0013533225581588886 0.999982479433742 0.10561949830381627
1441 1449 0.9990959063261511 -0.04250962377899042 -0.0006372746831890124 10.324215244340825 0.04251392819550616 0.9989821632317647 0.015070321543018574 0.3026777039293934 -4.224088025649323e-06 -0.015083753135311519 0.9998862717193294 0.12756250420438645
1450 1458 0.9990073499329484 -0.04443188203112857 0.0029426401939149347 10.225177427946878 0.0444165628311765 0.9989997435832761 0.0051926099149321855 0.28682432465321206 -0.0031699699040093937 -0.005056341695121752 0.9999821684136477 0.07301535106366322
1459 1467 0.99916822053286 -0.040735893743334264 0.0018109753825037217 10.21515476657467 0.040747295630567504 0.9991480499371241 -0.006648506750651801 0.2490196324170633 -0.001538534123421817 0.006716923816516711 0.9999762685067446 0.10823597958724235
1468 1476 0.9993108960935813 -0.037118543986074205 0.0007068726060824183 10.156366470193378 0.03712238620525403 0.9992744712505945 -0.00852557407243761 0.2185327027139092 -0.0003899149717334103 0.008546059680682144 0.9999634149747602 0.16390129602126177
1477 1485 0.9993856994415473 -0.03480158608611165 0.004139202170868983 10.08095309557293 0.03483449133003222 0.9993590812521278 -0.00819238144327472 0.19996520169238247 -0.0038511743098981273 0.008331633001532258 0.9999578238097488 0.14474356942648378
1486 1494 0.9994883919730383 -0.03169670754884582 -0.00450043243737408 10.026333479683839 0.03172421416327216 0.9994770263578152 0.006325992073751777 0.22006922889867486 0.004296838111540791 -0.006465234736605629 0.9999700161830717 0.16615335569120696
1495 1504 0.9995645315236628 -0.02864043231977068 0.007143310586255033 11.184383203552958 0.02863272135875115 0.9995888418361647 0.001176987724369063 0.19631938059005627 -0.007173848602072744 -0.0009719422966599559 0.9999737647301771 0.09794467919333506
1505 1514 0.9991873400956782 -0.04027086946844817 0.0019649244033194224 11.092555670263753 0.04024328238152378 0.9991102041884856 0.012657435890402498 0.3004526014385059 -0.0024736647721327384 -0.012567729185522314 0.999918086933201 0.13963307148939993
1515 1524 0.9990415131799899 -0.043404874727250346 0.005797419101910537 11.03651738232912 0.043438741345092166 0.9990381834492787 -0.005979205956853732 0.26732463187330124 -0.005532921290829722 0.006225268679121947 0.9999653522689144 0.11990585220297069
1525 1534 0.9989026830851501 -0.04677758751289575 -0.0023869191594253244 11.032168490528862 0.046794208465959705 0.9988780287806369 0.007257747044100528 0.30975806707181514 0.002045391949587193 -0.007361858828222109 0.9999708009607486 0.13068848456107357
1535 1544 0.9989605481674754 -0.045462454176107274 0.003145593930741979 10.962322375892946 0.04547851982697395 0.998951180255384 -0.005352210432474136 0.29445038300361887 -0.0028979940170329433 0.0054897034772221935 0.9999806652609139 0.13018926414787593
1545 1554 0.9993573128569215 -0.035311258123451664 0.00615784465071151 10.874064444238428 0.035261524700333516 0.9993456436845736 0.008043958445103581 0.26120862206271755 -0.006437853096728888 -0.007821910866642471 0.9999486179601015 0.08935219722664059
1555 1564 0.999320866742311 -0.03676438149195334 0.0022768008680699127 10.83614338991203 0.036756584398841295 0.9993189477575859 0.0031096269276589907 0.2635484447599629 -0.0023898847606276595 -0.003023974938454253 0.9999925737908432 0.1546417737838741
1565 1574 0.9997416181253698 -0.022638239597520034 -0.0022594540057130695 10.851409248776905 0.022622416251311145 0.9997189648688247 -0.006968419080585744 0.16591968788112693 0.002416936229961943 0.006915929901767683 0.999973081065782 0.10554493405918346
1575 1584 0.999294155939616 -0.037469288961019385 0.0023398054165289107 10.968354286335293 0.03749013907751776 0.9992513603329626 -0.009576162281698292 0.2290439796272032 -0.0019790515385137947 0.009657978789443364 0.9999513406887414 0.0946251304073494
1585 1594 0.9989708219564128 -0.045140097801137535 0.004390467904072011 11.017348388460373 0.04514985663525965 0.9989769175573596 -0.002136748526802126 0.294596075718131 -0.004289014212266623 0.002332777244552145 0.9999879745924204 0.08631038748198663
1595 1604 0.9990041412287421 -0.044484022154639744 0.0034354083016058423 11.122322863388648 0.04443780287946715 0.9989331574824692 0.012574121156559575 0.32621562393877224 -0.003991723734471189 -0.012408525184443851 0.9999151256868575 0.07621480646264117
1605 1614 0.9998784626329204 -0.012865249564423274 0.00879529190085529 11.197890338149616 0.012683484237149666 0.9997120645631522 0.02036700192125491 0.1815489354582567 -0.009055349555047195 -0.02025253888333456 0.9997539420348545 0.09406290624248041
1615 1623 0.9999868521008539 -9.888941495979613e-05 -0.005218000770528395 10.048672033054139 -7.820394460192815e-05 0.9994155289554323 -0.03416762526979067 -0.004201876859144021 0.005218122893951143 0.034168015262692385 0.9994025312111824 0.15301107089801777
1624 1632 0.9999379697237311 0.005575142186194742 -0.009723593323124217 10.13096055407392 -0.005527567657770888 0.9999727452917667 0.004842275693244581 0.020513149965655435 0.009750703472060607 -0.0047884917792335386 0.9999409773913942 0.15538190713385358
1633 1641 0.9999802920678924 -0.001537291632395473 0.006093880291272206 10.209157238266421 0.0015227963212490728 0.9999952284070015 0.002540012700665531 0.05564316026694141 -0.006098460617343005 -0.0025310507326226535 0.9999782573248017 0.09213610928449799
1642 1650 0.9999778991087661 0.0009464750439342519 -0.006631018112375688 10.2735013613262 -0.0009317284822904913 0.9999971850132401 0.0021201371129317597 0.033424723236842736 0.006633330585829754 -0.002113062741475057 0.9999757090551522 0.12928874461682394
1651 1659 0.9999692076438763 0.0017060214658948275 0.007720605960524212 10.39106965320387 -0.0018231958317984575 0.9998823076359493 0.015214498050410644 0.0654812720026822 -0.007694300641230186 -0.015227664747770452 0.9998544461777354 0.041670134329489066
1660 1668 0.9999969332113099 -0.0012178489014663325 -0.002299162654887424 10.444566235586871 0.001205179397153792 0.999986940324247 -0.00503991367332178 0.05206856293224824 0.00230533924413577 0.005037456720033607 0.9999846742972529 0.09788076027103386
1669 1677 0.9999194542637884 -0.0008391756460483064 0.012696649138053118 10.526285710534404 0.0009379594517393689 0.9999695855531757 -0.007726964063505286 0.032247863555008256 -0.01269052398227815 0.007738167242703354 0.9998895590802679 0.024242555765903655
1678 1686 0.9999489268810454 -0.0025182028549005954 -0.009723034996120483 10.608079545445177 0.0024381678903634897 0.99996205426629 -0.008358830140222272 0.031111658667886646 0.009744066331883882 0.008334810067772374 0.9999177883622726 0.1818427513147008
1687 1695 0.9999721778120031 -0.0052871473927874535 0.005312997464072234 10.594481509304558 0.0052466992869125845 0.9999559120610803 0.0077997758190198815 0.08739139206138015 -0.005354975112306748 -0.007771012198969883 0.9999555797909965 0.07393632835879412
1696 1704 0.9999815541526825 -0.0029013666335579317 0.005251226762536977 10.429419059064239 0.002865155025891107 0.9999724513397525 0.006876475788902626 0.06375536560912502 -0.005270952178700779 -0.006860867600174083 0.9999625696828781 0.11458624978210241
1705 1713 0.999998845384161 -0.001289549956233796 -0.0010303444983411623 10.191164446319315 0.0012789329316768366 0.9999579472368677 -0.009079112915025667 0.04209300700456828 0.0010418058885341712 0.009078136368923694 0.9999582307857016 0.123436924894965
1714 1723 1.000000186173368 0.0003198459227840679 -0.0006830735447423064 11.198981029544722 -0.00032769909318430937 0.9999254387993981 -0.0121834034458047 0.03138270449734271 0.0006793987569766904 0.012183745880904769 0.9999255265253887 0.14445857807158582
1724 1733 0.9999602705252741 0.004981716517424874 0.0074255404509555945 10.577027874303278 -0.005097343041988188 0.9998650817851011 0.01560980743136178 0.044792676828364734 -0.0073474091407285435 -0.01564777212865784 0.9998506755904579 0.12988067641829415
1734 1744 0.9994862366709862 -0.03194310799542461 -0.002674228942927369 10.563421400881966 0.03189281990826652 0.999350930376359 -0.01678773855614198 0.11506649093955106 0.00320892479084306 0.01669454250122615 0.9998554074262348 0.20776082444294683
1745 1757 0.9619677495836172 -0.2731616102696923 0.00035972763575084575 10.53265684801879 0.2728193488850123 0.960827712949875 0.04878180178659623 1.397628965552426 -0.013670577684962321 -0.04682816536803378 0.9988094523469371 0.13915457371765388
1758 1772 0.8586602283193556 -0.5124189309051175 -0.011458048304627105 9.684876596254385 0.5125320103179795 0.8585879931422261 0.011726554090544303 2.9711411718342866 0.003829008255519965 -0.01594200713786363 0.9998655303696081 0.17176956288008838
1773 1805 0.9265366634372579 -0.3762023006646786 0.0009357547893382144 9.840434344887957 0.3761141055310011 0.9262592726343096 -0.024145079923662487 2.654220483515039 0.008217162066331338 0.022723459615962078 0.9997080184862271 0.23169990982630922
